{
  "polygons" : "true",
  "field" : "golden",
  "symmetry" : "icosahedral",
  "orientations" : [ [ 1.0, 0.0, 0.0, 0.0, 0.0, 1.0, 0.0, 0.0, 0.0, 0.0, 1.0, 0.0, 0.0, 0.0, 0.0, 1.0 ], [ 0.0, 0.0, 1.0, 0.0, 1.0, 0.0, 0.0, 0.0, 0.0, 1.0, 0.0, 0.0, 0.0, 0.0, 0.0, 1.0 ], [ 0.0, 1.0, 0.0, 0.0, 0.0, 0.0, 1.0, 0.0, 1.0, 0.0, 0.0, 0.0, 0.0, 0.0, 0.0, 1.0 ], [ 0.809017, 0.309017, 0.5, 0.0, 0.309017, 0.5, -0.809017, 0.0, -0.5, 0.809017, 0.309017, 0.0, 0.0, 0.0, 0.0, 1.0 ], [ -0.5, 0.809017, 0.309017, 0.0, 0.809017, 0.309017, 0.5, 0.0, 0.309017, 0.5, -0.809017, 0.0, 0.0, 0.0, 0.0, 1.0 ], [ 0.309017, 0.5, -0.809017, 0.0, -0.5, 0.809017, 0.309017, 0.0, 0.809017, 0.309017, 0.5, 0.0, 0.0, 0.0, 0.0, 1.0 ], [ 0.5, 0.809017, 0.309017, 0.0, 0.809017, -0.309017, -0.5, 0.0, -0.309017, 0.5, -0.809017, 0.0, 0.0, 0.0, 0.0, 1.0 ], [ -0.309017, 0.5, -0.809017, 0.0, 0.5, 0.809017, 0.309017, 0.0, 0.809017, -0.309017, -0.5, 0.0, 0.0, 0.0, 0.0, 1.0 ], [ 0.809017, -0.309017, -0.5, 0.0, -0.309017, 0.5, -0.809017, 0.0, 0.5, 0.809017, 0.309017, 0.0, 0.0, 0.0, 0.0, 1.0 ], [ 0.5, 0.809017, -0.309017, 0.0, 0.809017, -0.309017, 0.5, 0.0, 0.309017, -0.5, -0.809017, 0.0, 0.0, 0.0, 0.0, 1.0 ], [ 0.309017, -0.5, -0.809017, 0.0, 0.5, 0.809017, -0.309017, 0.0, 0.809017, -0.309017, 0.5, 0.0, 0.0, 0.0, 0.0, 1.0 ], [ 0.809017, -0.309017, 0.5, 0.0, 0.309017, -0.5, -0.809017, 0.0, 0.5, 0.809017, -0.309017, 0.0, 0.0, 0.0, 0.0, 1.0 ], [ 0.809017, 0.309017, -0.5, 0.0, 0.309017, 0.5, 0.809017, 0.0, 0.5, -0.809017, 0.309017, 0.0, 0.0, 0.0, 0.0, 1.0 ], [ 0.5, -0.809017, 0.309017, 0.0, 0.809017, 0.309017, -0.5, 0.0, 0.309017, 0.5, 0.809017, 0.0, 0.0, 0.0, 0.0, 1.0 ], [ 0.309017, 0.5, 0.809017, 0.0, 0.5, -0.809017, 0.309017, 0.0, 0.809017, 0.309017, -0.5, 0.0, 0.0, 0.0, 0.0, 1.0 ], [ 1.0, 0.0, 0.0, 0.0, 0.0, -1.0, 0.0, 0.0, 0.0, 0.0, -1.0, 0.0, 0.0, 0.0, 0.0, 1.0 ], [ 0.0, 0.0, 1.0, 0.0, -1.0, 0.0, 0.0, 0.0, 0.0, -1.0, 0.0, 0.0, 0.0, 0.0, 0.0, 1.0 ], [ 0.0, 1.0, 0.0, 0.0, 0.0, 0.0, -1.0, 0.0, -1.0, 0.0, 0.0, 0.0, 0.0, 0.0, 0.0, 1.0 ], [ 0.809017, 0.309017, 0.5, 0.0, -0.309017, -0.5, 0.809017, 0.0, 0.5, -0.809017, -0.309017, 0.0, 0.0, 0.0, 0.0, 1.0 ], [ -0.5, 0.809017, 0.309017, 0.0, -0.809017, -0.309017, -0.5, 0.0, -0.309017, -0.5, 0.809017, 0.0, 0.0, 0.0, 0.0, 1.0 ], [ 0.309017, 0.5, -0.809017, 0.0, 0.5, -0.809017, -0.309017, 0.0, -0.809017, -0.309017, -0.5, 0.0, 0.0, 0.0, 0.0, 1.0 ], [ 0.5, 0.809017, 0.309017, 0.0, -0.809017, 0.309017, 0.5, 0.0, 0.309017, -0.5, 0.809017, 0.0, 0.0, 0.0, 0.0, 1.0 ], [ -0.309017, 0.5, -0.809017, 0.0, -0.5, -0.809017, -0.309017, 0.0, -0.809017, 0.309017, 0.5, 0.0, 0.0, 0.0, 0.0, 1.0 ], [ 0.809017, -0.309017, -0.5, 0.0, 0.309017, -0.5, 0.809017, 0.0, -0.5, -0.809017, -0.309017, 0.0, 0.0, 0.0, 0.0, 1.0 ], [ 0.5, 0.809017, -0.309017, 0.0, -0.809017, 0.309017, -0.5, 0.0, -0.309017, 0.5, 0.809017, 0.0, 0.0, 0.0, 0.0, 1.0 ], [ 0.309017, -0.5, -0.809017, 0.0, -0.5, -0.809017, 0.309017, 0.0, -0.809017, 0.309017, -0.5, 0.0, 0.0, 0.0, 0.0, 1.0 ], [ 0.809017, -0.309017, 0.5, 0.0, -0.309017, 0.5, 0.809017, 0.0, -0.5, -0.809017, 0.309017, 0.0, 0.0, 0.0, 0.0, 1.0 ], [ 0.809017, 0.309017, -0.5, 0.0, -0.309017, -0.5, -0.809017, 0.0, -0.5, 0.809017, -0.309017, 0.0, 0.0, 0.0, 0.0, 1.0 ], [ 0.5, -0.809017, 0.309017, 0.0, -0.809017, -0.309017, 0.5, 0.0, -0.309017, -0.5, -0.809017, 0.0, 0.0, 0.0, 0.0, 1.0 ], [ 0.309017, 0.5, 0.809017, 0.0, -0.5, 0.809017, -0.309017, 0.0, -0.809017, -0.309017, 0.5, 0.0, 0.0, 0.0, 0.0, 1.0 ], [ -1.0, 0.0, 0.0, 0.0, 0.0, -1.0, 0.0, 0.0, 0.0, 0.0, 1.0, 0.0, 0.0, 0.0, 0.0, 1.0 ], [ 0.0, 0.0, -1.0, 0.0, -1.0, 0.0, 0.0, 0.0, 0.0, 1.0, 0.0, 0.0, 0.0, 0.0, 0.0, 1.0 ], [ 0.0, -1.0, 0.0, 0.0, 0.0, 0.0, -1.0, 0.0, 1.0, 0.0, 0.0, 0.0, 0.0, 0.0, 0.0, 1.0 ], [ -0.809017, -0.309017, -0.5, 0.0, -0.309017, -0.5, 0.809017, 0.0, -0.5, 0.809017, 0.309017, 0.0, 0.0, 0.0, 0.0, 1.0 ], [ 0.5, -0.809017, -0.309017, 0.0, -0.809017, -0.309017, -0.5, 0.0, 0.309017, 0.5, -0.809017, 0.0, 0.0, 0.0, 0.0, 1.0 ], [ -0.309017, -0.5, 0.809017, 0.0, 0.5, -0.809017, -0.309017, 0.0, 0.809017, 0.309017, 0.5, 0.0, 0.0, 0.0, 0.0, 1.0 ], [ -0.5, -0.809017, -0.309017, 0.0, -0.809017, 0.309017, 0.5, 0.0, -0.309017, 0.5, -0.809017, 0.0, 0.0, 0.0, 0.0, 1.0 ], [ 0.309017, -0.5, 0.809017, 0.0, -0.5, -0.809017, -0.309017, 0.0, 0.809017, -0.309017, -0.5, 0.0, 0.0, 0.0, 0.0, 1.0 ], [ -0.809017, 0.309017, 0.5, 0.0, 0.309017, -0.5, 0.809017, 0.0, 0.5, 0.809017, 0.309017, 0.0, 0.0, 0.0, 0.0, 1.0 ], [ -0.5, -0.809017, 0.309017, 0.0, -0.809017, 0.309017, -0.5, 0.0, 0.309017, -0.5, -0.809017, 0.0, 0.0, 0.0, 0.0, 1.0 ], [ -0.309017, 0.5, 0.809017, 0.0, -0.5, -0.809017, 0.309017, 0.0, 0.809017, -0.309017, 0.5, 0.0, 0.0, 0.0, 0.0, 1.0 ], [ -0.809017, 0.309017, -0.5, 0.0, -0.309017, 0.5, 0.809017, 0.0, 0.5, 0.809017, -0.309017, 0.0, 0.0, 0.0, 0.0, 1.0 ], [ -0.809017, -0.309017, 0.5, 0.0, -0.309017, -0.5, -0.809017, 0.0, 0.5, -0.809017, 0.309017, 0.0, 0.0, 0.0, 0.0, 1.0 ], [ -0.5, 0.809017, -0.309017, 0.0, -0.809017, -0.309017, 0.5, 0.0, 0.309017, 0.5, 0.809017, 0.0, 0.0, 0.0, 0.0, 1.0 ], [ -0.309017, -0.5, -0.809017, 0.0, -0.5, 0.809017, -0.309017, 0.0, 0.809017, 0.309017, -0.5, 0.0, 0.0, 0.0, 0.0, 1.0 ], [ -1.0, 0.0, 0.0, 0.0, 0.0, 1.0, 0.0, 0.0, 0.0, 0.0, -1.0, 0.0, 0.0, 0.0, 0.0, 1.0 ], [ 0.0, 0.0, -1.0, 0.0, 1.0, 0.0, 0.0, 0.0, 0.0, -1.0, 0.0, 0.0, 0.0, 0.0, 0.0, 1.0 ], [ 0.0, -1.0, 0.0, 0.0, 0.0, 0.0, 1.0, 0.0, -1.0, 0.0, 0.0, 0.0, 0.0, 0.0, 0.0, 1.0 ], [ -0.809017, -0.309017, -0.5, 0.0, 0.309017, 0.5, -0.809017, 0.0, 0.5, -0.809017, -0.309017, 0.0, 0.0, 0.0, 0.0, 1.0 ], [ 0.5, -0.809017, -0.309017, 0.0, 0.809017, 0.309017, 0.5, 0.0, -0.309017, -0.5, 0.809017, 0.0, 0.0, 0.0, 0.0, 1.0 ], [ -0.309017, -0.5, 0.809017, 0.0, -0.5, 0.809017, 0.309017, 0.0, -0.809017, -0.309017, -0.5, 0.0, 0.0, 0.0, 0.0, 1.0 ], [ -0.5, -0.809017, -0.309017, 0.0, 0.809017, -0.309017, -0.5, 0.0, 0.309017, -0.5, 0.809017, 0.0, 0.0, 0.0, 0.0, 1.0 ], [ 0.309017, -0.5, 0.809017, 0.0, 0.5, 0.809017, 0.309017, 0.0, -0.809017, 0.309017, 0.5, 0.0, 0.0, 0.0, 0.0, 1.0 ], [ -0.809017, 0.309017, 0.5, 0.0, -0.309017, 0.5, -0.809017, 0.0, -0.5, -0.809017, -0.309017, 0.0, 0.0, 0.0, 0.0, 1.0 ], [ -0.5, -0.809017, 0.309017, 0.0, 0.809017, -0.309017, 0.5, 0.0, -0.309017, 0.5, 0.809017, 0.0, 0.0, 0.0, 0.0, 1.0 ], [ -0.309017, 0.5, 0.809017, 0.0, 0.5, 0.809017, -0.309017, 0.0, -0.809017, 0.309017, -0.5, 0.0, 0.0, 0.0, 0.0, 1.0 ], [ -0.809017, 0.309017, -0.5, 0.0, 0.309017, -0.5, -0.809017, 0.0, -0.5, -0.809017, 0.309017, 0.0, 0.0, 0.0, 0.0, 1.0 ], [ -0.809017, -0.309017, 0.5, 0.0, 0.309017, 0.5, 0.809017, 0.0, -0.5, 0.809017, -0.309017, 0.0, 0.0, 0.0, 0.0, 1.0 ], [ -0.5, 0.809017, -0.309017, 0.0, 0.809017, 0.309017, -0.5, 0.0, -0.309017, -0.5, -0.809017, 0.0, 0.0, 0.0, 0.0, 1.0 ], [ -0.309017, -0.5, -0.809017, 0.0, 0.5, -0.809017, 0.309017, 0.0, -0.809017, -0.309017, 0.5, 0.0, 0.0, 0.0, 0.0, 1.0 ] ],
  "lights" : {
    "directionalLights" : [ {
      "direction" : [ 1.0, -1.0, -1.0 ],
      "color" : "#EBEBE4"
    }, {
      "direction" : [ -1.0, 0.0, 0.0 ],
      "color" : "#E4E4EB"
    }, {
      "direction" : [ 0.0, 0.0, -1.0 ],
      "color" : "#1E1E1E"
    } ],
    "ambientColor" : "#292929",
    "backgroundColor" : "#AFC8DC"
  },
  "camera" : {
    "width" : 141.01683,
    "position" : {
      "x" : 0.0,
      "y" : 119.9561,
      "z" : 74.13695
    },
    "nearClipDistance" : 1.4101692,
    "lookAtPoint" : {
      "x" : 0.0,
      "y" : 0.0,
      "z" : 0.0
    },
    "farClipDistance" : 564.0673,
    "lookDirection" : {
      "x" : 0.0,
      "y" : -0.8506508,
      "z" : -0.5257311
    },
    "upDirection" : {
      "x" : -0.809017,
      "y" : -0.309017,
      "z" : 0.5
    },
    "perspective" : false,
    "lookDirectionRV" : {
      "x" : 0.0,
      "y" : -0.8506508,
      "z" : -0.5257311,
      "zero" : false
    },
    "upDirectionRV" : {
      "x" : -0.809017,
      "y" : -0.309017,
      "z" : 0.5,
      "zero" : false
    },
    "viewDistance" : 141.01686,
    "fieldOfView" : 0.927295,
    "lookAtPointRV" : {
      "x" : 0.0,
      "y" : 0.0,
      "z" : 0.0,
      "zero" : true
    },
    "stereo" : false
  },
  "embedding" : [ 1.0, 0.0, 0.0, 0.0, 0.0, 1.0, 0.0, 0.0, 0.0, 0.0, 1.0, 0.0, 0.0, 0.0, 0.0, 1.0 ],
  "shapes" : [ {
    "id" : "d678cf50-bb07-4cf9-b44b-8a1497dbc09a",
    "name" : "ball",
    "vertices" : [ {
      "x" : 0.309017,
      "y" : -0.809017,
      "z" : 0.618034
    }, {
      "x" : 0.809017,
      "y" : -0.618034,
      "z" : 0.309017
    }, {
      "x" : 0.618034,
      "y" : -0.309017,
      "z" : 0.809017
    }, {
      "x" : 1.0,
      "y" : 0.309017,
      "z" : 0.19098301
    }, {
      "x" : 0.809017,
      "y" : 0.618034,
      "z" : 0.309017
    }, {
      "x" : 0.618034,
      "y" : 0.309017,
      "z" : 0.809017
    }, {
      "x" : 0.809017,
      "y" : 0.0,
      "z" : 0.690983
    }, {
      "x" : 0.19098301,
      "y" : -1.0,
      "z" : 0.309017
    }, {
      "x" : -0.19098301,
      "y" : -1.0,
      "z" : 0.309017
    }, {
      "x" : -0.19098301,
      "y" : -1.0,
      "z" : -0.309017
    }, {
      "x" : 0.19098301,
      "y" : -1.0,
      "z" : -0.309017
    }, {
      "x" : 1.0,
      "y" : -0.309017,
      "z" : -0.19098301
    }, {
      "x" : 0.809017,
      "y" : -0.618034,
      "z" : -0.309017
    }, {
      "x" : 0.618034,
      "y" : -0.309017,
      "z" : -0.809017
    }, {
      "x" : 0.809017,
      "y" : 0.0,
      "z" : -0.690983
    }, {
      "x" : 0.0,
      "y" : 0.690983,
      "z" : -0.809017
    }, {
      "x" : 0.309017,
      "y" : 0.809017,
      "z" : -0.618034
    }, {
      "x" : 0.618034,
      "y" : 0.309017,
      "z" : -0.809017
    }, {
      "x" : 0.309017,
      "y" : 0.19098301,
      "z" : -1.0
    }, {
      "x" : 1.0,
      "y" : 0.309017,
      "z" : -0.19098301
    }, {
      "x" : -0.309017,
      "y" : -0.809017,
      "z" : 0.618034
    }, {
      "x" : 0.0,
      "y" : -0.690983,
      "z" : 0.809017
    }, {
      "x" : 0.809017,
      "y" : 0.618034,
      "z" : -0.309017
    }, {
      "x" : 0.690983,
      "y" : 0.809017,
      "z" : 0.0
    }, {
      "x" : -0.690983,
      "y" : 0.809017,
      "z" : 0.0
    }, {
      "x" : -0.809017,
      "y" : 0.618034,
      "z" : 0.309017
    }, {
      "x" : -0.309017,
      "y" : 0.809017,
      "z" : 0.618034
    }, {
      "x" : -0.19098301,
      "y" : 1.0,
      "z" : 0.309017
    }, {
      "x" : 0.309017,
      "y" : -0.19098301,
      "z" : -1.0
    }, {
      "x" : 0.19098301,
      "y" : 1.0,
      "z" : 0.309017
    }, {
      "x" : 0.309017,
      "y" : 0.809017,
      "z" : 0.618034
    }, {
      "x" : -0.809017,
      "y" : -0.618034,
      "z" : 0.309017
    }, {
      "x" : -0.690983,
      "y" : -0.809017,
      "z" : 0.0
    }, {
      "x" : 0.0,
      "y" : 0.690983,
      "z" : 0.809017
    }, {
      "x" : 0.309017,
      "y" : -0.809017,
      "z" : -0.618034
    }, {
      "x" : 0.0,
      "y" : -0.690983,
      "z" : -0.809017
    }, {
      "x" : -1.0,
      "y" : 0.309017,
      "z" : 0.19098301
    }, {
      "x" : -0.809017,
      "y" : 0.0,
      "z" : 0.690983
    }, {
      "x" : -0.618034,
      "y" : 0.309017,
      "z" : 0.809017
    }, {
      "x" : 1.0,
      "y" : -0.309017,
      "z" : 0.19098301
    }, {
      "x" : -0.309017,
      "y" : -0.809017,
      "z" : -0.618034
    }, {
      "x" : -1.0,
      "y" : 0.309017,
      "z" : -0.19098301
    }, {
      "x" : -1.0,
      "y" : -0.309017,
      "z" : -0.19098301
    }, {
      "x" : -1.0,
      "y" : -0.309017,
      "z" : 0.19098301
    }, {
      "x" : 0.19098301,
      "y" : 1.0,
      "z" : -0.309017
    }, {
      "x" : -0.809017,
      "y" : 0.618034,
      "z" : -0.309017
    }, {
      "x" : -0.19098301,
      "y" : 1.0,
      "z" : -0.309017
    }, {
      "x" : -0.309017,
      "y" : 0.809017,
      "z" : -0.618034
    }, {
      "x" : -0.618034,
      "y" : -0.309017,
      "z" : 0.809017
    }, {
      "x" : 0.309017,
      "y" : 0.19098301,
      "z" : 1.0
    }, {
      "x" : -0.309017,
      "y" : 0.19098301,
      "z" : -1.0
    }, {
      "x" : -0.309017,
      "y" : 0.19098301,
      "z" : 1.0
    }, {
      "x" : -0.309017,
      "y" : -0.19098301,
      "z" : 1.0
    }, {
      "x" : 0.309017,
      "y" : -0.19098301,
      "z" : 1.0
    }, {
      "x" : 0.690983,
      "y" : -0.809017,
      "z" : 0.0
    }, {
      "x" : -0.809017,
      "y" : 0.0,
      "z" : -0.690983
    }, {
      "x" : -0.618034,
      "y" : -0.309017,
      "z" : -0.809017
    }, {
      "x" : -0.309017,
      "y" : -0.19098301,
      "z" : -1.0
    }, {
      "x" : -0.618034,
      "y" : 0.309017,
      "z" : -0.809017
    }, {
      "x" : -0.809017,
      "y" : -0.618034,
      "z" : -0.309017
    } ],
    "faces" : [ {
      "vertices" : [ 9, 40, 35, 34, 10 ]
    }, {
      "vertices" : [ 0, 1, 2 ]
    }, {
      "vertices" : [ 33, 51, 49 ]
    }, {
      "vertices" : [ 25, 36, 37, 38 ]
    }, {
      "vertices" : [ 41, 55, 42 ]
    }, {
      "vertices" : [ 9, 32, 59, 40 ]
    }, {
      "vertices" : [ 20, 21, 52, 48 ]
    }, {
      "vertices" : [ 26, 33, 30, 29, 27 ]
    }, {
      "vertices" : [ 3, 4, 5, 6 ]
    }, {
      "vertices" : [ 27, 29, 44, 46 ]
    }, {
      "vertices" : [ 50, 57, 56, 55, 58 ]
    }, {
      "vertices" : [ 26, 38, 51, 33 ]
    }, {
      "vertices" : [ 45, 47, 58 ]
    }, {
      "vertices" : [ 18, 28, 57, 50 ]
    }, {
      "vertices" : [ 40, 59, 56 ]
    }, {
      "vertices" : [ 31, 48, 37, 43 ]
    }, {
      "vertices" : [ 7, 8, 9, 10 ]
    }, {
      "vertices" : [ 36, 41, 42, 43 ]
    }, {
      "vertices" : [ 24, 46, 47, 45 ]
    }, {
      "vertices" : [ 4, 30, 5 ]
    }, {
      "vertices" : [ 15, 47, 46, 44, 16 ]
    }, {
      "vertices" : [ 15, 50, 58, 47 ]
    }, {
      "vertices" : [ 24, 45, 41, 36, 25 ]
    }, {
      "vertices" : [ 11, 14, 19 ]
    }, {
      "vertices" : [ 3, 6, 39 ]
    }, {
      "vertices" : [ 1, 39, 6, 2 ]
    }, {
      "vertices" : [ 8, 32, 9 ]
    }, {
      "vertices" : [ 11, 12, 13, 14 ]
    }, {
      "vertices" : [ 16, 22, 17 ]
    }, {
      "vertices" : [ 0, 21, 20, 8, 7 ]
    }, {
      "vertices" : [ 12, 34, 13 ]
    }, {
      "vertices" : [ 35, 40, 56, 57 ]
    }, {
      "vertices" : [ 0, 7, 54, 1 ]
    }, {
      "vertices" : [ 15, 16, 17, 18 ]
    }, {
      "vertices" : [ 3, 19, 22, 23, 4 ]
    }, {
      "vertices" : [ 7, 10, 54 ]
    }, {
      "vertices" : [ 41, 45, 58, 55 ]
    }, {
      "vertices" : [ 3, 39, 11, 19 ]
    }, {
      "vertices" : [ 14, 17, 22, 19 ]
    }, {
      "vertices" : [ 0, 2, 53, 21 ]
    }, {
      "vertices" : [ 49, 51, 52, 53 ]
    }, {
      "vertices" : [ 31, 43, 42, 59, 32 ]
    }, {
      "vertices" : [ 15, 18, 50 ]
    }, {
      "vertices" : [ 42, 55, 56, 59 ]
    }, {
      "vertices" : [ 4, 23, 29, 30 ]
    }, {
      "vertices" : [ 25, 38, 26 ]
    }, {
      "vertices" : [ 13, 28, 18, 17, 14 ]
    }, {
      "vertices" : [ 8, 20, 31, 32 ]
    }, {
      "vertices" : [ 23, 44, 29 ]
    }, {
      "vertices" : [ 24, 27, 46 ]
    }, {
      "vertices" : [ 37, 48, 52, 51, 38 ]
    }, {
      "vertices" : [ 20, 48, 31 ]
    }, {
      "vertices" : [ 24, 25, 26, 27 ]
    }, {
      "vertices" : [ 16, 44, 23, 22 ]
    }, {
      "vertices" : [ 13, 34, 35, 28 ]
    }, {
      "vertices" : [ 10, 34, 12, 54 ]
    }, {
      "vertices" : [ 2, 6, 5, 49, 53 ]
    }, {
      "vertices" : [ 36, 43, 37 ]
    }, {
      "vertices" : [ 5, 30, 33, 49 ]
    }, {
      "vertices" : [ 1, 54, 12, 11, 39 ]
    }, {
      "vertices" : [ 28, 35, 57 ]
    }, {
      "vertices" : [ 21, 53, 52 ]
    } ]
  }, {
    "id" : "24f2a282-cacc-45eb-853d-84a0d5bc5b77",
    "orbit" : "blue",
    "orbitC" : "[[0,0,1],[0,0,1]]",
    "length" : "[\"0\",\"1\",\"1\"]",
    "name" : "b2",
    "vertices" : [ {
      "x" : 12.708204,
      "y" : 0.309017,
      "z" : 0.19098301
    }, {
      "x" : 12.708204,
      "y" : 0.309017,
      "z" : -0.19098301
    }, {
      "x" : 1.0,
      "y" : 0.309017,
      "z" : -0.19098301
    }, {
      "x" : 1.0,
      "y" : 0.309017,
      "z" : 0.19098301
    }, {
      "x" : 12.708204,
      "y" : -0.309017,
      "z" : 0.19098301
    }, {
      "x" : 1.0,
      "y" : -0.309017,
      "z" : 0.19098301
    }, {
      "x" : 1.0,
      "y" : -0.309017,
      "z" : -0.19098301
    }, {
      "x" : 12.708204,
      "y" : -0.309017,
      "z" : -0.19098301
    }, {
      "x" : 13.708204,
      "y" : 0.0,
      "z" : 0.0
    } ],
    "faces" : [ {
      "vertices" : [ 1, 7, 6, 2 ]
    }, {
      "vertices" : [ 0, 1, 2, 3 ]
    }, {
      "vertices" : [ 4, 5, 6, 7 ]
    }, {
      "vertices" : [ 0, 3, 5, 4 ]
    } ]
  }, {
    "id" : "6e439dad-fc4e-4c36-b738-b1da8eff0954",
    "orbit" : "blue",
    "orbitC" : "[[0,0,1],[0,0,1]]",
    "length" : "[\"1\",\"2\",\"1\"]",
    "name" : " :1 +2*phi",
    "vertices" : [ {
      "x" : 34.888542,
      "y" : 0.309017,
      "z" : 0.19098301
    }, {
      "x" : 34.888542,
      "y" : 0.309017,
      "z" : -0.19098301
    }, {
      "x" : 1.0,
      "y" : 0.309017,
      "z" : -0.19098301
    }, {
      "x" : 1.0,
      "y" : 0.309017,
      "z" : 0.19098301
    }, {
      "x" : 34.888542,
      "y" : -0.309017,
      "z" : 0.19098301
    }, {
      "x" : 1.0,
      "y" : -0.309017,
      "z" : 0.19098301
    }, {
      "x" : 1.0,
      "y" : -0.309017,
      "z" : -0.19098301
    }, {
      "x" : 34.888542,
      "y" : -0.309017,
      "z" : -0.19098301
    }, {
      "x" : 35.888542,
      "y" : 0.0,
      "z" : 0.0
    } ],
    "faces" : [ {
      "vertices" : [ 1, 7, 6, 2 ]
    }, {
      "vertices" : [ 0, 1, 2, 3 ]
    }, {
      "vertices" : [ 4, 5, 6, 7 ]
    }, {
      "vertices" : [ 0, 3, 5, 4 ]
    } ]
  }, {
    "id" : "d5a769f9-4aa7-4163-8442-958ae7ba4ac8",
    "orbit" : "blue",
    "orbitC" : "[[0,0,1],[0,0,1]]",
    "length" : "[\"3\",\"4\",\"1\"]",
    "name" : " :3 +4*phi",
    "vertices" : [ {
      "x" : 79.24922,
      "y" : 0.309017,
      "z" : 0.19098301
    }, {
      "x" : 79.24922,
      "y" : 0.309017,
      "z" : -0.19098301
    }, {
      "x" : 1.0,
      "y" : 0.309017,
      "z" : -0.19098301
    }, {
      "x" : 1.0,
      "y" : 0.309017,
      "z" : 0.19098301
    }, {
      "x" : 79.24922,
      "y" : -0.309017,
      "z" : 0.19098301
    }, {
      "x" : 1.0,
      "y" : -0.309017,
      "z" : 0.19098301
    }, {
      "x" : 1.0,
      "y" : -0.309017,
      "z" : -0.19098301
    }, {
      "x" : 79.24922,
      "y" : -0.309017,
      "z" : -0.19098301
    }, {
      "x" : 80.24922,
      "y" : 0.0,
      "z" : 0.0
    } ],
    "faces" : [ {
      "vertices" : [ 1, 7, 6, 2 ]
    }, {
      "vertices" : [ 0, 1, 2, 3 ]
    }, {
      "vertices" : [ 4, 5, 6, 7 ]
    }, {
      "vertices" : [ 0, 3, 5, 4 ]
    } ]
  }, {
    "id" : "62d5c7ee-8bf9-404b-958f-be4867e17c2e",
    "orbit" : "yellow",
    "orbitC" : "[[0,0,1],[2,-1,1]]",
    "length" : "[\"2\",\"2\",\"1\"]",
    "name" : " :2 +2*phi",
    "vertices" : [ {
      "x" : 0.809017,
      "y" : 0.0,
      "z" : -0.690983
    }, {
      "x" : 1.0,
      "y" : 0.309017,
      "z" : -0.19098301
    }, {
      "x" : 17.135256,
      "y" : 0.309017,
      "z" : -6.354102
    }, {
      "x" : 16.944271,
      "y" : 0.0,
      "z" : -6.854102
    }, {
      "x" : 34.888542,
      "y" : 0.309017,
      "z" : -13.5172205
    }, {
      "x" : 1.0,
      "y" : -0.309017,
      "z" : -0.19098301
    }, {
      "x" : 17.135256,
      "y" : -0.309017,
      "z" : -6.354102
    }, {
      "x" : 18.753288,
      "y" : 0.309017,
      "z" : -7.354102
    }, {
      "x" : 18.944271,
      "y" : 0.0,
      "z" : -6.854102
    }, {
      "x" : 35.888542,
      "y" : 0.0,
      "z" : -13.708204
    }, {
      "x" : 18.753288,
      "y" : -0.309017,
      "z" : -7.354102
    }, {
      "x" : 35.079525,
      "y" : 0.0,
      "z" : -13.0172205
    }, {
      "x" : 34.888542,
      "y" : -0.309017,
      "z" : -13.5172205
    } ],
    "faces" : [ {
      "vertices" : [ 2, 6, 8 ]
    }, {
      "vertices" : [ 4, 12, 10, 7 ]
    }, {
      "vertices" : [ 2, 8, 7 ]
    }, {
      "vertices" : [ 3, 10, 6 ]
    }, {
      "vertices" : [ 3, 7, 10 ]
    }, {
      "vertices" : [ 0, 1, 2, 3 ]
    }, {
      "vertices" : [ 6, 10, 8 ]
    }, {
      "vertices" : [ 8, 10, 12, 11 ]
    }, {
      "vertices" : [ 2, 7, 3 ]
    }, {
      "vertices" : [ 0, 3, 6, 5 ]
    }, {
      "vertices" : [ 1, 5, 6, 2 ]
    }, {
      "vertices" : [ 4, 7, 8, 11 ]
    } ]
  }, {
    "id" : "628e4b32-fd34-4e65-8209-b60c8f9cfd7e",
    "orbit" : "blue",
    "orbitC" : "[[0,0,1],[0,0,1]]",
    "length" : "[\"2\",\"4\",\"1\"]",
    "name" : " :2 +4*phi",
    "vertices" : [ {
      "x" : 70.777084,
      "y" : 0.309017,
      "z" : 0.19098301
    }, {
      "x" : 70.777084,
      "y" : 0.309017,
      "z" : -0.19098301
    }, {
      "x" : 1.0,
      "y" : 0.309017,
      "z" : -0.19098301
    }, {
      "x" : 1.0,
      "y" : 0.309017,
      "z" : 0.19098301
    }, {
      "x" : 70.777084,
      "y" : -0.309017,
      "z" : 0.19098301
    }, {
      "x" : 1.0,
      "y" : -0.309017,
      "z" : 0.19098301
    }, {
      "x" : 1.0,
      "y" : -0.309017,
      "z" : -0.19098301
    }, {
      "x" : 70.777084,
      "y" : -0.309017,
      "z" : -0.19098301
    }, {
      "x" : 71.777084,
      "y" : 0.0,
      "z" : 0.0
    } ],
    "faces" : [ {
      "vertices" : [ 1, 7, 6, 2 ]
    }, {
      "vertices" : [ 0, 1, 2, 3 ]
    }, {
      "vertices" : [ 4, 5, 6, 7 ]
    }, {
      "vertices" : [ 0, 3, 5, 4 ]
    } ]
  }, {
    "id" : "ae9cb4d6-914d-40e6-a486-1ecdc51585d8",
    "orbit" : "blue",
    "orbitC" : "[[0,0,1],[0,0,1]]",
    "length" : "[\"2\",\"3\",\"1\"]",
    "name" : " :2 +3*phi",
    "vertices" : [ {
      "x" : 57.068882,
      "y" : 0.309017,
      "z" : 0.19098301
    }, {
      "x" : 57.068882,
      "y" : 0.309017,
      "z" : -0.19098301
    }, {
      "x" : 1.0,
      "y" : 0.309017,
      "z" : -0.19098301
    }, {
      "x" : 1.0,
      "y" : 0.309017,
      "z" : 0.19098301
    }, {
      "x" : 57.068882,
      "y" : -0.309017,
      "z" : 0.19098301
    }, {
      "x" : 1.0,
      "y" : -0.309017,
      "z" : 0.19098301
    }, {
      "x" : 1.0,
      "y" : -0.309017,
      "z" : -0.19098301
    }, {
      "x" : 57.068882,
      "y" : -0.309017,
      "z" : -0.19098301
    }, {
      "x" : 58.068882,
      "y" : 0.0,
      "z" : 0.0
    } ],
    "faces" : [ {
      "vertices" : [ 1, 7, 6, 2 ]
    }, {
      "vertices" : [ 0, 1, 2, 3 ]
    }, {
      "vertices" : [ 4, 5, 6, 7 ]
    }, {
      "vertices" : [ 0, 3, 5, 4 ]
    } ]
  } ],
  "instances" : [ {
    "shape" : "d678cf50-bb07-4cf9-b44b-8a1497dbc09a",
    "color" : "#F2F2F2",
    "position" : {
      "x" : -6.854102,
      "y" : -17.944271,
      "z" : 35.888542
    }
  }, {
    "shape" : "24f2a282-cacc-45eb-853d-84a0d5bc5b77",
    "color" : "#008EC2",
    "position" : {
      "x" : -40.12461,
      "y" : 0.0,
      "z" : 6.854102
    },
    "orientation" : 47
  }, {
    "shape" : "d678cf50-bb07-4cf9-b44b-8a1497dbc09a",
    "color" : "#F2F2F2",
    "position" : {
      "x" : 29.034441,
      "y" : 17.944271,
      "z" : -22.18034
    }
  }, {
    "shape" : "6e439dad-fc4e-4c36-b738-b1da8eff0954",
    "color" : "#008EC2",
    "position" : {
      "x" : -35.888542,
      "y" : 6.854102,
      "z" : -17.944271
    },
    "orientation" : 23
  }, {
    "shape" : "6e439dad-fc4e-4c36-b738-b1da8eff0954",
    "color" : "#008EC2",
    "position" : {
      "x" : -17.944271,
      "y" : -22.18034,
      "z" : 29.034441
    },
    "orientation" : 0
  }, {
    "shape" : "d5a769f9-4aa7-4163-8442-958ae7ba4ac8",
    "color" : "#008EC2",
    "position" : {
      "x" : 35.888542,
      "y" : -6.854102,
      "z" : 17.944271
    },
    "orientation" : 56
  }, {
    "shape" : "62d5c7ee-8bf9-404b-958f-be4867e17c2e",
    "color" : "#FFB31A",
    "position" : {
      "x" : 29.034441,
      "y" : -17.944271,
      "z" : 22.18034
    },
    "orientation" : 38
  }, {
    "shape" : "628e4b32-fd34-4e65-8209-b60c8f9cfd7e",
    "color" : "#008EC2",
    "position" : {
      "x" : 40.12461,
      "y" : 0.0,
      "z" : 6.854102
    },
    "orientation" : 56
  }, {
    "shape" : "d5a769f9-4aa7-4163-8442-958ae7ba4ac8",
    "color" : "#008EC2",
    "position" : {
      "x" : 17.944271,
      "y" : -22.18034,
      "z" : 29.034441
    },
    "orientation" : 55
  }, {
    "shape" : "24f2a282-cacc-45eb-853d-84a0d5bc5b77",
    "color" : "#008EC2",
    "position" : {
      "x" : -40.12461,
      "y" : 0.0,
      "z" : -6.854102
    },
    "orientation" : 52
  }, {
    "shape" : "d678cf50-bb07-4cf9-b44b-8a1497dbc09a",
    "color" : "#F2F2F2",
    "position" : {
      "x" : -35.888542,
      "y" : 6.854102,
      "z" : -17.944271
    }
  }, {
    "shape" : "ae9cb4d6-914d-40e6-a486-1ecdc51585d8",
    "color" : "#008EC2",
    "position" : {
      "x" : -6.854102,
      "y" : -17.944271,
      "z" : 35.888542
    },
    "orientation" : 23
  }, {
    "shape" : "ae9cb4d6-914d-40e6-a486-1ecdc51585d8",
    "color" : "#008EC2",
    "position" : {
      "x" : -40.12461,
      "y" : 0.0,
      "z" : 6.854102
    },
    "orientation" : 8
  }, {
    "shape" : "6e439dad-fc4e-4c36-b738-b1da8eff0954",
    "color" : "#008EC2",
    "position" : {
      "x" : -29.034441,
      "y" : 17.944271,
      "z" : -22.18034
    },
    "orientation" : 40
  }, {
    "shape" : "628e4b32-fd34-4e65-8209-b60c8f9cfd7e",
    "color" : "#008EC2",
    "position" : {
      "x" : 6.854102,
      "y" : -17.944271,
      "z" : 35.888542
    },
    "orientation" : 52
  }, {
    "shape" : "24f2a282-cacc-45eb-853d-84a0d5bc5b77",
    "color" : "#008EC2",
    "position" : {
      "x" : -6.854102,
      "y" : 17.944271,
      "z" : -35.888542
    },
    "orientation" : 0
  }, {
    "shape" : "ae9cb4d6-914d-40e6-a486-1ecdc51585d8",
    "color" : "#008EC2",
    "position" : {
      "x" : -17.944271,
      "y" : 22.18034,
      "z" : -29.034441
    },
    "orientation" : 40
  }, {
    "shape" : "d678cf50-bb07-4cf9-b44b-8a1497dbc09a",
    "color" : "#F2F2F2",
    "position" : {
      "x" : 40.12461,
      "y" : 0.0,
      "z" : -6.854102
    }
  }, {
    "shape" : "d678cf50-bb07-4cf9-b44b-8a1497dbc09a",
    "color" : "#F2F2F2",
    "position" : {
      "x" : -29.034441,
      "y" : -17.944271,
      "z" : 22.18034
    }
  }, {
    "shape" : "62d5c7ee-8bf9-404b-958f-be4867e17c2e",
    "color" : "#FFB31A",
    "position" : {
      "x" : 6.854102,
      "y" : -17.944271,
      "z" : 35.888542
    },
    "orientation" : 30
  }, {
    "shape" : "d678cf50-bb07-4cf9-b44b-8a1497dbc09a",
    "color" : "#F2F2F2",
    "position" : {
      "x" : -6.854102,
      "y" : 17.944271,
      "z" : -35.888542
    }
  }, {
    "shape" : "6e439dad-fc4e-4c36-b738-b1da8eff0954",
    "color" : "#008EC2",
    "position" : {
      "x" : 40.12461,
      "y" : 0.0,
      "z" : 6.854102
    },
    "orientation" : 55
  }, {
    "shape" : "24f2a282-cacc-45eb-853d-84a0d5bc5b77",
    "color" : "#008EC2",
    "position" : {
      "x" : 40.12461,
      "y" : 0.0,
      "z" : 6.854102
    },
    "orientation" : 40
  }, {
    "shape" : "62d5c7ee-8bf9-404b-958f-be4867e17c2e",
    "color" : "#FFB31A",
    "position" : {
      "x" : -40.12461,
      "y" : 0.0,
      "z" : -6.854102
    },
    "orientation" : 3
  }, {
    "shape" : "62d5c7ee-8bf9-404b-958f-be4867e17c2e",
    "color" : "#FFB31A",
    "position" : {
      "x" : -35.888542,
      "y" : -6.854102,
      "z" : 17.944271
    },
    "orientation" : 17
  }, {
    "shape" : "d5a769f9-4aa7-4163-8442-958ae7ba4ac8",
    "color" : "#008EC2",
    "position" : {
      "x" : 6.854102,
      "y" : 17.944271,
      "z" : -35.888542
    },
    "orientation" : 40
  }, {
    "shape" : "628e4b32-fd34-4e65-8209-b60c8f9cfd7e",
    "color" : "#008EC2",
    "position" : {
      "x" : -29.034441,
      "y" : 17.944271,
      "z" : -22.18034
    },
    "orientation" : 37
  }, {
    "shape" : "d678cf50-bb07-4cf9-b44b-8a1497dbc09a",
    "color" : "#F2F2F2",
    "position" : {
      "x" : 29.034441,
      "y" : -17.944271,
      "z" : 22.18034
    }
  }, {
    "shape" : "d678cf50-bb07-4cf9-b44b-8a1497dbc09a",
    "color" : "#F2F2F2",
    "position" : {
      "x" : -17.944271,
      "y" : 22.18034,
      "z" : -29.034441
    }
  }, {
    "shape" : "6e439dad-fc4e-4c36-b738-b1da8eff0954",
    "color" : "#008EC2",
    "position" : {
      "x" : -40.12461,
      "y" : 0.0,
      "z" : -6.854102
    },
    "orientation" : 37
  }, {
    "shape" : "d678cf50-bb07-4cf9-b44b-8a1497dbc09a",
    "color" : "#F2F2F2",
    "position" : {
      "x" : -17.944271,
      "y" : -22.18034,
      "z" : 29.034441
    }
  }, {
    "shape" : "24f2a282-cacc-45eb-853d-84a0d5bc5b77",
    "color" : "#008EC2",
    "position" : {
      "x" : -29.034441,
      "y" : 17.944271,
      "z" : -22.18034
    },
    "orientation" : 23
  }, {
    "shape" : "24f2a282-cacc-45eb-853d-84a0d5bc5b77",
    "color" : "#008EC2",
    "position" : {
      "x" : -35.888542,
      "y" : -6.854102,
      "z" : 17.944271
    },
    "orientation" : 55
  }, {
    "shape" : "62d5c7ee-8bf9-404b-958f-be4867e17c2e",
    "color" : "#FFB31A",
    "position" : {
      "x" : -17.944271,
      "y" : -22.18034,
      "z" : 29.034441
    },
    "orientation" : 54
  }, {
    "shape" : "628e4b32-fd34-4e65-8209-b60c8f9cfd7e",
    "color" : "#008EC2",
    "position" : {
      "x" : -35.888542,
      "y" : -6.854102,
      "z" : 17.944271
    },
    "orientation" : 0
  }, {
    "shape" : "62d5c7ee-8bf9-404b-958f-be4867e17c2e",
    "color" : "#FFB31A",
    "position" : {
      "x" : 17.944271,
      "y" : 22.18034,
      "z" : -29.034441
    },
    "orientation" : 5
  }, {
    "shape" : "6e439dad-fc4e-4c36-b738-b1da8eff0954",
    "color" : "#008EC2",
    "position" : {
      "x" : 29.034441,
      "y" : -17.944271,
      "z" : 22.18034
    },
    "orientation" : 52
  }, {
    "shape" : "6e439dad-fc4e-4c36-b738-b1da8eff0954",
    "color" : "#008EC2",
    "position" : {
      "x" : 35.888542,
      "y" : 6.854102,
      "z" : -17.944271
    },
    "orientation" : 56
  }, {
    "shape" : "24f2a282-cacc-45eb-853d-84a0d5bc5b77",
    "color" : "#008EC2",
    "position" : {
      "x" : -29.034441,
      "y" : -17.944271,
      "z" : 22.18034
    },
    "orientation" : 54
  }, {
    "shape" : "d5a769f9-4aa7-4163-8442-958ae7ba4ac8",
    "color" : "#008EC2",
    "position" : {
      "x" : 40.12461,
      "y" : 0.0,
      "z" : -6.854102
    },
    "orientation" : 45
  }, {
    "shape" : "6e439dad-fc4e-4c36-b738-b1da8eff0954",
    "color" : "#008EC2",
    "position" : {
      "x" : 6.854102,
      "y" : -17.944271,
      "z" : 35.888542
    },
    "orientation" : 23
  }, {
    "shape" : "24f2a282-cacc-45eb-853d-84a0d5bc5b77",
    "color" : "#008EC2",
    "position" : {
      "x" : 29.034441,
      "y" : 17.944271,
      "z" : -22.18034
    },
    "orientation" : 21
  }, {
    "shape" : "d5a769f9-4aa7-4163-8442-958ae7ba4ac8",
    "color" : "#008EC2",
    "position" : {
      "x" : -29.034441,
      "y" : -17.944271,
      "z" : 22.18034
    },
    "orientation" : 23
  }, {
    "shape" : "6e439dad-fc4e-4c36-b738-b1da8eff0954",
    "color" : "#008EC2",
    "position" : {
      "x" : -35.888542,
      "y" : -6.854102,
      "z" : 17.944271
    },
    "orientation" : 8
  }, {
    "shape" : "24f2a282-cacc-45eb-853d-84a0d5bc5b77",
    "color" : "#008EC2",
    "position" : {
      "x" : -17.944271,
      "y" : 22.18034,
      "z" : -29.034441
    },
    "orientation" : 26
  }, {
    "shape" : "d678cf50-bb07-4cf9-b44b-8a1497dbc09a",
    "color" : "#F2F2F2",
    "position" : {
      "x" : 6.854102,
      "y" : -17.944271,
      "z" : 35.888542
    }
  }, {
    "shape" : "24f2a282-cacc-45eb-853d-84a0d5bc5b77",
    "color" : "#008EC2",
    "position" : {
      "x" : -17.944271,
      "y" : -22.18034,
      "z" : 29.034441
    },
    "orientation" : 56
  }, {
    "shape" : "d5a769f9-4aa7-4163-8442-958ae7ba4ac8",
    "color" : "#008EC2",
    "position" : {
      "x" : -35.888542,
      "y" : -6.854102,
      "z" : 17.944271
    },
    "orientation" : 23
  }, {
    "shape" : "24f2a282-cacc-45eb-853d-84a0d5bc5b77",
    "color" : "#008EC2",
    "position" : {
      "x" : 6.854102,
      "y" : 17.944271,
      "z" : -35.888542
    },
    "orientation" : 11
  }, {
    "shape" : "d5a769f9-4aa7-4163-8442-958ae7ba4ac8",
    "color" : "#008EC2",
    "position" : {
      "x" : 40.12461,
      "y" : 0.0,
      "z" : 6.854102
    },
    "orientation" : 45
  }, {
    "shape" : "628e4b32-fd34-4e65-8209-b60c8f9cfd7e",
    "color" : "#008EC2",
    "position" : {
      "x" : -17.944271,
      "y" : -22.18034,
      "z" : 29.034441
    },
    "orientation" : 23
  }, {
    "shape" : "24f2a282-cacc-45eb-853d-84a0d5bc5b77",
    "color" : "#008EC2",
    "position" : {
      "x" : -6.854102,
      "y" : -17.944271,
      "z" : 35.888542
    },
    "orientation" : 53
  }, {
    "shape" : "24f2a282-cacc-45eb-853d-84a0d5bc5b77",
    "color" : "#008EC2",
    "position" : {
      "x" : -35.888542,
      "y" : 6.854102,
      "z" : -17.944271
    },
    "orientation" : 6
  }, {
    "shape" : "ae9cb4d6-914d-40e6-a486-1ecdc51585d8",
    "color" : "#008EC2",
    "position" : {
      "x" : 6.854102,
      "y" : 17.944271,
      "z" : -35.888542
    },
    "orientation" : 41
  }, {
    "shape" : "6e439dad-fc4e-4c36-b738-b1da8eff0954",
    "color" : "#008EC2",
    "position" : {
      "x" : -17.944271,
      "y" : 22.18034,
      "z" : -29.034441
    },
    "orientation" : 0
  }, {
    "shape" : "d678cf50-bb07-4cf9-b44b-8a1497dbc09a",
    "color" : "#F2F2F2",
    "position" : {
      "x" : 6.854102,
      "y" : 17.944271,
      "z" : -35.888542
    }
  }, {
    "shape" : "d678cf50-bb07-4cf9-b44b-8a1497dbc09a",
    "color" : "#F2F2F2",
    "position" : {
      "x" : 17.944271,
      "y" : 22.18034,
      "z" : -29.034441
    }
  }, {
    "shape" : "d678cf50-bb07-4cf9-b44b-8a1497dbc09a",
    "color" : "#F2F2F2",
    "position" : {
      "x" : 35.888542,
      "y" : -6.854102,
      "z" : 17.944271
    }
  }, {
    "shape" : "62d5c7ee-8bf9-404b-958f-be4867e17c2e",
    "color" : "#FFB31A",
    "position" : {
      "x" : 35.888542,
      "y" : 6.854102,
      "z" : -17.944271
    },
    "orientation" : 2
  }, {
    "shape" : "24f2a282-cacc-45eb-853d-84a0d5bc5b77",
    "color" : "#008EC2",
    "position" : {
      "x" : 29.034441,
      "y" : -17.944271,
      "z" : 22.18034
    },
    "orientation" : 41
  }, {
    "shape" : "24f2a282-cacc-45eb-853d-84a0d5bc5b77",
    "color" : "#008EC2",
    "position" : {
      "x" : 17.944271,
      "y" : 22.18034,
      "z" : -29.034441
    },
    "orientation" : 8
  }, {
    "shape" : "628e4b32-fd34-4e65-8209-b60c8f9cfd7e",
    "color" : "#008EC2",
    "position" : {
      "x" : 35.888542,
      "y" : 6.854102,
      "z" : -17.944271
    },
    "orientation" : 45
  }, {
    "shape" : "ae9cb4d6-914d-40e6-a486-1ecdc51585d8",
    "color" : "#008EC2",
    "position" : {
      "x" : -29.034441,
      "y" : 17.944271,
      "z" : -22.18034
    },
    "orientation" : 0
  }, {
    "shape" : "d678cf50-bb07-4cf9-b44b-8a1497dbc09a",
    "color" : "#F2F2F2",
    "position" : {
      "x" : 35.888542,
      "y" : 6.854102,
      "z" : -17.944271
    }
  }, {
    "shape" : "62d5c7ee-8bf9-404b-958f-be4867e17c2e",
    "color" : "#FFB31A",
    "position" : {
      "x" : -29.034441,
      "y" : 17.944271,
      "z" : -22.18034
    },
    "orientation" : 0
  }, {
    "shape" : "d678cf50-bb07-4cf9-b44b-8a1497dbc09a",
    "color" : "#F2F2F2",
    "position" : {
      "x" : 40.12461,
      "y" : 0.0,
      "z" : 6.854102
    }
  }, {
    "shape" : "628e4b32-fd34-4e65-8209-b60c8f9cfd7e",
    "color" : "#008EC2",
    "position" : {
      "x" : 29.034441,
      "y" : -17.944271,
      "z" : 22.18034
    },
    "orientation" : 55
  }, {
    "shape" : "d678cf50-bb07-4cf9-b44b-8a1497dbc09a",
    "color" : "#F2F2F2",
    "position" : {
      "x" : 17.944271,
      "y" : -22.18034,
      "z" : 29.034441
    }
  }, {
    "shape" : "ae9cb4d6-914d-40e6-a486-1ecdc51585d8",
    "color" : "#008EC2",
    "position" : {
      "x" : -29.034441,
      "y" : -17.944271,
      "z" : 22.18034
    },
    "orientation" : 0
  }, {
    "shape" : "d5a769f9-4aa7-4163-8442-958ae7ba4ac8",
    "color" : "#008EC2",
    "position" : {
      "x" : -35.888542,
      "y" : 6.854102,
      "z" : -17.944271
    },
    "orientation" : 8
  }, {
    "shape" : "ae9cb4d6-914d-40e6-a486-1ecdc51585d8",
    "color" : "#008EC2",
    "position" : {
      "x" : 40.12461,
      "y" : 0.0,
      "z" : -6.854102
    },
    "orientation" : 56
  }, {
    "shape" : "d678cf50-bb07-4cf9-b44b-8a1497dbc09a",
    "color" : "#F2F2F2",
    "position" : {
      "x" : -40.12461,
      "y" : 0.0,
      "z" : -6.854102
    }
  }, {
    "shape" : "24f2a282-cacc-45eb-853d-84a0d5bc5b77",
    "color" : "#008EC2",
    "position" : {
      "x" : 35.888542,
      "y" : -6.854102,
      "z" : 17.944271
    },
    "orientation" : 39
  }, {
    "shape" : "ae9cb4d6-914d-40e6-a486-1ecdc51585d8",
    "color" : "#008EC2",
    "position" : {
      "x" : -35.888542,
      "y" : 6.854102,
      "z" : -17.944271
    },
    "orientation" : 37
  }, {
    "shape" : "62d5c7ee-8bf9-404b-958f-be4867e17c2e",
    "color" : "#FFB31A",
    "position" : {
      "x" : -6.854102,
      "y" : 17.944271,
      "z" : -35.888542
    },
    "orientation" : 8
  }, {
    "shape" : "24f2a282-cacc-45eb-853d-84a0d5bc5b77",
    "color" : "#008EC2",
    "position" : {
      "x" : 35.888542,
      "y" : 6.854102,
      "z" : -17.944271
    },
    "orientation" : 37
  }, {
    "shape" : "24f2a282-cacc-45eb-853d-84a0d5bc5b77",
    "color" : "#008EC2",
    "position" : {
      "x" : 40.12461,
      "y" : 0.0,
      "z" : -6.854102
    },
    "orientation" : 2
  }, {
    "shape" : "d5a769f9-4aa7-4163-8442-958ae7ba4ac8",
    "color" : "#008EC2",
    "position" : {
      "x" : 6.854102,
      "y" : -17.944271,
      "z" : 35.888542
    },
    "orientation" : 55
  }, {
    "shape" : "628e4b32-fd34-4e65-8209-b60c8f9cfd7e",
    "color" : "#008EC2",
    "position" : {
      "x" : 17.944271,
      "y" : 22.18034,
      "z" : -29.034441
    },
    "orientation" : 41
  }, {
    "shape" : "d678cf50-bb07-4cf9-b44b-8a1497dbc09a",
    "color" : "#F2F2F2",
    "position" : {
      "x" : -40.12461,
      "y" : 0.0,
      "z" : 6.854102
    }
  }, {
    "shape" : "628e4b32-fd34-4e65-8209-b60c8f9cfd7e",
    "color" : "#008EC2",
    "position" : {
      "x" : -6.854102,
      "y" : 17.944271,
      "z" : -35.888542
    },
    "orientation" : 40
  }, {
    "shape" : "d678cf50-bb07-4cf9-b44b-8a1497dbc09a",
