{
  "polygons" : "true",
  "field" : "golden",
  "symmetry" : "icosahedral",
  "orientations" : [ [ 1.0, 0.0, 0.0, 0.0, 0.0, 1.0, 0.0, 0.0, 0.0, 0.0, 1.0, 0.0, 0.0, 0.0, 0.0, 1.0 ], [ 0.0, 0.0, 1.0, 0.0, 1.0, 0.0, 0.0, 0.0, 0.0, 1.0, 0.0, 0.0, 0.0, 0.0, 0.0, 1.0 ], [ 0.0, 1.0, 0.0, 0.0, 0.0, 0.0, 1.0, 0.0, 1.0, 0.0, 0.0, 0.0, 0.0, 0.0, 0.0, 1.0 ], [ 0.809017, 0.309017, 0.5, 0.0, 0.309017, 0.5, -0.809017, 0.0, -0.5, 0.809017, 0.309017, 0.0, 0.0, 0.0, 0.0, 1.0 ], [ -0.5, 0.809017, 0.309017, 0.0, 0.809017, 0.309017, 0.5, 0.0, 0.309017, 0.5, -0.809017, 0.0, 0.0, 0.0, 0.0, 1.0 ], [ 0.309017, 0.5, -0.809017, 0.0, -0.5, 0.809017, 0.309017, 0.0, 0.809017, 0.309017, 0.5, 0.0, 0.0, 0.0, 0.0, 1.0 ], [ 0.5, 0.809017, 0.309017, 0.0, 0.809017, -0.309017, -0.5, 0.0, -0.309017, 0.5, -0.809017, 0.0, 0.0, 0.0, 0.0, 1.0 ], [ -0.309017, 0.5, -0.809017, 0.0, 0.5, 0.809017, 0.309017, 0.0, 0.809017, -0.309017, -0.5, 0.0, 0.0, 0.0, 0.0, 1.0 ], [ 0.809017, -0.309017, -0.5, 0.0, -0.309017, 0.5, -0.809017, 0.0, 0.5, 0.809017, 0.309017, 0.0, 0.0, 0.0, 0.0, 1.0 ], [ 0.5, 0.809017, -0.309017, 0.0, 0.809017, -0.309017, 0.5, 0.0, 0.309017, -0.5, -0.809017, 0.0, 0.0, 0.0, 0.0, 1.0 ], [ 0.309017, -0.5, -0.809017, 0.0, 0.5, 0.809017, -0.309017, 0.0, 0.809017, -0.309017, 0.5, 0.0, 0.0, 0.0, 0.0, 1.0 ], [ 0.809017, -0.309017, 0.5, 0.0, 0.309017, -0.5, -0.809017, 0.0, 0.5, 0.809017, -0.309017, 0.0, 0.0, 0.0, 0.0, 1.0 ], [ 0.809017, 0.309017, -0.5, 0.0, 0.309017, 0.5, 0.809017, 0.0, 0.5, -0.809017, 0.309017, 0.0, 0.0, 0.0, 0.0, 1.0 ], [ 0.5, -0.809017, 0.309017, 0.0, 0.809017, 0.309017, -0.5, 0.0, 0.309017, 0.5, 0.809017, 0.0, 0.0, 0.0, 0.0, 1.0 ], [ 0.309017, 0.5, 0.809017, 0.0, 0.5, -0.809017, 0.309017, 0.0, 0.809017, 0.309017, -0.5, 0.0, 0.0, 0.0, 0.0, 1.0 ], [ 1.0, 0.0, 0.0, 0.0, 0.0, -1.0, 0.0, 0.0, 0.0, 0.0, -1.0, 0.0, 0.0, 0.0, 0.0, 1.0 ], [ 0.0, 0.0, 1.0, 0.0, -1.0, 0.0, 0.0, 0.0, 0.0, -1.0, 0.0, 0.0, 0.0, 0.0, 0.0, 1.0 ], [ 0.0, 1.0, 0.0, 0.0, 0.0, 0.0, -1.0, 0.0, -1.0, 0.0, 0.0, 0.0, 0.0, 0.0, 0.0, 1.0 ], [ 0.809017, 0.309017, 0.5, 0.0, -0.309017, -0.5, 0.809017, 0.0, 0.5, -0.809017, -0.309017, 0.0, 0.0, 0.0, 0.0, 1.0 ], [ -0.5, 0.809017, 0.309017, 0.0, -0.809017, -0.309017, -0.5, 0.0, -0.309017, -0.5, 0.809017, 0.0, 0.0, 0.0, 0.0, 1.0 ], [ 0.309017, 0.5, -0.809017, 0.0, 0.5, -0.809017, -0.309017, 0.0, -0.809017, -0.309017, -0.5, 0.0, 0.0, 0.0, 0.0, 1.0 ], [ 0.5, 0.809017, 0.309017, 0.0, -0.809017, 0.309017, 0.5, 0.0, 0.309017, -0.5, 0.809017, 0.0, 0.0, 0.0, 0.0, 1.0 ], [ -0.309017, 0.5, -0.809017, 0.0, -0.5, -0.809017, -0.309017, 0.0, -0.809017, 0.309017, 0.5, 0.0, 0.0, 0.0, 0.0, 1.0 ], [ 0.809017, -0.309017, -0.5, 0.0, 0.309017, -0.5, 0.809017, 0.0, -0.5, -0.809017, -0.309017, 0.0, 0.0, 0.0, 0.0, 1.0 ], [ 0.5, 0.809017, -0.309017, 0.0, -0.809017, 0.309017, -0.5, 0.0, -0.309017, 0.5, 0.809017, 0.0, 0.0, 0.0, 0.0, 1.0 ], [ 0.309017, -0.5, -0.809017, 0.0, -0.5, -0.809017, 0.309017, 0.0, -0.809017, 0.309017, -0.5, 0.0, 0.0, 0.0, 0.0, 1.0 ], [ 0.809017, -0.309017, 0.5, 0.0, -0.309017, 0.5, 0.809017, 0.0, -0.5, -0.809017, 0.309017, 0.0, 0.0, 0.0, 0.0, 1.0 ], [ 0.809017, 0.309017, -0.5, 0.0, -0.309017, -0.5, -0.809017, 0.0, -0.5, 0.809017, -0.309017, 0.0, 0.0, 0.0, 0.0, 1.0 ], [ 0.5, -0.809017, 0.309017, 0.0, -0.809017, -0.309017, 0.5, 0.0, -0.309017, -0.5, -0.809017, 0.0, 0.0, 0.0, 0.0, 1.0 ], [ 0.309017, 0.5, 0.809017, 0.0, -0.5, 0.809017, -0.309017, 0.0, -0.809017, -0.309017, 0.5, 0.0, 0.0, 0.0, 0.0, 1.0 ], [ -1.0, 0.0, 0.0, 0.0, 0.0, -1.0, 0.0, 0.0, 0.0, 0.0, 1.0, 0.0, 0.0, 0.0, 0.0, 1.0 ], [ 0.0, 0.0, -1.0, 0.0, -1.0, 0.0, 0.0, 0.0, 0.0, 1.0, 0.0, 0.0, 0.0, 0.0, 0.0, 1.0 ], [ 0.0, -1.0, 0.0, 0.0, 0.0, 0.0, -1.0, 0.0, 1.0, 0.0, 0.0, 0.0, 0.0, 0.0, 0.0, 1.0 ], [ -0.809017, -0.309017, -0.5, 0.0, -0.309017, -0.5, 0.809017, 0.0, -0.5, 0.809017, 0.309017, 0.0, 0.0, 0.0, 0.0, 1.0 ], [ 0.5, -0.809017, -0.309017, 0.0, -0.809017, -0.309017, -0.5, 0.0, 0.309017, 0.5, -0.809017, 0.0, 0.0, 0.0, 0.0, 1.0 ], [ -0.309017, -0.5, 0.809017, 0.0, 0.5, -0.809017, -0.309017, 0.0, 0.809017, 0.309017, 0.5, 0.0, 0.0, 0.0, 0.0, 1.0 ], [ -0.5, -0.809017, -0.309017, 0.0, -0.809017, 0.309017, 0.5, 0.0, -0.309017, 0.5, -0.809017, 0.0, 0.0, 0.0, 0.0, 1.0 ], [ 0.309017, -0.5, 0.809017, 0.0, -0.5, -0.809017, -0.309017, 0.0, 0.809017, -0.309017, -0.5, 0.0, 0.0, 0.0, 0.0, 1.0 ], [ -0.809017, 0.309017, 0.5, 0.0, 0.309017, -0.5, 0.809017, 0.0, 0.5, 0.809017, 0.309017, 0.0, 0.0, 0.0, 0.0, 1.0 ], [ -0.5, -0.809017, 0.309017, 0.0, -0.809017, 0.309017, -0.5, 0.0, 0.309017, -0.5, -0.809017, 0.0, 0.0, 0.0, 0.0, 1.0 ], [ -0.309017, 0.5, 0.809017, 0.0, -0.5, -0.809017, 0.309017, 0.0, 0.809017, -0.309017, 0.5, 0.0, 0.0, 0.0, 0.0, 1.0 ], [ -0.809017, 0.309017, -0.5, 0.0, -0.309017, 0.5, 0.809017, 0.0, 0.5, 0.809017, -0.309017, 0.0, 0.0, 0.0, 0.0, 1.0 ], [ -0.809017, -0.309017, 0.5, 0.0, -0.309017, -0.5, -0.809017, 0.0, 0.5, -0.809017, 0.309017, 0.0, 0.0, 0.0, 0.0, 1.0 ], [ -0.5, 0.809017, -0.309017, 0.0, -0.809017, -0.309017, 0.5, 0.0, 0.309017, 0.5, 0.809017, 0.0, 0.0, 0.0, 0.0, 1.0 ], [ -0.309017, -0.5, -0.809017, 0.0, -0.5, 0.809017, -0.309017, 0.0, 0.809017, 0.309017, -0.5, 0.0, 0.0, 0.0, 0.0, 1.0 ], [ -1.0, 0.0, 0.0, 0.0, 0.0, 1.0, 0.0, 0.0, 0.0, 0.0, -1.0, 0.0, 0.0, 0.0, 0.0, 1.0 ], [ 0.0, 0.0, -1.0, 0.0, 1.0, 0.0, 0.0, 0.0, 0.0, -1.0, 0.0, 0.0, 0.0, 0.0, 0.0, 1.0 ], [ 0.0, -1.0, 0.0, 0.0, 0.0, 0.0, 1.0, 0.0, -1.0, 0.0, 0.0, 0.0, 0.0, 0.0, 0.0, 1.0 ], [ -0.809017, -0.309017, -0.5, 0.0, 0.309017, 0.5, -0.809017, 0.0, 0.5, -0.809017, -0.309017, 0.0, 0.0, 0.0, 0.0, 1.0 ], [ 0.5, -0.809017, -0.309017, 0.0, 0.809017, 0.309017, 0.5, 0.0, -0.309017, -0.5, 0.809017, 0.0, 0.0, 0.0, 0.0, 1.0 ], [ -0.309017, -0.5, 0.809017, 0.0, -0.5, 0.809017, 0.309017, 0.0, -0.809017, -0.309017, -0.5, 0.0, 0.0, 0.0, 0.0, 1.0 ], [ -0.5, -0.809017, -0.309017, 0.0, 0.809017, -0.309017, -0.5, 0.0, 0.309017, -0.5, 0.809017, 0.0, 0.0, 0.0, 0.0, 1.0 ], [ 0.309017, -0.5, 0.809017, 0.0, 0.5, 0.809017, 0.309017, 0.0, -0.809017, 0.309017, 0.5, 0.0, 0.0, 0.0, 0.0, 1.0 ], [ -0.809017, 0.309017, 0.5, 0.0, -0.309017, 0.5, -0.809017, 0.0, -0.5, -0.809017, -0.309017, 0.0, 0.0, 0.0, 0.0, 1.0 ], [ -0.5, -0.809017, 0.309017, 0.0, 0.809017, -0.309017, 0.5, 0.0, -0.309017, 0.5, 0.809017, 0.0, 0.0, 0.0, 0.0, 1.0 ], [ -0.309017, 0.5, 0.809017, 0.0, 0.5, 0.809017, -0.309017, 0.0, -0.809017, 0.309017, -0.5, 0.0, 0.0, 0.0, 0.0, 1.0 ], [ -0.809017, 0.309017, -0.5, 0.0, 0.309017, -0.5, -0.809017, 0.0, -0.5, -0.809017, 0.309017, 0.0, 0.0, 0.0, 0.0, 1.0 ], [ -0.809017, -0.309017, 0.5, 0.0, 0.309017, 0.5, 0.809017, 0.0, -0.5, 0.809017, -0.309017, 0.0, 0.0, 0.0, 0.0, 1.0 ], [ -0.5, 0.809017, -0.309017, 0.0, 0.809017, 0.309017, -0.5, 0.0, -0.309017, -0.5, -0.809017, 0.0, 0.0, 0.0, 0.0, 1.0 ], [ -0.309017, -0.5, -0.809017, 0.0, 0.5, -0.809017, 0.309017, 0.0, -0.809017, -0.309017, 0.5, 0.0, 0.0, 0.0, 0.0, 1.0 ] ],
  "lights" : {
    "directionalLights" : [ {
      "direction" : [ 1.0, -1.0, -1.0 ],
      "color" : "#EBEBE4"
    }, {
      "direction" : [ -1.0, 0.0, 0.0 ],
      "color" : "#E4E4EB"
    }, {
      "direction" : [ 0.0, 0.0, -1.0 ],
      "color" : "#1E1E1E"
    } ],
    "ambientColor" : "#292929",
    "backgroundColor" : "#AFC8DC"
  },
  "camera" : {
    "position" : {
      "x" : 0.0,
      "y" : 0.0,
      "z" : 149.73685
    },
    "width" : 67.38157,
    "nearClipDistance" : 0.3743422,
    "perspective" : false,
    "fieldOfView" : 0.44262883,
    "farClipDistance" : 299.47354,
    "lookAtPoint" : {
      "x" : 0.0,
      "y" : 0.0,
      "z" : 0.0
    },
    "viewDistance" : 149.73685,
    "lookDirection" : {
      "x" : 0.0,
      "y" : 0.0,
      "z" : -1.0
    },
    "stereo" : false,
    "upDirection" : {
      "x" : 1.0,
      "y" : 0.0,
      "z" : 0.0
    }
  },
  "embedding" : [ 1.0, 0.0, 0.0, 0.0, 0.0, 1.0, 0.0, 0.0, 0.0, 0.0, 1.0, 0.0, 0.0, 0.0, 0.0, 1.0 ],
  "shapes" : [ {
    "id" : "ff5348c0-cc49-431f-a30a-2a7c29d7973e",
    "name" : "ball",
    "vertices" : [ {
      "x" : 0.309017,
      "y" : -0.809017,
      "z" : 0.618034
    }, {
      "x" : 0.809017,
      "y" : -0.618034,
      "z" : 0.309017
    }, {
      "x" : 0.618034,
      "y" : -0.309017,
      "z" : 0.809017
    }, {
      "x" : 1.0,
      "y" : 0.309017,
      "z" : 0.19098301
    }, {
      "x" : 0.809017,
      "y" : 0.618034,
      "z" : 0.309017
    }, {
      "x" : 0.618034,
      "y" : 0.309017,
      "z" : 0.809017
    }, {
      "x" : 0.809017,
      "y" : 0.0,
      "z" : 0.690983
    }, {
      "x" : 0.19098301,
      "y" : -1.0,
      "z" : 0.309017
    }, {
      "x" : -0.19098301,
      "y" : -1.0,
      "z" : 0.309017
    }, {
      "x" : -0.19098301,
      "y" : -1.0,
      "z" : -0.309017
    }, {
      "x" : 0.19098301,
      "y" : -1.0,
      "z" : -0.309017
    }, {
      "x" : 1.0,
      "y" : -0.309017,
      "z" : -0.19098301
    }, {
      "x" : 0.809017,
      "y" : -0.618034,
      "z" : -0.309017
    }, {
      "x" : 0.618034,
      "y" : -0.309017,
      "z" : -0.809017
    }, {
      "x" : 0.809017,
      "y" : 0.0,
      "z" : -0.690983
    }, {
      "x" : 0.0,
      "y" : 0.690983,
      "z" : -0.809017
    }, {
      "x" : 0.309017,
      "y" : 0.809017,
      "z" : -0.618034
    }, {
      "x" : 0.618034,
      "y" : 0.309017,
      "z" : -0.809017
    }, {
      "x" : 0.309017,
      "y" : 0.19098301,
      "z" : -1.0
    }, {
      "x" : 1.0,
      "y" : 0.309017,
      "z" : -0.19098301
    }, {
      "x" : -0.309017,
      "y" : -0.809017,
      "z" : 0.618034
    }, {
      "x" : 0.0,
      "y" : -0.690983,
      "z" : 0.809017
    }, {
      "x" : 0.809017,
      "y" : 0.618034,
      "z" : -0.309017
    }, {
      "x" : 0.690983,
      "y" : 0.809017,
      "z" : 0.0
    }, {
      "x" : -0.690983,
      "y" : 0.809017,
      "z" : 0.0
    }, {
      "x" : -0.809017,
      "y" : 0.618034,
      "z" : 0.309017
    }, {
      "x" : -0.309017,
      "y" : 0.809017,
      "z" : 0.618034
    }, {
      "x" : -0.19098301,
      "y" : 1.0,
      "z" : 0.309017
    }, {
      "x" : 0.309017,
      "y" : -0.19098301,
      "z" : -1.0
    }, {
      "x" : 0.19098301,
      "y" : 1.0,
      "z" : 0.309017
    }, {
      "x" : 0.309017,
      "y" : 0.809017,
      "z" : 0.618034
    }, {
      "x" : -0.809017,
      "y" : -0.618034,
      "z" : 0.309017
    }, {
      "x" : -0.690983,
      "y" : -0.809017,
      "z" : 0.0
    }, {
      "x" : 0.0,
      "y" : 0.690983,
      "z" : 0.809017
    }, {
      "x" : 0.309017,
      "y" : -0.809017,
      "z" : -0.618034
    }, {
      "x" : 0.0,
      "y" : -0.690983,
      "z" : -0.809017
    }, {
      "x" : -1.0,
      "y" : 0.309017,
      "z" : 0.19098301
    }, {
      "x" : -0.809017,
      "y" : 0.0,
      "z" : 0.690983
    }, {
      "x" : -0.618034,
      "y" : 0.309017,
      "z" : 0.809017
    }, {
      "x" : 1.0,
      "y" : -0.309017,
      "z" : 0.19098301
    }, {
      "x" : -0.309017,
      "y" : -0.809017,
      "z" : -0.618034
    }, {
      "x" : -1.0,
      "y" : 0.309017,
      "z" : -0.19098301
    }, {
      "x" : -1.0,
      "y" : -0.309017,
      "z" : -0.19098301
    }, {
      "x" : -1.0,
      "y" : -0.309017,
      "z" : 0.19098301
    }, {
      "x" : 0.19098301,
      "y" : 1.0,
      "z" : -0.309017
    }, {
      "x" : -0.809017,
      "y" : 0.618034,
      "z" : -0.309017
    }, {
      "x" : -0.19098301,
      "y" : 1.0,
      "z" : -0.309017
    }, {
      "x" : -0.309017,
      "y" : 0.809017,
      "z" : -0.618034
    }, {
      "x" : -0.618034,
      "y" : -0.309017,
      "z" : 0.809017
    }, {
      "x" : 0.309017,
      "y" : 0.19098301,
      "z" : 1.0
    }, {
      "x" : -0.309017,
      "y" : 0.19098301,
      "z" : -1.0
    }, {
      "x" : -0.309017,
      "y" : 0.19098301,
      "z" : 1.0
    }, {
      "x" : -0.309017,
      "y" : -0.19098301,
      "z" : 1.0
    }, {
      "x" : 0.309017,
      "y" : -0.19098301,
      "z" : 1.0
    }, {
      "x" : 0.690983,
      "y" : -0.809017,
      "z" : 0.0
    }, {
      "x" : -0.809017,
      "y" : 0.0,
      "z" : -0.690983
    }, {
      "x" : -0.618034,
      "y" : -0.309017,
      "z" : -0.809017
    }, {
      "x" : -0.309017,
      "y" : -0.19098301,
      "z" : -1.0
    }, {
      "x" : -0.618034,
      "y" : 0.309017,
      "z" : -0.809017
    }, {
      "x" : -0.809017,
      "y" : -0.618034,
      "z" : -0.309017
    } ],
    "faces" : [ {
      "vertices" : [ 9, 40, 35, 34, 10 ]
    }, {
      "vertices" : [ 0, 1, 2 ]
    }, {
      "vertices" : [ 33, 51, 49 ]
    }, {
      "vertices" : [ 25, 36, 37, 38 ]
    }, {
      "vertices" : [ 41, 55, 42 ]
    }, {
      "vertices" : [ 9, 32, 59, 40 ]
    }, {
      "vertices" : [ 20, 21, 52, 48 ]
    }, {
      "vertices" : [ 26, 33, 30, 29, 27 ]
    }, {
      "vertices" : [ 3, 4, 5, 6 ]
    }, {
      "vertices" : [ 27, 29, 44, 46 ]
    }, {
      "vertices" : [ 50, 57, 56, 55, 58 ]
    }, {
      "vertices" : [ 26, 38, 51, 33 ]
    }, {
      "vertices" : [ 45, 47, 58 ]
    }, {
      "vertices" : [ 18, 28, 57, 50 ]
    }, {
      "vertices" : [ 40, 59, 56 ]
    }, {
      "vertices" : [ 31, 48, 37, 43 ]
    }, {
      "vertices" : [ 7, 8, 9, 10 ]
    }, {
      "vertices" : [ 36, 41, 42, 43 ]
    }, {
      "vertices" : [ 24, 46, 47, 45 ]
    }, {
      "vertices" : [ 4, 30, 5 ]
    }, {
      "vertices" : [ 15, 47, 46, 44, 16 ]
    }, {
      "vertices" : [ 15, 50, 58, 47 ]
    }, {
      "vertices" : [ 24, 45, 41, 36, 25 ]
    }, {
      "vertices" : [ 11, 14, 19 ]
    }, {
      "vertices" : [ 3, 6, 39 ]
    }, {
      "vertices" : [ 1, 39, 6, 2 ]
    }, {
      "vertices" : [ 8, 32, 9 ]
    }, {
      "vertices" : [ 11, 12, 13, 14 ]
    }, {
      "vertices" : [ 16, 22, 17 ]
    }, {
      "vertices" : [ 0, 21, 20, 8, 7 ]
    }, {
      "vertices" : [ 12, 34, 13 ]
    }, {
      "vertices" : [ 35, 40, 56, 57 ]
    }, {
      "vertices" : [ 0, 7, 54, 1 ]
    }, {
      "vertices" : [ 15, 16, 17, 18 ]
    }, {
      "vertices" : [ 3, 19, 22, 23, 4 ]
    }, {
      "vertices" : [ 7, 10, 54 ]
    }, {
      "vertices" : [ 41, 45, 58, 55 ]
    }, {
      "vertices" : [ 3, 39, 11, 19 ]
    }, {
      "vertices" : [ 14, 17, 22, 19 ]
    }, {
      "vertices" : [ 0, 2, 53, 21 ]
    }, {
      "vertices" : [ 49, 51, 52, 53 ]
    }, {
      "vertices" : [ 31, 43, 42, 59, 32 ]
    }, {
      "vertices" : [ 15, 18, 50 ]
    }, {
      "vertices" : [ 42, 55, 56, 59 ]
    }, {
      "vertices" : [ 4, 23, 29, 30 ]
    }, {
      "vertices" : [ 25, 38, 26 ]
    }, {
      "vertices" : [ 13, 28, 18, 17, 14 ]
    }, {
      "vertices" : [ 8, 20, 31, 32 ]
    }, {
      "vertices" : [ 23, 44, 29 ]
    }, {
      "vertices" : [ 24, 27, 46 ]
    }, {
      "vertices" : [ 37, 48, 52, 51, 38 ]
    }, {
      "vertices" : [ 20, 48, 31 ]
    }, {
      "vertices" : [ 24, 25, 26, 27 ]
    }, {
      "vertices" : [ 16, 44, 23, 22 ]
    }, {
      "vertices" : [ 13, 34, 35, 28 ]
    }, {
      "vertices" : [ 10, 34, 12, 54 ]
    }, {
      "vertices" : [ 2, 6, 5, 49, 53 ]
    }, {
      "vertices" : [ 36, 43, 37 ]
    }, {
      "vertices" : [ 5, 30, 33, 49 ]
    }, {
      "vertices" : [ 1, 54, 12, 11, 39 ]
    }, {
      "vertices" : [ 28, 35, 57 ]
    }, {
      "vertices" : [ 21, 53, 52 ]
    } ]
  }, {
    "id" : "3261252a-bbaa-4d6c-a795-d055a88d5655",
    "orbit" : "0",
    "orbitC" : "[[2,-1,1],[-93,59,29]]",
    "length" : "[1,1,1]",
    "name" : "long",
    "vertices" : [ {
      "x" : 14.878528,
      "y" : 11.299828,
      "z" : -3.4453661
    }, {
      "x" : 14.978527,
      "y" : 11.399828,
      "z" : -3.045366
    }, {
      "x" : 0.4477106,
      "y" : 0.59935904,
      "z" : 0.018315077
    }, {
      "x" : 0.3477106,
      "y" : 0.499359,
      "z" : -0.38168493
    }, {
      "x" : 14.745194,
      "y" : 11.699828,
      "z" : -3.1786995
    }, {
      "x" : 14.645194,
      "y" : 11.599828,
      "z" : -3.5786994
    }, {
      "x" : 0.58104396,
      "y" : 0.19935903,
      "z" : -0.24835159
    }, {
      "x" : 0.6810439,
      "y" : 0.29935902,
      "z" : 0.15164842
    } ],
    "faces" : [ {
      "vertices" : [ 2, 3, 6, 7 ]
    }, {
      "vertices" : [ 0, 5, 4, 1 ]
    }, {
      "vertices" : [ 2, 4, 5, 3 ]
    }, {
      "vertices" : [ 0, 6, 3, 5 ]
    }, {
      "vertices" : [ 0, 1, 7, 6 ]
    }, {
      "vertices" : [ 1, 4, 2, 7 ]
    } ]
  }, {
    "id" : "3db8019d-902b-4fcd-93b4-72162686e176",
    "vertices" : [ {
      "x" : 0.0,
      "y" : 0.0,
      "z" : 0.0
    }, {
      "x" : -0.559017,
      "y" : 14.921729,
      "z" : -1.4635255
    }, {
      "x" : 1.7135255,
      "y" : -0.6545085,
      "z" : 4.486068
    } ],
    "faces" : [ {
      "vertices" : [ 0, 1, 2 ]
    }, {
      "vertices" : [ 0, 2, 1 ]
    } ]
  }, {
    "id" : "b0a5531d-4d46-4220-94ea-087d22bee88f",
    "orbit" : "green",
    "orbitC" : "[[2,-1,1],[5,-3,1]]",
    "length" : "[0,1,4]",
    "name" : " :1/4*phi",
    "vertices" : [ {
      "x" : 2.7725425,
      "y" : 0.868034,
      "z" : -0.5225425
    }, {
      "x" : 3.795085,
      "y" : 0.9045085,
      "z" : -0.6545085
    }, {
      "x" : 2.7725425,
      "y" : 0.868034,
      "z" : -0.14057648
    }, {
      "x" : 2.5815594,
      "y" : 1.177051,
      "z" : -0.6405765
    }, {
      "x" : 2.5815594,
      "y" : 1.177051,
      "z" : -0.25861046
    }, {
      "x" : 0.809017,
      "y" : 0.618034,
      "z" : 0.309017
    }, {
      "x" : 1.0,
      "y" : 0.309017,
      "z" : 0.19098301
    }, {
      "x" : 1.9045085,
      "y" : 0.5364745,
      "z" : -0.013932022
    }, {
      "x" : 3.486068,
      "y" : 1.4045085,
      "z" : -0.8454915
    }, {
      "x" : 3.677051,
      "y" : 1.0954915,
      "z" : -0.9635255
    }, {
      "x" : 3.677051,
      "y" : 1.0954915,
      "z" : -0.3454915
    }, {
      "x" : 3.486068,
      "y" : 1.4045085,
      "z" : -0.4635255
    }, {
      "x" : 1.7135255,
      "y" : 0.8454915,
      "z" : -0.13196601
    }, {
      "x" : 0.690983,
      "y" : 0.809017,
      "z" : 0.0
    }, {
      "x" : 1.9045085,
      "y" : 0.5364745,
      "z" : -0.39589804
    }, {
      "x" : 1.7135255,
      "y" : 0.8454915,
      "z" : -0.51393205
    }, {
      "x" : 0.809017,
      "y" : 0.618034,
      "z" : -0.309017
    }, {
      "x" : 1.0,
      "y" : 0.309017,
      "z" : -0.19098301
    }, {
      "x" : 4.486068,
      "y" : 1.7135255,
      "z" : -0.6545085
    } ],
    "faces" : [ {
      "vertices" : [ 0, 14, 15, 3 ]
    }, {
      "vertices" : [ 3, 15, 12, 4 ]
    }, {
      "vertices" : [ 0, 1, 2 ]
    }, {
      "vertices" : [ 12, 15, 13 ]
    }, {
      "vertices" : [ 0, 9, 1 ]
    }, {
      "vertices" : [ 0, 3, 9 ]
    }, {
      "vertices" : [ 13, 15, 16 ]
    }, {
      "vertices" : [ 6, 17, 14, 7 ]
    }, {
      "vertices" : [ 1, 10, 2 ]
    }, {
      "vertices" : [ 5, 6, 7 ]
    }, {
      "vertices" : [ 3, 8, 9 ]
    }, {
      "vertices" : [ 0, 2, 7, 14 ]
    }, {
      "vertices" : [ 5, 7, 12 ]
    }, {
      "vertices" : [ 2, 4, 12, 7 ]
    }, {
      "vertices" : [ 3, 4, 11, 8 ]
    }, {
      "vertices" : [ 2, 10, 11, 4 ]
    }, {
      "vertices" : [ 5, 12, 13 ]
    }, {
      "vertices" : [ 14, 17, 16, 15 ]
    } ]
  }, {
    "id" : "2783ee69-601f-433b-9952-9ae20ecd6e8b",
    "vertices" : [ {
      "x" : 0.0,
      "y" : 0.0,
      "z" : 0.0
    }, {
      "x" : 1.7135255,
      "y" : -0.6545085,
      "z" : 4.486068
    }, {
      "x" : 0.6545085,
      "y" : -4.486068,
      "z" : 1.7135255
    }, {
      "x" : -1.059017,
      "y" : -3.8315594,
      "z" : -2.7725425
    } ],
    "faces" : [ {
      "vertices" : [ 0, 1, 2, 3 ]
    }, {
      "vertices" : [ 0, 3, 2, 1 ]
    } ]
  }, {
    "id" : "1af1eb95-6932-4ac2-a1a6-024c071fda2e",
    "orbit" : "1",
    "orbitC" : "[[38,-21,41],[97,-59,41]]",
    "length" : "[1,1,1]",
    "name" : "long",
    "vertices" : [ {
      "x" : 8.002845,
      "y" : 11.547181,
      "z" : -3.0110028
    }, {
      "x" : 7.902845,
      "y" : 11.447181,
      "z" : -3.4110029
    }, {
      "x" : 0.46929124,
      "y" : 0.35200602,
      "z" : -0.4160481
    }, {
      "x" : 0.56929123,
      "y" : 0.452006,
      "z" : -0.01604811
    }, {
      "x" : 8.202845,
      "y" : 11.213847,
      "z" : -3.5443363
    }, {
      "x" : 8.302845,
      "y" : 11.313848,
      "z" : -3.1443362
    }, {
      "x" : 0.26929125,
      "y" : 0.68533933,
      "z" : 0.11728522
    }, {
      "x" : 0.16929124,
      "y" : 0.58533937,
      "z" : -0.28271478
    } ],
    "faces" : [ {
      "vertices" : [ 2, 3, 6, 7 ]
    }, {
      "vertices" : [ 0, 5, 4, 1 ]
    }, {
      "vertices" : [ 2, 4, 5, 3 ]
    }, {
      "vertices" : [ 0, 6, 3, 5 ]
    }, {
      "vertices" : [ 0, 1, 7, 6 ]
    }, {
      "vertices" : [ 1, 4, 2, 7 ]
    } ]
  }, {
    "id" : "dba60f07-54ca-44b0-b673-3082e58dc5dd",
    "vertices" : [ {
      "x" : 0.0,
      "y" : 0.0,
      "z" : 0.0
    }, {
      "x" : -3.677051,
      "y" : 13.303696,
      "z" : -9.626644
    }, {
      "x" : -3.0225425,
      "y" : 17.789762,
      "z" : -7.913119
    } ],
    "faces" : [ {
      "vertices" : [ 0, 1, 2 ]
    }, {
      "vertices" : [ 0, 2, 1 ]
    } ]
  }, {
    "id" : "7ed37a93-5e35-43c8-8d55-dad235fbe3e6",
    "vertices" : [ {
      "x" : 0.0,
      "y" : 0.0,
      "z" : 0.0
    }, {
      "x" : 2.927051,
      "y" : 20.062305,
      "z" : 7.663119
    }, {
      "x" : 3.986068,
      "y" : 16.230747,
      "z" : 10.435661
    } ],
    "faces" : [ {
      "vertices" : [ 0, 1, 2 ]
    }, {
      "vertices" : [ 0, 2, 1 ]
    } ]
  }, {
    "id" : "bf367bc1-74c6-473a-8da2-e230e1d0e7b1",
    "vertices" : [ {
      "x" : 0.0,
      "y" : 0.0,
      "z" : 0.0
    }, {
      "x" : 4.8905764,
      "y" : -6.104102,
      "z" : 12.803696
    }, {
      "x" : -1.059017,
      "y" : -3.8315594,
      "z" : -2.7725425
    } ],
    "faces" : [ {
      "vertices" : [ 0, 1, 2 ]
    }, {
      "vertices" : [ 0, 2, 1 ]
    } ]
  }, {
    "id" : "cb785cd6-87b5-4ccc-8745-2c014757d5f1",
    "vertices" : [ {
      "x" : 0.0,
      "y" : 0.0,
      "z" : 0.0
    }, {
      "x" : 4.736068,
      "y" : 17.135256,
      "z" : 12.399187
    }, {
      "x" : 1.7135255,
      "y" : -0.6545085,
      "z" : 4.486068
    } ],
    "faces" : [ {
      "vertices" : [ 0, 1, 2 ]
    }, {
      "vertices" : [ 0, 2, 1 ]
    } ]
  }, {
    "id" : "1a239aa1-b8e5-48a4-b344-aa424289a4f5",
    "vertices" : [ {
      "x" : 0.0,
      "y" : 0.0,
      "z" : 0.0
    }, {
      "x" : -1.059017,
      "y" : -3.8315594,
      "z" : -2.7725425
    }, {
      "x" : -1.7135255,
      "y" : 0.6545085,
      "z" : -4.486068
    }, {
      "x" : -0.6545085,
      "y" : 4.486068,
      "z" : -1.7135255
    } ],
    "faces" : [ {
      "vertices" : [ 0, 1, 2, 3 ]
    }, {
      "vertices" : [ 0, 3, 2, 1 ]
    } ]
  }, {
    "id" : "100dd9a8-58bb-4e58-abe8-4bdd1b8c3195",
    "vertices" : [ {
      "x" : 0.0,
      "y" : 0.0,
      "z" : 0.0
    }, {
      "x" : 0.6545085,
      "y" : -4.486068,
      "z" : 1.7135255
    }, {
      "x" : -4.236068,
      "y" : 1.618034,
      "z" : -11.09017
    } ],
    "faces" : [ {
      "vertices" : [ 0, 1, 2 ]
    }, {
      "vertices" : [ 0, 2, 1 ]
    } ]
  }, {
    "id" : "61ab565f-3a74-4b6a-a445-e33e492cb6d1",
    "vertices" : [ {
      "x" : 0.0,
      "y" : 0.0,
      "z" : 0.0
    }, {
      "x" : -0.6545085,
      "y" : 4.486068,
      "z" : -1.7135255
    }, {
      "x" : 1.059017,
      "y" : 3.8315594,
      "z" : 2.7725425
    }, {
      "x" : 1.7135255,
      "y" : -0.6545085,
      "z" : 4.486068
    } ],
    "faces" : [ {
      "vertices" : [ 0, 1, 2, 3 ]
    }, {
      "vertices" : [ 0, 3, 2, 1 ]
    } ]
  }, {
    "id" : "2d1610a6-2ea4-44c3-94c4-f8240768f374",
    "vertices" : [ {
      "x" : 0.0,
      "y" : 0.0,
      "z" : 0.0
    }, {
      "x" : -1.618034,
      "y" : 11.09017,
      "z" : -4.236068
    }, {
      "x" : -0.559017,
      "y" : 14.921729,
      "z" : -1.4635255
    } ],
    "faces" : [ {
      "vertices" : [ 0, 1, 2 ]
    }, {
      "vertices" : [ 0, 2, 1 ]
    } ]
  }, {
    "id" : "fa9711a6-b32d-4e5a-b580-dfa4a6320b9c",
    "vertices" : [ {
      "x" : 0.0,
      "y" : 0.0,
      "z" : 0.0
    }, {
      "x" : 3.677051,
      "y" : 13.303696,
      "z" : 9.626644
    }, {
      "x" : 4.3315597,
      "y" : 8.817628,
      "z" : 11.34017
    } ],
    "faces" : [ {
      "vertices" : [ 0, 1, 2 ]
    }, {
      "vertices" : [ 0, 2, 1 ]
    } ]
  }, {
    "id" : "63f1178d-9744-460c-b41a-3f7cac4c2025",
    "vertices" : [ {
      "x" : 0.0,
      "y" : 0.0,
      "z" : 0.0
    }, {
      "x" : 4.236068,
      "y" : -1.618034,
      "z" : 11.09017
    }, {
      "x" : 4.8905764,
      "y" : -6.104102,
      "z" : 12.803696
    } ],
    "faces" : [ {
      "vertices" : [ 0, 1, 2 ]
    }, {
      "vertices" : [ 0, 2, 1 ]
    } ]
  }, {
    "id" : "2ba757d2-a2ed-4377-bc0a-96374bb99141",
    "vertices" : [ {
      "x" : 0.0,
      "y" : 0.0,
      "z" : 0.0
    }, {
      "x" : -1.7135255,
      "y" : 0.6545085,
      "z" : -4.486068
    }, {
      "x" : 2.618034,
      "y" : 9.472136,
      "z" : 6.854102
    } ],
    "faces" : [ {
      "vertices" : [ 0, 1, 2 ]
    }, {
      "vertices" : [ 0, 2, 1 ]
    } ]
  }, {
    "id" : "10588f9d-26b4-42d6-9a02-e771df6cee78",
    "vertices" : [ {
      "x" : 0.0,
      "y" : 0.0,
      "z" : 0.0
    }, {
      "x" : -7.663119,
      "y" : 2.927051,
      "z" : -20.062305
    }, {
      "x" : -0.6545085,
      "y" : 4.486068,
      "z" : -1.7135255
    } ],
    "faces" : [ {
      "vertices" : [ 0, 1, 2 ]
    }, {
      "vertices" : [ 0, 2, 1 ]
    } ]
  } ],
  "instances" : [ {
    "shape" : "ff5348c0-cc49-431f-a30a-2a7c29d7973e",
    "color" : "#F2F2F2",
    "position" : {
      "x" : 4.236068,
      "y" : 4.236068,
      "z" : 4.236068
    }
  }, {
    "shape" : "ff5348c0-cc49-431f-a30a-2a7c29d7973e",
    "color" : "#F2F2F2",
    "position" : {
      "x" : -4.236068,
      "y" : 7.663119,
      "z" : -7.663119
    }
  }, {
    "shape" : "3261252a-bbaa-4d6c-a795-d055a88d5655",
    "color" : "#FFFFFF",
    "position" : {
      "x" : -7.663119,
      "y" : 11.09017,
      "z" : -7.663119
    },
    "orientation" : 2
  }, {
    "shape" : "ff5348c0-cc49-431f-a30a-2a7c29d7973e",
    "color" : "#F2F2F2",
    "position" : {
      "x" : -7.663119,
      "y" : -11.09017,
      "z" : 7.663119
    }
  }, {
    "shape" : "3db8019d-902b-4fcd-93b4-72162686e176",
    "color" : "#0000FF",
    "position" : {
      "x" : -4.236068,
      "y" : -4.236068,
      "z" : 4.236068
    },
    "orientation" : 5
  }, {
    "shape" : "b0a5531d-4d46-4220-94ea-087d22bee88f",
    "color" : "#FFFFFF",
    "position" : {
      "x" : -11.09017,
      "y" : -11.09017,
      "z" : 11.09017
    },
    "orientation" : 23
  }, {
    "shape" : "b0a5531d-4d46-4220-94ea-087d22bee88f",
    "color" : "#FFFFFF",
    "position" : {
      "x" : -11.09017,
      "y" : -11.09017,
      "z" : 11.09017
    },
    "orientation" : 6
  }, {
    "shape" : "ff5348c0-cc49-431f-a30a-2a7c29d7973e",
    "color" : "#F2F2F2",
    "position" : {
      "x" : 11.09017,
      "y" : 11.09017,
      "z" : 11.09017
    }
  }, {
    "shape" : "ff5348c0-cc49-431f-a30a-2a7c29d7973e",
    "color" : "#F2F2F2",
    "position" : {
      "x" : 4.236068,
      "y" : -7.663119,
      "z" : -7.663119
    }
  }, {
    "shape" : "b0a5531d-4d46-4220-94ea-087d22bee88f",
    "color" : "#FFFFFF",
    "position" : {
      "x" : 11.09017,
      "y" : -11.09017,
      "z" : -11.09017
    },
    "orientation" : 51
  }, {
    "shape" : "2783ee69-601f-433b-9952-9ae20ecd6e8b",
    "color" : "#0000FF",
    "position" : {
      "x" : -7.663119,
      "y" : 11.09017,
      "z" : -7.663119
    },
    "orientation" : 3
  }, {
    "shape" : "1af1eb95-6932-4ac2-a1a6-024c071fda2e",
    "color" : "#FFFFFF",
    "position" : {
      "x" : -4.236068,
      "y" : 7.663119,
      "z" : -7.663119
    },
    "orientation" : 15
  }, {
    "shape" : "b0a5531d-4d46-4220-94ea-087d22bee88f",
    "color" : "#FFFFFF",
    "position" : {
      "x" : 11.09017,
      "y" : -11.09017,
      "z" : -11.09017
    },
    "orientation" : 38
  }, {
    "shape" : "1af1eb95-6932-4ac2-a1a6-024c071fda2e",
    "color" : "#FFFFFF",
    "position" : {
      "x" : -7.663119,
      "y" : 4.236068,
      "z" : -7.663119
    },
    "orientation" : 31
  }, {
    "shape" : "ff5348c0-cc49-431f-a30a-2a7c29d7973e",
    "color" : "#F2F2F2",
    "position" : {
      "x" : 4.236068,
      "y" : -4.236068,
      "z" : -4.236068
    }
  }, {
    "shape" : "ff5348c0-cc49-431f-a30a-2a7c29d7973e",
    "color" : "#F2F2F2",
    "position" : {
      "x" : -7.663119,
      "y" : -4.236068,
      "z" : 7.663119
    }
  }, {
    "shape" : "ff5348c0-cc49-431f-a30a-2a7c29d7973e",
    "color" : "#F2F2F2",
    "position" : {
      "x" : -7.663119,
      "y" : 7.663119,
      "z" : -11.09017
    }
  }, {
    "shape" : "b0a5531d-4d46-4220-94ea-087d22bee88f",
    "color" : "#FFFFFF",
    "position" : {
      "x" : -11.09017,
      "y" : 11.09017,
      "z" : -11.09017
    },
    "orientation" : 21
  }, {
    "shape" : "3261252a-bbaa-4d6c-a795-d055a88d5655",
    "color" : "#FFFFFF",
    "position" : {
      "x" : -7.663119,
      "y" : 7.663119,
      "z" : -11.09017
    },
    "orientation" : 15
  }, {
    "shape" : "ff5348c0-cc49-431f-a30a-2a7c29d7973e",
    "color" : "#F2F2F2",
    "position" : {
      "x" : 7.663119,
      "y" : 11.09017,
      "z" : 7.663119
    }
  }, {
    "shape" : "3261252a-bbaa-4d6c-a795-d055a88d5655",
    "color" : "#FFFFFF",
    "position" : {
      "x" : 7.663119,
      "y" : 11.09017,
      "z" : 7.663119
    },
    "orientation" : 47
  }, {
    "shape" : "dba60f07-54ca-44b0-b673-3082e58dc5dd",
    "color" : "#0000FF",
    "position" : {
      "x" : -7.663119,
      "y" : -4.236068,
      "z" : 7.663119
    },
    "orientation" : 24
  }, {
    "shape" : "7ed37a93-5e35-43c8-8d55-dad235fbe3e6",
    "color" : "#0000FF",
    "position" : {
      "x" : -7.663119,
      "y" : -11.09017,
      "z" : 7.663119
    },
    "orientation" : 9
  }, {
    "shape" : "ff5348c0-cc49-431f-a30a-2a7c29d7973e",
    "color" : "#F2F2F2",
    "position" : {
      "x" : 7.663119,
      "y" : -11.09017,
      "z" : -7.663119
    }
  }, {
    "shape" : "b0a5531d-4d46-4220-94ea-087d22bee88f",
    "color" : "#FFFFFF",
    "position" : {
      "x" : 11.09017,
      "y" : 11.09017,
      "z" : 11.09017
    },
    "orientation" : 36
  }, {
    "shape" : "b0a5531d-4d46-4220-94ea-087d22bee88f",
    "color" : "#FFFFFF",
    "position" : {
      "x" : -11.09017,
      "y" : 11.09017,
      "z" : -11.09017
    },
    "orientation" : 8
  }, {
    "shape" : "ff5348c0-cc49-431f-a30a-2a7c29d7973e",
    "color" : "#F2F2F2",
    "position" : {
      "x" : -11.09017,
      "y" : -11.09017,
      "z" : 11.09017
    }
  }, {
    "shape" : "1af1eb95-6932-4ac2-a1a6-024c071fda2e",
    "color" : "#FFFFFF",
    "position" : {
      "x" : -7.663119,
      "y" : -4.236068,
      "z" : 7.663119
    },
    "orientation" : 46
  }, {
    "shape" : "ff5348c0-cc49-431f-a30a-2a7c29d7973e",
    "color" : "#F2F2F2",
    "position" : {
      "x" : -11.09017,
      "y" : 11.09017,
      "z" : -11.09017
    }
  }, {
    "shape" : "ff5348c0-cc49-431f-a30a-2a7c29d7973e",
    "color" : "#F2F2F2",
    "position" : {
      "x" : -7.663119,
      "y" : 4.236068,
      "z" : -7.663119
    }
  }, {
    "shape" : "bf367bc1-74c6-473a-8da2-e230e1d0e7b1",
    "color" : "#0000FF",
    "position" : {
      "x" : -4.236068,
      "y" : 4.236068,
      "z" : -4.236068
    },
    "orientation" : 3
  }, {
    "shape" : "ff5348c0-cc49-431f-a30a-2a7c29d7973e",
    "color" : "#F2F2F2",
    "position" : {
      "x" : 7.663119,
      "y" : 4.236068,
      "z" : 7.663119
    }
  }, {
    "shape" : "1af1eb95-6932-4ac2-a1a6-024c071fda2e",
    "color" : "#FFFFFF",
    "position" : {
      "x" : 4.236068,
      "y" : 7.663119,
      "z" : 7.663119
    },
    "orientation" : 30
  }, {
    "shape" : "cb785cd6-87b5-4ccc-8745-2c014757d5f1",
    "color" : "#0000FF",
    "position" : {
      "x" : -7.663119,
      "y" : 11.09017,
      "z" : -7.663119
    },
    "orientation" : 3
  }, {
    "shape" : "1af1eb95-6932-4ac2-a1a6-024c071fda2e",
    "color" : "#FFFFFF",
    "position" : {
      "x" : 4.236068,
      "y" : -7.663119,
      "z" : -7.663119
    },
    "orientation" : 45
  }, {
    "shape" : "1a239aa1-b8e5-48a4-b344-aa424289a4f5",
    "color" : "#0000FF",
    "position" : {
      "x" : 7.663119,
      "y" : -11.09017,
      "z" : -7.663119
    },
    "orientation" : 19
  }, {
    "shape" : "100dd9a8-58bb-4e58-abe8-4bdd1b8c3195",
    "color" : "#0000FF",
    "position" : {
      "x" : -4.236068,
      "y" : 4.236068,
      "z" : -4.236068
    },
    "orientation" : 4
  }, {
    "shape" : "dba60f07-54ca-44b0-b673-3082e58dc5dd",
    "color" : "#0000FF",
    "position" : {
      "x" : 7.663119,
      "y" : -4.236068,
      "z" : -7.663119
    },
    "orientation" : 39
  }, {
    "shape" : "3261252a-bbaa-4d6c-a795-d055a88d5655",
    "color" : "#FFFFFF",
    "position" : {
      "x" : -7.663119,
      "y" : -7.663119,
      "z" : 11.09017
    },
    "orientation" : 0
  }, {
    "shape" : "dba60f07-54ca-44b0-b673-3082e58dc5dd",
    "color" : "#0000FF",
    "position" : {
      "x" : -7.663119,
      "y" : 4.236068,
      "z" : -7.663119
    },
    "orientation" : 9
  }, {
    "shape" : "61ab565f-3a74-4b6a-a445-e33e492cb6d1",
    "color" : "#0000FF",
    "position" : {
      "x" : -7.663119,
      "y" : -11.09017,
      "z" : 7.663119
    },
    "orientation" : 5
  }, {
    "shape" : "1a239aa1-b8e5-48a4-b344-aa424289a4f5",
    "color" : "#0000FF",
    "position" : {
      "x" : 7.663119,
      "y" : 11.09017,
      "z" : 7.663119
    },
    "orientation" : 4
  }, {
    "shape" : "ff5348c0-cc49-431f-a30a-2a7c29d7973e",
    "color" : "#F2F2F2",
    "position" : {
      "x" : 7.663119,
      "y" : -7.663119,
      "z" : -11.09017
    }
  }, {
    "shape" : "ff5348c0-cc49-431f-a30a-2a7c29d7973e",
    "color" : "#F2F2F2",
    "position" : {
      "x" : 7.663119,
      "y" : 7.663119,
      "z" : 11.09017
    }
  }, {
    "shape" : "3261252a-bbaa-4d6c-a795-d055a88d5655",
    "color" : "#FFFFFF",
    "position" : {
      "x" : 7.663119,
      "y" : -7.663119,
      "z" : -11.09017
    },
    "orientation" : 45
  }, {
    "shape" : "ff5348c0-cc49-431f-a30a-2a7c29d7973e",
    "color" : "#F2F2F2",
    "position" : {
      "x" : -4.236068,
      "y" : -7.663119,
      "z" : 7.663119
    }
  }, {
    "shape" : "1af1eb95-6932-4ac2-a1a6-024c071fda2e",
    "color" : "#FFFFFF",
    "position" : {
      "x" : 7.663119,
      "y" : 4.236068,
      "z" : 7.663119
    },
    "orientation" : 16
  }, {
    "shape" : "dba60f07-54ca-44b0-b673-3082e58dc5dd",
    "color" : "#0000FF",
    "position" : {
      "x" : 7.663119,
      "y" : 4.236068,
      "z" : 7.663119
    },
    "orientation" : 54
  }, {
    "shape" : "2d1610a6-2ea4-44c3-94c4-f8240768f374",
    "color" : "#0000FF",
    "position" : {
      "x" : 4.236068,
      "y" : -4.236068,
      "z" : -4.236068
    },
    "orientation" : 3
  }, {
    "shape" : "ff5348c0-cc49-431f-a30a-2a7c29d7973e",
    "color" : "#F2F2F2",
    "position" : {
      "x" : -4.236068,
      "y" : -4.236068,
      "z" : 4.236068
    }
  }, {
    "shape" : "ff5348c0-cc49-431f-a30a-2a7c29d7973e",
    "color" : "#F2F2F2",
    "position" : {
      "x" : 11.09017,
      "y" : -11.09017,
      "z" : -11.09017
    }
  }, {
    "shape" : "ff5348c0-cc49-431f-a30a-2a7c29d7973e",
    "color" : "#F2F2F2",
    "position" : {
      "x" : 7.663119,
      "y" : -4.236068,
      "z" : -7.663119
    }
  }, {
    "shape" : "7ed37a93-5e35-43c8-8d55-dad235fbe3e6",
    "color" : "#0000FF",
    "position" : {
      "x" : -7.663119,
      "y" : 11.09017,
      "z" : -7.663119
    },
    "orientation" : 24
  }, {
    "shape" : "3261252a-bbaa-4d6c-a795-d055a88d5655",
    "color" : "#FFFFFF",
    "position" : {
      "x" : 7.663119,
      "y" : 7.663119,
      "z" : 11.09017
    },
    "orientation" : 30
  }, {
    "shape" : "fa9711a6-b32d-4e5a-b580-dfa4a6320b9c",
    "color" : "#0000FF",
    "position" : {
      "x" : -4.236068,
      "y" : 7.663119,
      "z" : -7.663119
    },
    "orientation" : 19
  }, {
    "shape" : "3261252a-bbaa-4d6c-a795-d055a88d5655",
    "color" : "#FFFFFF",
    "position" : {
      "x" : -7.663119,
      "y" : -11.09017,
      "z" : 7.663119
    },
    "orientation" : 17
  }, {
    "shape" : "ff5348c0-cc49-431f-a30a-2a7c29d7973e",
    "color" : "#F2F2F2",
    "position" : {
      "x" : -4.236068,
      "y" : 4.236068,
      "z" : -4.236068
    }
  }, {
    "shape" : "fa9711a6-b32d-4e5a-b580-dfa4a6320b9c",
    "color" : "#0000FF",
    "position" : {
      "x" : -4.236068,
      "y" : -7.663119,
      "z" : 7.663119
    },
    "orientation" : 4
  }, {
    "shape" : "1af1eb95-6932-4ac2-a1a6-024c071fda2e",
    "color" : "#FFFFFF",
    "position" : {
      "x" : 7.663119,
      "y" : -4.236068,
      "z" : -7.663119
    },
    "orientation" : 1
  }, {
    "shape" : "63f1178d-9744-460c-b41a-3f7cac4c2025",
    "color" : "#0000FF",
    "position" : {
      "x" : -4.236068,
      "y" : 4.236068,
      "z" : -4.236068
    },
    "orientation" : 19
  }, {
    "shape" : "ff5348c0-cc49-431f-a30a-2a7c29d7973e",
    "color" : "#F2F2F2",
    "position" : {
      "x" : -7.663119,
      "y" : -7.663119,
      "z" : 11.09017
    }
  }, {
    "shape" : "2ba757d2-a2ed-4377-bc0a-96374bb99141",
    "color" : "#0000FF",
    "position" : {
      "x" : 4.236068,
      "y" : -4.236068,
      "z" : -4.236068
    },
    "orientation" : 5
  }, {
    "shape" : "ff5348c0-cc49-431f-a30a-2a7c29d7973e",
    "color" : "#F2F2F2",
    "position" : {
      "x" : 4.236068,
      "y" : 7.663119,
      "z" : 7.663119
    }
  }, {
    "shape" : "b0a5531d-4d46-4220-94ea-087d22bee88f",
    "color" : "#FFFFFF",
    "position" : {
      "x" : 11.09017,
      "y" : 11.09017,
      "z" : 11.09017
    },
    "orientation" : 53
  }, {
    "shape" : "1af1eb95-6932-4ac2-a1a6-024c071fda2e",
    "color" : "#FFFFFF",
    "position" : {
      "x" : -4.236068,
      "y" : -7.663119,
      "z" : 7.663119
    },
    "orientation" : 0
  }, {
    "shape" : "10588f9d-26b4-42d6-9a02-e771df6cee78",
    "color" : "#0000FF",
    "position" : {
      "x" : -7.663119,
      "y" : -11.09017,
      "z" : 7.663119
    },
    "orientation" : 5
  }, {
    "shape" : "ff5348c0-cc49-431f-a30a-2a7c29d7973e",
    "color" : "#F2F2F2",
    "position" : {
      "x" : -7.663119,
      "y" : 11.09017,
      "z" : -7.663119
    }
  }, {
    "shape" : "3261252a-bbaa-4d6c-a795-d055a88d5655",
