{
  "polygons" : "true",
  "field" : "golden",
  "symmetry" : "icosahedral",
  "orientations" : [ [ 1.0, 0.0, 0.0, 0.0, 0.0, 1.0, 0.0, 0.0, 0.0, 0.0, 1.0, 0.0, 0.0, 0.0, 0.0, 1.0 ], [ 0.0, 0.0, 1.0, 0.0, 1.0, 0.0, 0.0, 0.0, 0.0, 1.0, 0.0, 0.0, 0.0, 0.0, 0.0, 1.0 ], [ 0.0, 1.0, 0.0, 0.0, 0.0, 0.0, 1.0, 0.0, 1.0, 0.0, 0.0, 0.0, 0.0, 0.0, 0.0, 1.0 ], [ 0.809017, 0.309017, 0.5, 0.0, 0.309017, 0.5, -0.809017, 0.0, -0.5, 0.809017, 0.309017, 0.0, 0.0, 0.0, 0.0, 1.0 ], [ -0.5, 0.809017, 0.309017, 0.0, 0.809017, 0.309017, 0.5, 0.0, 0.309017, 0.5, -0.809017, 0.0, 0.0, 0.0, 0.0, 1.0 ], [ 0.309017, 0.5, -0.809017, 0.0, -0.5, 0.809017, 0.309017, 0.0, 0.809017, 0.309017, 0.5, 0.0, 0.0, 0.0, 0.0, 1.0 ], [ 0.5, 0.809017, 0.309017, 0.0, 0.809017, -0.309017, -0.5, 0.0, -0.309017, 0.5, -0.809017, 0.0, 0.0, 0.0, 0.0, 1.0 ], [ -0.309017, 0.5, -0.809017, 0.0, 0.5, 0.809017, 0.309017, 0.0, 0.809017, -0.309017, -0.5, 0.0, 0.0, 0.0, 0.0, 1.0 ], [ 0.809017, -0.309017, -0.5, 0.0, -0.309017, 0.5, -0.809017, 0.0, 0.5, 0.809017, 0.309017, 0.0, 0.0, 0.0, 0.0, 1.0 ], [ 0.5, 0.809017, -0.309017, 0.0, 0.809017, -0.309017, 0.5, 0.0, 0.309017, -0.5, -0.809017, 0.0, 0.0, 0.0, 0.0, 1.0 ], [ 0.309017, -0.5, -0.809017, 0.0, 0.5, 0.809017, -0.309017, 0.0, 0.809017, -0.309017, 0.5, 0.0, 0.0, 0.0, 0.0, 1.0 ], [ 0.809017, -0.309017, 0.5, 0.0, 0.309017, -0.5, -0.809017, 0.0, 0.5, 0.809017, -0.309017, 0.0, 0.0, 0.0, 0.0, 1.0 ], [ 0.809017, 0.309017, -0.5, 0.0, 0.309017, 0.5, 0.809017, 0.0, 0.5, -0.809017, 0.309017, 0.0, 0.0, 0.0, 0.0, 1.0 ], [ 0.5, -0.809017, 0.309017, 0.0, 0.809017, 0.309017, -0.5, 0.0, 0.309017, 0.5, 0.809017, 0.0, 0.0, 0.0, 0.0, 1.0 ], [ 0.309017, 0.5, 0.809017, 0.0, 0.5, -0.809017, 0.309017, 0.0, 0.809017, 0.309017, -0.5, 0.0, 0.0, 0.0, 0.0, 1.0 ], [ 1.0, 0.0, 0.0, 0.0, 0.0, -1.0, 0.0, 0.0, 0.0, 0.0, -1.0, 0.0, 0.0, 0.0, 0.0, 1.0 ], [ 0.0, 0.0, 1.0, 0.0, -1.0, 0.0, 0.0, 0.0, 0.0, -1.0, 0.0, 0.0, 0.0, 0.0, 0.0, 1.0 ], [ 0.0, 1.0, 0.0, 0.0, 0.0, 0.0, -1.0, 0.0, -1.0, 0.0, 0.0, 0.0, 0.0, 0.0, 0.0, 1.0 ], [ 0.809017, 0.309017, 0.5, 0.0, -0.309017, -0.5, 0.809017, 0.0, 0.5, -0.809017, -0.309017, 0.0, 0.0, 0.0, 0.0, 1.0 ], [ -0.5, 0.809017, 0.309017, 0.0, -0.809017, -0.309017, -0.5, 0.0, -0.309017, -0.5, 0.809017, 0.0, 0.0, 0.0, 0.0, 1.0 ], [ 0.309017, 0.5, -0.809017, 0.0, 0.5, -0.809017, -0.309017, 0.0, -0.809017, -0.309017, -0.5, 0.0, 0.0, 0.0, 0.0, 1.0 ], [ 0.5, 0.809017, 0.309017, 0.0, -0.809017, 0.309017, 0.5, 0.0, 0.309017, -0.5, 0.809017, 0.0, 0.0, 0.0, 0.0, 1.0 ], [ -0.309017, 0.5, -0.809017, 0.0, -0.5, -0.809017, -0.309017, 0.0, -0.809017, 0.309017, 0.5, 0.0, 0.0, 0.0, 0.0, 1.0 ], [ 0.809017, -0.309017, -0.5, 0.0, 0.309017, -0.5, 0.809017, 0.0, -0.5, -0.809017, -0.309017, 0.0, 0.0, 0.0, 0.0, 1.0 ], [ 0.5, 0.809017, -0.309017, 0.0, -0.809017, 0.309017, -0.5, 0.0, -0.309017, 0.5, 0.809017, 0.0, 0.0, 0.0, 0.0, 1.0 ], [ 0.309017, -0.5, -0.809017, 0.0, -0.5, -0.809017, 0.309017, 0.0, -0.809017, 0.309017, -0.5, 0.0, 0.0, 0.0, 0.0, 1.0 ], [ 0.809017, -0.309017, 0.5, 0.0, -0.309017, 0.5, 0.809017, 0.0, -0.5, -0.809017, 0.309017, 0.0, 0.0, 0.0, 0.0, 1.0 ], [ 0.809017, 0.309017, -0.5, 0.0, -0.309017, -0.5, -0.809017, 0.0, -0.5, 0.809017, -0.309017, 0.0, 0.0, 0.0, 0.0, 1.0 ], [ 0.5, -0.809017, 0.309017, 0.0, -0.809017, -0.309017, 0.5, 0.0, -0.309017, -0.5, -0.809017, 0.0, 0.0, 0.0, 0.0, 1.0 ], [ 0.309017, 0.5, 0.809017, 0.0, -0.5, 0.809017, -0.309017, 0.0, -0.809017, -0.309017, 0.5, 0.0, 0.0, 0.0, 0.0, 1.0 ], [ -1.0, 0.0, 0.0, 0.0, 0.0, -1.0, 0.0, 0.0, 0.0, 0.0, 1.0, 0.0, 0.0, 0.0, 0.0, 1.0 ], [ 0.0, 0.0, -1.0, 0.0, -1.0, 0.0, 0.0, 0.0, 0.0, 1.0, 0.0, 0.0, 0.0, 0.0, 0.0, 1.0 ], [ 0.0, -1.0, 0.0, 0.0, 0.0, 0.0, -1.0, 0.0, 1.0, 0.0, 0.0, 0.0, 0.0, 0.0, 0.0, 1.0 ], [ -0.809017, -0.309017, -0.5, 0.0, -0.309017, -0.5, 0.809017, 0.0, -0.5, 0.809017, 0.309017, 0.0, 0.0, 0.0, 0.0, 1.0 ], [ 0.5, -0.809017, -0.309017, 0.0, -0.809017, -0.309017, -0.5, 0.0, 0.309017, 0.5, -0.809017, 0.0, 0.0, 0.0, 0.0, 1.0 ], [ -0.309017, -0.5, 0.809017, 0.0, 0.5, -0.809017, -0.309017, 0.0, 0.809017, 0.309017, 0.5, 0.0, 0.0, 0.0, 0.0, 1.0 ], [ -0.5, -0.809017, -0.309017, 0.0, -0.809017, 0.309017, 0.5, 0.0, -0.309017, 0.5, -0.809017, 0.0, 0.0, 0.0, 0.0, 1.0 ], [ 0.309017, -0.5, 0.809017, 0.0, -0.5, -0.809017, -0.309017, 0.0, 0.809017, -0.309017, -0.5, 0.0, 0.0, 0.0, 0.0, 1.0 ], [ -0.809017, 0.309017, 0.5, 0.0, 0.309017, -0.5, 0.809017, 0.0, 0.5, 0.809017, 0.309017, 0.0, 0.0, 0.0, 0.0, 1.0 ], [ -0.5, -0.809017, 0.309017, 0.0, -0.809017, 0.309017, -0.5, 0.0, 0.309017, -0.5, -0.809017, 0.0, 0.0, 0.0, 0.0, 1.0 ], [ -0.309017, 0.5, 0.809017, 0.0, -0.5, -0.809017, 0.309017, 0.0, 0.809017, -0.309017, 0.5, 0.0, 0.0, 0.0, 0.0, 1.0 ], [ -0.809017, 0.309017, -0.5, 0.0, -0.309017, 0.5, 0.809017, 0.0, 0.5, 0.809017, -0.309017, 0.0, 0.0, 0.0, 0.0, 1.0 ], [ -0.809017, -0.309017, 0.5, 0.0, -0.309017, -0.5, -0.809017, 0.0, 0.5, -0.809017, 0.309017, 0.0, 0.0, 0.0, 0.0, 1.0 ], [ -0.5, 0.809017, -0.309017, 0.0, -0.809017, -0.309017, 0.5, 0.0, 0.309017, 0.5, 0.809017, 0.0, 0.0, 0.0, 0.0, 1.0 ], [ -0.309017, -0.5, -0.809017, 0.0, -0.5, 0.809017, -0.309017, 0.0, 0.809017, 0.309017, -0.5, 0.0, 0.0, 0.0, 0.0, 1.0 ], [ -1.0, 0.0, 0.0, 0.0, 0.0, 1.0, 0.0, 0.0, 0.0, 0.0, -1.0, 0.0, 0.0, 0.0, 0.0, 1.0 ], [ 0.0, 0.0, -1.0, 0.0, 1.0, 0.0, 0.0, 0.0, 0.0, -1.0, 0.0, 0.0, 0.0, 0.0, 0.0, 1.0 ], [ 0.0, -1.0, 0.0, 0.0, 0.0, 0.0, 1.0, 0.0, -1.0, 0.0, 0.0, 0.0, 0.0, 0.0, 0.0, 1.0 ], [ -0.809017, -0.309017, -0.5, 0.0, 0.309017, 0.5, -0.809017, 0.0, 0.5, -0.809017, -0.309017, 0.0, 0.0, 0.0, 0.0, 1.0 ], [ 0.5, -0.809017, -0.309017, 0.0, 0.809017, 0.309017, 0.5, 0.0, -0.309017, -0.5, 0.809017, 0.0, 0.0, 0.0, 0.0, 1.0 ], [ -0.309017, -0.5, 0.809017, 0.0, -0.5, 0.809017, 0.309017, 0.0, -0.809017, -0.309017, -0.5, 0.0, 0.0, 0.0, 0.0, 1.0 ], [ -0.5, -0.809017, -0.309017, 0.0, 0.809017, -0.309017, -0.5, 0.0, 0.309017, -0.5, 0.809017, 0.0, 0.0, 0.0, 0.0, 1.0 ], [ 0.309017, -0.5, 0.809017, 0.0, 0.5, 0.809017, 0.309017, 0.0, -0.809017, 0.309017, 0.5, 0.0, 0.0, 0.0, 0.0, 1.0 ], [ -0.809017, 0.309017, 0.5, 0.0, -0.309017, 0.5, -0.809017, 0.0, -0.5, -0.809017, -0.309017, 0.0, 0.0, 0.0, 0.0, 1.0 ], [ -0.5, -0.809017, 0.309017, 0.0, 0.809017, -0.309017, 0.5, 0.0, -0.309017, 0.5, 0.809017, 0.0, 0.0, 0.0, 0.0, 1.0 ], [ -0.309017, 0.5, 0.809017, 0.0, 0.5, 0.809017, -0.309017, 0.0, -0.809017, 0.309017, -0.5, 0.0, 0.0, 0.0, 0.0, 1.0 ], [ -0.809017, 0.309017, -0.5, 0.0, 0.309017, -0.5, -0.809017, 0.0, -0.5, -0.809017, 0.309017, 0.0, 0.0, 0.0, 0.0, 1.0 ], [ -0.809017, -0.309017, 0.5, 0.0, 0.309017, 0.5, 0.809017, 0.0, -0.5, 0.809017, -0.309017, 0.0, 0.0, 0.0, 0.0, 1.0 ], [ -0.5, 0.809017, -0.309017, 0.0, 0.809017, 0.309017, -0.5, 0.0, -0.309017, -0.5, -0.809017, 0.0, 0.0, 0.0, 0.0, 1.0 ], [ -0.309017, -0.5, -0.809017, 0.0, 0.5, -0.809017, 0.309017, 0.0, -0.809017, -0.309017, 0.5, 0.0, 0.0, 0.0, 0.0, 1.0 ] ],
  "lights" : {
    "directionalLights" : [ {
      "direction" : [ 1.0, -1.0, -1.0 ],
      "color" : "#EBEBE4"
    }, {
      "direction" : [ -1.0, 0.0, 0.0 ],
      "color" : "#E4E4EB"
    }, {
      "direction" : [ 0.0, 0.0, -1.0 ],
      "color" : "#1E1E1E"
    } ],
    "ambientColor" : "#292929",
    "backgroundColor" : "#AFC8DC"
  },
  "camera" : {
    "width" : 740.0,
    "position" : {
      "x" : 0.0,
      "y" : 0.0,
      "z" : 740.0
    },
    "upDirectionRV" : {
      "x" : 0.0,
      "y" : 1.0,
      "z" : 0.0,
      "zero" : false
    },
    "lookAtPointRV" : {
      "x" : 0.0,
      "y" : 0.0,
      "z" : 0.0,
      "zero" : true
    },
    "fieldOfView" : 0.9272952,
    "viewDistance" : 740.0,
    "lookDirectionRV" : {
      "x" : 0.0,
      "y" : 0.0,
      "z" : -1.0,
      "zero" : false
    },
    "perspective" : true,
    "nearClipDistance" : 0.5,
    "lookAtPoint" : {
      "x" : 0.0,
      "y" : 0.0,
      "z" : 0.0
    },
    "lookDirection" : {
      "x" : 0.0,
      "y" : 0.0,
      "z" : -1.0
    },
    "upDirection" : {
      "x" : 0.0,
      "y" : 1.0,
      "z" : 0.0
    },
    "farClipDistance" : 1030.0,
    "stereo" : false
  },
  "embedding" : [ 1.0, 0.0, 0.0, 0.0, 0.0, 1.0, 0.0, 0.0, 0.0, 0.0, 1.0, 0.0, 0.0, 0.0, 0.0, 1.0 ],
  "shapes" : [ {
    "id" : "4b93a26f-8a23-4bf1-9b1d-6adb335fc0f5",
    "orbit" : "red",
    "orbitC" : "[[-1,1,1],[0,0,1]]",
    "length" : "[\"2\",\"0\",\"1\"]",
    "name" : " :2",
    "vertices" : [ {
      "x" : 6.045085,
      "y" : 3.854102,
      "z" : 0.309017
    }, {
      "x" : 7.663119,
      "y" : 4.618034,
      "z" : 0.309017
    }, {
      "x" : 7.472136,
      "y" : 4.927051,
      "z" : 0.19098301
    }, {
      "x" : 0.809017,
      "y" : 0.618034,
      "z" : -0.309017
    }, {
      "x" : 0.690983,
      "y" : 0.809017,
      "z" : 0.0
    }, {
      "x" : 5.927051,
      "y" : 4.045085,
      "z" : 0.0
    }, {
      "x" : 6.045085,
      "y" : 3.854102,
      "z" : -0.309017
    }, {
      "x" : 12.899187,
      "y" : 7.854102,
      "z" : 0.309017
    }, {
      "x" : 6.236068,
      "y" : 3.545085,
      "z" : 0.19098301
    }, {
      "x" : 6.236068,
      "y" : 3.545085,
      "z" : -0.19098301
    }, {
      "x" : 7.7811527,
      "y" : 4.427051,
      "z" : 0.0
    }, {
      "x" : 7.663119,
      "y" : 4.618034,
      "z" : -0.309017
    }, {
      "x" : 13.0172205,
      "y" : 7.663119,
      "z" : 0.0
    }, {
      "x" : 1.0,
      "y" : 0.309017,
      "z" : 0.19098301
    }, {
      "x" : 1.0,
      "y" : 0.309017,
      "z" : -0.19098301
    }, {
      "x" : 0.809017,
      "y" : 0.618034,
      "z" : 0.309017
    }, {
      "x" : 12.708204,
      "y" : 8.163119,
      "z" : 0.19098301
    }, {
      "x" : 12.899187,
      "y" : 7.854102,
      "z" : -0.309017
    }, {
      "x" : 12.708204,
      "y" : 8.163119,
      "z" : -0.19098301
    }, {
      "x" : 13.708204,
      "y" : 8.472136,
      "z" : 0.0
    }, {
      "x" : 7.472136,
      "y" : 4.927051,
      "z" : -0.19098301
    } ],
    "faces" : [ {
      "vertices" : [ 3, 6, 9, 14 ]
    }, {
      "vertices" : [ 11, 20, 18, 17 ]
    }, {
      "vertices" : [ 0, 1, 2 ]
    }, {
      "vertices" : [ 0, 15, 13, 8 ]
    }, {
      "vertices" : [ 6, 20, 11 ]
    }, {
      "vertices" : [ 0, 2, 5 ]
    }, {
      "vertices" : [ 0, 8, 1 ]
    }, {
      "vertices" : [ 8, 13, 14, 9 ]
    }, {
      "vertices" : [ 3, 4, 5, 6 ]
    }, {
      "vertices" : [ 10, 11, 17, 12 ]
    }, {
      "vertices" : [ 1, 8, 10 ]
    }, {
      "vertices" : [ 0, 5, 4, 15 ]
    }, {
      "vertices" : [ 2, 16, 18, 20 ]
    }, {
      "vertices" : [ 1, 7, 16, 2 ]
    }, {
      "vertices" : [ 6, 11, 9 ]
    }, {
      "vertices" : [ 8, 9, 10 ]
    }, {
      "vertices" : [ 2, 20, 5 ]
    }, {
      "vertices" : [ 9, 11, 10 ]
    }, {
      "vertices" : [ 1, 10, 12, 7 ]
    }, {
      "vertices" : [ 5, 20, 6 ]
    } ]
  }, {
    "id" : "133b6ed3-637a-4f8a-b3e4-4c4495d6ae17",
    "orbit" : "yellow",
    "orbitC" : "[[0,0,1],[2,-1,1]]",
    "length" : "[\"2\",\"0\",\"1\"]",
    "name" : " :2",
    "vertices" : [ {
      "x" : 0.809017,
      "y" : 0.0,
      "z" : -0.690983
    }, {
      "x" : 1.0,
      "y" : 0.309017,
      "z" : -0.19098301
    }, {
      "x" : 6.045085,
      "y" : 0.309017,
      "z" : -2.118034
    }, {
      "x" : 5.854102,
      "y" : 0.0,
      "z" : -2.618034
    }, {
      "x" : 12.708204,
      "y" : 0.309017,
      "z" : -5.045085
    }, {
      "x" : 1.0,
      "y" : -0.309017,
      "z" : -0.19098301
    }, {
      "x" : 6.045085,
      "y" : -0.309017,
      "z" : -2.118034
    }, {
      "x" : 7.663119,
      "y" : 0.309017,
      "z" : -3.118034
    }, {
      "x" : 7.854102,
      "y" : 0.0,
      "z" : -2.618034
    }, {
      "x" : 13.708204,
      "y" : 0.0,
      "z" : -5.236068
    }, {
      "x" : 7.663119,
      "y" : -0.309017,
      "z" : -3.118034
    }, {
      "x" : 12.899187,
      "y" : 0.0,
      "z" : -4.545085
    }, {
      "x" : 12.708204,
      "y" : -0.309017,
      "z" : -5.045085
    } ],
    "faces" : [ {
      "vertices" : [ 2, 6, 8 ]
    }, {
      "vertices" : [ 4, 12, 10, 7 ]
    }, {
      "vertices" : [ 2, 8, 7 ]
    }, {
      "vertices" : [ 3, 10, 6 ]
    }, {
      "vertices" : [ 3, 7, 10 ]
    }, {
      "vertices" : [ 0, 1, 2, 3 ]
    }, {
      "vertices" : [ 6, 10, 8 ]
    }, {
      "vertices" : [ 8, 10, 12, 11 ]
    }, {
      "vertices" : [ 2, 7, 3 ]
    }, {
      "vertices" : [ 0, 3, 6, 5 ]
    }, {
      "vertices" : [ 1, 5, 6, 2 ]
    }, {
      "vertices" : [ 4, 7, 8, 11 ]
    } ]
  }, {
    "id" : "166b2302-8bef-4a86-9e98-8b8e0d341b52",
    "orbit" : "blue",
    "orbitC" : "[[0,0,1],[0,0,1]]",
    "length" : "[\"2\",\"0\",\"1\"]",
    "name" : " :2",
    "vertices" : [ {
      "x" : 15.944272,
      "y" : 0.309017,
      "z" : 0.19098301
    }, {
      "x" : 15.944272,
      "y" : 0.309017,
      "z" : -0.19098301
    }, {
      "x" : 1.0,
      "y" : 0.309017,
      "z" : -0.19098301
    }, {
      "x" : 1.0,
      "y" : 0.309017,
      "z" : 0.19098301
    }, {
      "x" : 15.944272,
      "y" : -0.309017,
      "z" : 0.19098301
    }, {
      "x" : 1.0,
      "y" : -0.309017,
      "z" : 0.19098301
    }, {
      "x" : 1.0,
      "y" : -0.309017,
      "z" : -0.19098301
    }, {
      "x" : 15.944272,
      "y" : -0.309017,
      "z" : -0.19098301
    }, {
      "x" : 16.944271,
      "y" : 0.0,
      "z" : 0.0
    } ],
    "faces" : [ {
      "vertices" : [ 1, 7, 6, 2 ]
    }, {
      "vertices" : [ 0, 1, 2, 3 ]
    }, {
      "vertices" : [ 4, 5, 6, 7 ]
    }, {
      "vertices" : [ 0, 3, 5, 4 ]
    } ]
  }, {
    "id" : "43e29283-734a-454a-ae72-4638001de4c1",
    "name" : "ball",
    "vertices" : [ {
      "x" : 0.309017,
      "y" : -0.809017,
      "z" : 0.618034
    }, {
      "x" : 0.809017,
      "y" : -0.618034,
      "z" : 0.309017
    }, {
      "x" : 0.618034,
      "y" : -0.309017,
      "z" : 0.809017
    }, {
      "x" : 1.0,
      "y" : 0.309017,
      "z" : 0.19098301
    }, {
      "x" : 0.809017,
      "y" : 0.618034,
      "z" : 0.309017
    }, {
      "x" : 0.618034,
      "y" : 0.309017,
      "z" : 0.809017
    }, {
      "x" : 0.809017,
      "y" : 0.0,
      "z" : 0.690983
    }, {
      "x" : 0.19098301,
      "y" : -1.0,
      "z" : 0.309017
    }, {
      "x" : -0.19098301,
      "y" : -1.0,
      "z" : 0.309017
    }, {
      "x" : -0.19098301,
      "y" : -1.0,
      "z" : -0.309017
    }, {
      "x" : 0.19098301,
      "y" : -1.0,
      "z" : -0.309017
    }, {
      "x" : 1.0,
      "y" : -0.309017,
      "z" : -0.19098301
    }, {
      "x" : 0.809017,
      "y" : -0.618034,
      "z" : -0.309017
    }, {
      "x" : 0.618034,
      "y" : -0.309017,
      "z" : -0.809017
    }, {
      "x" : 0.809017,
      "y" : 0.0,
      "z" : -0.690983
    }, {
      "x" : 0.0,
      "y" : 0.690983,
      "z" : -0.809017
    }, {
      "x" : 0.309017,
      "y" : 0.809017,
      "z" : -0.618034
    }, {
      "x" : 0.618034,
      "y" : 0.309017,
      "z" : -0.809017
    }, {
      "x" : 0.309017,
      "y" : 0.19098301,
      "z" : -1.0
    }, {
      "x" : 1.0,
      "y" : 0.309017,
      "z" : -0.19098301
    }, {
      "x" : -0.309017,
      "y" : -0.809017,
      "z" : 0.618034
    }, {
      "x" : 0.0,
      "y" : -0.690983,
      "z" : 0.809017
    }, {
      "x" : 0.809017,
      "y" : 0.618034,
      "z" : -0.309017
    }, {
      "x" : 0.690983,
      "y" : 0.809017,
      "z" : 0.0
    }, {
      "x" : -0.690983,
      "y" : 0.809017,
      "z" : 0.0
    }, {
      "x" : -0.809017,
      "y" : 0.618034,
      "z" : 0.309017
    }, {
      "x" : -0.309017,
      "y" : 0.809017,
      "z" : 0.618034
    }, {
      "x" : -0.19098301,
      "y" : 1.0,
      "z" : 0.309017
    }, {
      "x" : 0.309017,
      "y" : -0.19098301,
      "z" : -1.0
    }, {
      "x" : 0.19098301,
      "y" : 1.0,
      "z" : 0.309017
    }, {
      "x" : 0.309017,
      "y" : 0.809017,
      "z" : 0.618034
    }, {
      "x" : -0.809017,
      "y" : -0.618034,
      "z" : 0.309017
    }, {
      "x" : -0.690983,
      "y" : -0.809017,
      "z" : 0.0
    }, {
      "x" : 0.0,
      "y" : 0.690983,
      "z" : 0.809017
    }, {
      "x" : 0.309017,
      "y" : -0.809017,
      "z" : -0.618034
    }, {
      "x" : 0.0,
      "y" : -0.690983,
      "z" : -0.809017
    }, {
      "x" : -1.0,
      "y" : 0.309017,
      "z" : 0.19098301
    }, {
      "x" : -0.809017,
      "y" : 0.0,
      "z" : 0.690983
    }, {
      "x" : -0.618034,
      "y" : 0.309017,
      "z" : 0.809017
    }, {
      "x" : 1.0,
      "y" : -0.309017,
      "z" : 0.19098301
    }, {
      "x" : -0.309017,
      "y" : -0.809017,
      "z" : -0.618034
    }, {
      "x" : -1.0,
      "y" : 0.309017,
      "z" : -0.19098301
    }, {
      "x" : -1.0,
      "y" : -0.309017,
      "z" : -0.19098301
    }, {
      "x" : -1.0,
      "y" : -0.309017,
      "z" : 0.19098301
    }, {
      "x" : 0.19098301,
      "y" : 1.0,
      "z" : -0.309017
    }, {
      "x" : -0.809017,
      "y" : 0.618034,
      "z" : -0.309017
    }, {
      "x" : -0.19098301,
      "y" : 1.0,
      "z" : -0.309017
    }, {
      "x" : -0.309017,
      "y" : 0.809017,
      "z" : -0.618034
    }, {
      "x" : -0.618034,
      "y" : -0.309017,
      "z" : 0.809017
    }, {
      "x" : 0.309017,
      "y" : 0.19098301,
      "z" : 1.0
    }, {
      "x" : -0.309017,
      "y" : 0.19098301,
      "z" : -1.0
    }, {
      "x" : -0.309017,
      "y" : 0.19098301,
      "z" : 1.0
    }, {
      "x" : -0.309017,
      "y" : -0.19098301,
      "z" : 1.0
    }, {
      "x" : 0.309017,
      "y" : -0.19098301,
      "z" : 1.0
    }, {
      "x" : 0.690983,
      "y" : -0.809017,
      "z" : 0.0
    }, {
      "x" : -0.809017,
      "y" : 0.0,
      "z" : -0.690983
    }, {
      "x" : -0.618034,
      "y" : -0.309017,
      "z" : -0.809017
    }, {
      "x" : -0.309017,
      "y" : -0.19098301,
      "z" : -1.0
    }, {
      "x" : -0.618034,
      "y" : 0.309017,
      "z" : -0.809017
    }, {
      "x" : -0.809017,
      "y" : -0.618034,
      "z" : -0.309017
    } ],
    "faces" : [ {
      "vertices" : [ 9, 40, 35, 34, 10 ]
    }, {
      "vertices" : [ 0, 1, 2 ]
    }, {
      "vertices" : [ 33, 51, 49 ]
    }, {
      "vertices" : [ 25, 36, 37, 38 ]
    }, {
      "vertices" : [ 41, 55, 42 ]
    }, {
      "vertices" : [ 9, 32, 59, 40 ]
    }, {
      "vertices" : [ 20, 21, 52, 48 ]
    }, {
      "vertices" : [ 26, 33, 30, 29, 27 ]
    }, {
      "vertices" : [ 3, 4, 5, 6 ]
    }, {
      "vertices" : [ 27, 29, 44, 46 ]
    }, {
      "vertices" : [ 50, 57, 56, 55, 58 ]
    }, {
      "vertices" : [ 26, 38, 51, 33 ]
    }, {
      "vertices" : [ 45, 47, 58 ]
    }, {
      "vertices" : [ 18, 28, 57, 50 ]
    }, {
      "vertices" : [ 40, 59, 56 ]
    }, {
      "vertices" : [ 31, 48, 37, 43 ]
    }, {
      "vertices" : [ 7, 8, 9, 10 ]
    }, {
      "vertices" : [ 36, 41, 42, 43 ]
    }, {
      "vertices" : [ 24, 46, 47, 45 ]
    }, {
      "vertices" : [ 4, 30, 5 ]
    }, {
      "vertices" : [ 15, 47, 46, 44, 16 ]
    }, {
      "vertices" : [ 15, 50, 58, 47 ]
    }, {
      "vertices" : [ 24, 45, 41, 36, 25 ]
    }, {
      "vertices" : [ 11, 14, 19 ]
    }, {
      "vertices" : [ 3, 6, 39 ]
    }, {
      "vertices" : [ 1, 39, 6, 2 ]
    }, {
      "vertices" : [ 8, 32, 9 ]
    }, {
      "vertices" : [ 11, 12, 13, 14 ]
    }, {
      "vertices" : [ 16, 22, 17 ]
    }, {
      "vertices" : [ 0, 21, 20, 8, 7 ]
    }, {
      "vertices" : [ 12, 34, 13 ]
    }, {
      "vertices" : [ 35, 40, 56, 57 ]
    }, {
      "vertices" : [ 0, 7, 54, 1 ]
    }, {
      "vertices" : [ 15, 16, 17, 18 ]
    }, {
      "vertices" : [ 3, 19, 22, 23, 4 ]
    }, {
      "vertices" : [ 7, 10, 54 ]
    }, {
      "vertices" : [ 41, 45, 58, 55 ]
    }, {
      "vertices" : [ 3, 39, 11, 19 ]
    }, {
      "vertices" : [ 14, 17, 22, 19 ]
    }, {
      "vertices" : [ 0, 2, 53, 21 ]
    }, {
      "vertices" : [ 49, 51, 52, 53 ]
    }, {
      "vertices" : [ 31, 43, 42, 59, 32 ]
    }, {
      "vertices" : [ 15, 18, 50 ]
    }, {
      "vertices" : [ 42, 55, 56, 59 ]
    }, {
      "vertices" : [ 4, 23, 29, 30 ]
    }, {
      "vertices" : [ 25, 38, 26 ]
    }, {
      "vertices" : [ 13, 28, 18, 17, 14 ]
    }, {
      "vertices" : [ 8, 20, 31, 32 ]
    }, {
      "vertices" : [ 23, 44, 29 ]
    }, {
      "vertices" : [ 24, 27, 46 ]
    }, {
      "vertices" : [ 37, 48, 52, 51, 38 ]
    }, {
      "vertices" : [ 20, 48, 31 ]
    }, {
      "vertices" : [ 24, 25, 26, 27 ]
    }, {
      "vertices" : [ 16, 44, 23, 22 ]
    }, {
      "vertices" : [ 13, 34, 35, 28 ]
    }, {
      "vertices" : [ 10, 34, 12, 54 ]
    }, {
      "vertices" : [ 2, 6, 5, 49, 53 ]
    }, {
      "vertices" : [ 36, 43, 37 ]
    }, {
      "vertices" : [ 5, 30, 33, 49 ]
    }, {
      "vertices" : [ 1, 54, 12, 11, 39 ]
    }, {
      "vertices" : [ 28, 35, 57 ]
    }, {
      "vertices" : [ 21, 53, 52 ]
    } ]
  }, {
    "id" : "59d8455b-7714-4b64-80c8-e471ad6e6592",
    "orbit" : "red",
    "orbitC" : "[[-1,1,1],[0,0,1]]",
    "length" : "[\"-2\",\"2\",\"1\"]",
    "name" : " :-2 +2*phi",
    "vertices" : [ {
      "x" : 3.427051,
      "y" : 2.236068,
      "z" : 0.309017
    }, {
      "x" : 5.045085,
      "y" : 3.0,
      "z" : 0.309017
    }, {
      "x" : 4.854102,
      "y" : 3.309017,
      "z" : 0.19098301
    }, {
      "x" : 0.809017,
      "y" : 0.618034,
      "z" : -0.309017
    }, {
      "x" : 0.690983,
      "y" : 0.809017,
      "z" : 0.0
    }, {
      "x" : 3.309017,
      "y" : 2.427051,
      "z" : 0.0
    }, {
      "x" : 3.427051,
      "y" : 2.236068,
      "z" : -0.309017
    }, {
      "x" : 7.663119,
      "y" : 4.618034,
      "z" : 0.309017
    }, {
      "x" : 3.618034,
      "y" : 1.927051,
      "z" : 0.19098301
    }, {
      "x" : 3.618034,
      "y" : 1.927051,
      "z" : -0.19098301
    }, {
      "x" : 5.163119,
      "y" : 2.809017,
      "z" : 0.0
    }, {
      "x" : 5.045085,
      "y" : 3.0,
      "z" : -0.309017
    }, {
      "x" : 7.7811527,
      "y" : 4.427051,
      "z" : 0.0
    }, {
      "x" : 1.0,
      "y" : 0.309017,
      "z" : 0.19098301
    }, {
      "x" : 1.0,
      "y" : 0.309017,
      "z" : -0.19098301
    }, {
      "x" : 0.809017,
      "y" : 0.618034,
      "z" : 0.309017
    }, {
      "x" : 7.472136,
      "y" : 4.927051,
      "z" : 0.19098301
    }, {
      "x" : 7.663119,
      "y" : 4.618034,
      "z" : -0.309017
    }, {
      "x" : 7.472136,
      "y" : 4.927051,
      "z" : -0.19098301
    }, {
      "x" : 8.472136,
      "y" : 5.236068,
      "z" : 0.0
    }, {
      "x" : 4.854102,
      "y" : 3.309017,
      "z" : -0.19098301
    } ],
    "faces" : [ {
      "vertices" : [ 3, 6, 9, 14 ]
    }, {
      "vertices" : [ 11, 20, 18, 17 ]
    }, {
      "vertices" : [ 0, 1, 2 ]
    }, {
      "vertices" : [ 0, 15, 13, 8 ]
    }, {
      "vertices" : [ 6, 20, 11 ]
    }, {
      "vertices" : [ 0, 2, 5 ]
    }, {
      "vertices" : [ 0, 8, 1 ]
    }, {
      "vertices" : [ 8, 13, 14, 9 ]
    }, {
      "vertices" : [ 3, 4, 5, 6 ]
    }, {
      "vertices" : [ 10, 11, 17, 12 ]
    }, {
      "vertices" : [ 1, 8, 10 ]
    }, {
      "vertices" : [ 0, 5, 4, 15 ]
    }, {
      "vertices" : [ 2, 16, 18, 20 ]
    }, {
      "vertices" : [ 1, 7, 16, 2 ]
    }, {
      "vertices" : [ 6, 11, 9 ]
    }, {
      "vertices" : [ 8, 9, 10 ]
    }, {
      "vertices" : [ 2, 20, 5 ]
    }, {
      "vertices" : [ 9, 11, 10 ]
    }, {
      "vertices" : [ 1, 10, 12, 7 ]
    }, {
      "vertices" : [ 5, 20, 6 ]
    } ]
  } ],
  "instances" : [ {
    "shape" : "4b93a26f-8a23-4bf1-9b1d-6adb335fc0f5",
    "color" : "#D91218",
    "position" : {
      "x" : -49.59675,
      "y" : -49.59675,
      "z" : 77.01315
    },
    "orientation" : 47
  }, {
    "shape" : "133b6ed3-637a-4f8a-b3e4-4c4495d6ae17",
    "color" : "#FFB31A",
    "position" : {
      "x" : 58.068882,
      "y" : 63.30495,
      "z" : 99.1935
    },
    "orientation" : 0
  }, {
    "shape" : "166b2302-8bef-4a86-9e98-8b8e0d341b52",
    "color" : "#008EC2",
    "position" : {
      "x" : 8.472136,
      "y" : 93.95743,
      "z" : 71.777084
    },
    "orientation" : 52
  }, {
    "shape" : "43e29283-734a-454a-ae72-4638001de4c1",
    "color" : "#F2F2F2",
    "position" : {
      "x" : -22.18034,
      "y" : 93.95743,
      "z" : 39.12461
    }
  }, {
    "shape" : "166b2302-8bef-4a86-9e98-8b8e0d341b52",
    "color" : "#008EC2",
    "position" : {
      "x" : 116.137764,
      "y" : -66.54102,
      "z" : -41.12461
    },
    "orientation" : 9
  }, {
    "shape" : "59d8455b-7714-4b64-80c8-e471ad6e6592",
    "color" : "#D91218",
    "position" : {
      "x" : 22.18034,
      "y" : 107.665634,
      "z" : -85.48529
    },
    "orientation" : 15
  }, {
    "shape" : "4b93a26f-8a23-4bf1-9b1d-6adb335fc0f5",
    "color" : "#D91218",
    "position" : {
      "x" : 93.95743,
      "y" : 8.472136,
      "z" : 30.652475
    },
    "orientation" : 17
  }, {
    "shape" : "133b6ed3-637a-4f8a-b3e4-4c4495d6ae17",
    "color" : "#FFB31A",
    "position" : {
      "x" : 129.84598,
      "y" : 41.12461,
      "z" : 13.708204
    },
    "orientation" : 22
  }, {
    "shape" : "133b6ed3-637a-4f8a-b3e4-4c4495d6ae17",
    "color" : "#FFB31A",
    "position" : {
      "x" : -22.18034,
      "y" : -16.944271,
      "z" : 124.6099
    },
    "orientation" : 8
  }, {
    "shape" : "4b93a26f-8a23-4bf1-9b1d-6adb335fc0f5",
    "color" : "#D91218",
    "position" : {
      "x" : -102.429565,
      "y" : -30.652475,
      "z" : 85.48529
    },
    "orientation" : 16
  }, {
    "shape" : "166b2302-8bef-4a86-9e98-8b8e0d341b52",
    "color" : "#008EC2",
    "position" : {
      "x" : 22.18034,
      "y" : -49.59675,
      "z" : -66.54102
    },
    "orientation" : 6
  }, {
    "shape" : "59d8455b-7714-4b64-80c8-e471ad6e6592",
    "color" : "#D91218",
    "position" : {
      "x" : 22.18034,
      "y" : 27.416409,
      "z" : 135.08205
    },
    "orientation" : 15
  }, {
    "shape" : "166b2302-8bef-4a86-9e98-8b8e0d341b52",
    "color" : "#008EC2",
    "position" : {
      "x" : -49.59675,
      "y" : -129.84598,
      "z" : 16.944271
    },
    "orientation" : 26
  }, {
    "shape" : "59d8455b-7714-4b64-80c8-e471ad6e6592",
    "color" : "#D91218",
    "position" : {
      "x" : 63.30495,
      "y" : -35.888542,
      "z" : -107.665634
    },
    "orientation" : 47
  }, {
    "shape" : "166b2302-8bef-4a86-9e98-8b8e0d341b52",
    "color" : "#008EC2",
    "position" : {
      "x" : -93.95743,
      "y" : -63.30495,
      "z" : 41.12461
    },
    "orientation" : 24
  }, {
    "shape" : "133b6ed3-637a-4f8a-b3e4-4c4495d6ae17",
    "color" : "#FFB31A",
    "position" : {
      "x" : -110.9017,
      "y" : -66.54102,
      "z" : 49.59675
    },
    "orientation" : 22
  }, {
    "shape" : "4b93a26f-8a23-4bf1-9b1d-6adb335fc0f5",
    "color" : "#D91218",
    "position" : {
      "x" : 8.472136,
      "y" : -8.472136,
      "z" : 135.08205
    },
    "orientation" : 0
  }, {
    "shape" : "133b6ed3-637a-4f8a-b3e4-4c4495d6ae17",
    "color" : "#FFB31A",
    "position" : {
      "x" : 35.888542,
      "y" : -110.9017,
      "z" : -71.777084
    },
    "orientation" : 8
  }, {
    "shape" : "43e29283-734a-454a-ae72-4638001de4c1",
    "color" : "#F2F2F2",
    "position" : {
      "x" : -66.54102,
      "y" : 8.472136,
      "z" : -85.48529
    }
  }, {
    "shape" : "59d8455b-7714-4b64-80c8-e471ad6e6592",
    "color" : "#D91218",
    "position" : {
      "x" : -102.429565,
      "y" : -66.54102,
      "z" : 63.30495
    },
    "orientation" : 16
  }, {
    "shape" : "133b6ed3-637a-4f8a-b3e4-4c4495d6ae17",
    "color" : "#FFB31A",
    "position" : {
      "x" : -30.652475,
      "y" : 30.652475,
      "z" : 85.48529
    },
    "orientation" : 17
  }, {
    "shape" : "59d8455b-7714-4b64-80c8-e471ad6e6592",
    "color" : "#D91218",
    "position" : {
      "x" : 75.01315,
      "y" : -93.95743,
      "z" : -8.472136
    },
    "orientation" : 16
  }, {
    "shape" : "4b93a26f-8a23-4bf1-9b1d-6adb335fc0f5",
    "color" : "#D91218",
    "position" : {
      "x" : 77.01315,
      "y" : 93.95743,
      "z" : 66.54102
    },
    "orientation" : 17
  }, {
    "shape" : "43e29283-734a-454a-ae72-4638001de4c1",
    "color" : "#F2F2F2",
    "position" : {
      "x" : 35.888542,
      "y" : -124.6099,
      "z" : 52.832817
    }
  }, {
    "shape" : "43e29283-734a-454a-ae72-4638001de4c1",
    "color" : "#F2F2F2",
    "position" : {
      "x" : 52.832817,
      "y" : 93.95743,
      "z" : 27.416409
    }
  }, {
    "shape" : "133b6ed3-637a-4f8a-b3e4-4c4495d6ae17",
    "color" : "#FFB31A",
    "position" : {
      "x" : -93.95743,
      "y" : 93.95743,
      "z" : -22.18034
    },
    "orientation" : 3
  }, {
    "shape" : "133b6ed3-637a-4f8a-b3e4-4c4495d6ae17",
    "color" : "#FFB31A",
    "position" : {
      "x" : -22.18034,
      "y" : 66.54102,
      "z" : -110.9017
    },
    "orientation" : 9
  }, {
    "shape" : "43e29283-734a-454a-ae72-4638001de4c1",
    "color" : "#F2F2F2",
    "position" : {
      "x" : 8.472136,
      "y" : 124.6099,
      "z" : -35.888542
    }
  }, {
    "shape" : "59d8455b-7714-4b64-80c8-e471ad6e6592",
    "color" : "#D91218",
    "position" : {
      "x" : 16.944271,
      "y" : 116.137764,
      "z" : 27.416409
    },
    "orientation" : 46
  }, {
    "shape" : "166b2302-8bef-4a86-9e98-8b8e0d341b52",
    "color" : "#008EC2",
    "position" : {
      "x" : 49.59675,
      "y" : 129.84598,
      "z" : 16.944271
    },
    "orientation" : 56
  }, {
    "shape" : "133b6ed3-637a-4f8a-b3e4-4c4495d6ae17",
    "color" : "#FFB31A",
    "position" : {
      "x" : 52.832817,
      "y" : -8.472136,
      "z" : -35.888542
    },
    "orientation" : 0
  }, {
    "shape" : "59d8455b-7714-4b64-80c8-e471ad6e6592",
    "color" : "#D91218",
    "position" : {
      "x" : 116.137764,
      "y" : -16.944271,
      "z" : -71.777084
    },
    "orientation" : 46
  }, {
    "shape" : "4b93a26f-8a23-4bf1-9b1d-6adb335fc0f5",
    "color" : "#D91218",
    "position" : {
      "x" : 102.429565,
      "y" : 8.472136,
      "z" : -16.944271
    },
    "orientation" : 47
  }, {
    "shape" : "4b93a26f-8a23-4bf1-9b1d-6adb335fc0f5",
    "color" : "#D91218",
    "position" : {
      "x" : 8.472136,
      "y" : -41.12461,
      "z" : 66.54102
    },
    "orientation" : 15
  }, {
    "shape" : "166b2302-8bef-4a86-9e98-8b8e0d341b52",
    "color" : "#008EC2",
    "position" : {
      "x" : 41.12461,
      "y" : -30.652475,
      "z" : -13.708204
    },
    "orientation" : 9
  }, {
    "shape" : "59d8455b-7714-4b64-80c8-e471ad6e6592",
    "color" : "#D91218",
    "position" : {
      "x" : 63.30495,
      "y" : 93.95743,
      "z" : -71.777084
    },
    "orientation" : 1
  }, {
    "shape" : "133b6ed3-637a-4f8a-b3e4-4c4495d6ae17",
    "color" : "#FFB31A",
    "position" : {
      "x" : -52.832817,
      "y" : -116.137764,
      "z" : 30.652475
    },
    "orientation" : 8
  }, {
    "shape" : "59d8455b-7714-4b64-80c8-e471ad6e6592",
    "color" : "#D91218",
    "position" : {
      "x" : -39.12461,
      "y" : 58.068882,
      "z" : -116.137764
    },
    "orientation" : 15
  }, {
    "shape" : "43e29283-734a-454a-ae72-4638001de4c1",
    "color" : "#F2F2F2",
    "position" : {
      "x" : -85.48529,
      "y" : 35.888542,
      "z" : -71.777084
    }
  }, {
    "shape" : "59d8455b-7714-4b64-80c8-e471ad6e6592",
    "color" : "#D91218",
    "position" : {
      "x" : -93.95743,
      "y" : -66.54102,
      "z" : -77.01315
    },
    "orientation" : 17
  }, {
    "shape" : "133b6ed3-637a-4f8a-b3e4-4c4495d6ae17",
    "color" : "#FFB31A",
    "position" : {
      "x" : 124.6099,
      "y" : 58.068882,
      "z" : 22.18034
    },
    "orientation" : 17
  }, {
    "shape" : "166b2302-8bef-4a86-9e98-8b8e0d341b52",
    "color" : "#008EC2",
    "position" : {
      "x" : -52.832817,
      "y" : 13.708204,
      "z" : -93.95743
    },
    "orientation" : 24
  }, {
    "shape" : "43e29283-734a-454a-ae72-4638001de4c1",
    "color" : "#F2F2F2",
    "position" : {
      "x" : 116.137764,
      "y" : 16.944271,
      "z" : 71.777084
    }
  }, {
    "shape" : "4b93a26f-8a23-4bf1-9b1d-6adb335fc0f5",
    "color" : "#D91218",
    "position" : {
      "x" : 49.59675,
      "y" : -124.6099,
      "z" : -30.652475
    },
    "orientation" : 47
  }, {
    "shape" : "133b6ed3-637a-4f8a-b3e4-4c4495d6ae17",
    "color" : "#FFB31A",
    "position" : {
      "x" : -93.95743,
      "y" : -49.59675,
      "z" : -77.01315
    },
    "orientation" : 3
  }, {
    "shape" : "59d8455b-7714-4b64-80c8-e471ad6e6592",
    "color" : "#D91218",
    "position" : {
      "x" : 44.36068,
      "y" : 0.0,
      "z" : -99.1935
    },
    "orientation" : 17
  }, {
    "shape" : "43e29283-734a-454a-ae72-4638001de4c1",
    "color" : "#F2F2F2",
    "position" : {
      "x" : 13.708204,
      "y" : -75.01315,
      "z" : -102.429565
    }
  }, {
    "shape" : "59d8455b-7714-4b64-80c8-e471ad6e6592",
    "color" : "#D91218",
    "position" : {
      "x" : -66.54102,
      "y" : 93.95743,
      "z" : 22.18034
    },
    "orientation" : 1
  }, {
    "shape" : "59d8455b-7714-4b64-80c8-e471ad6e6592",
    "color" : "#D91218",
    "position" : {
      "x" : -13.708204,
      "y" : -8.472136,
      "z" : -116.137764
    },
    "orientation" : 17
  }, {
    "shape" : "133b6ed3-637a-4f8a-b3e4-4c4495d6ae17",
    "color" : "#FFB31A",
    "position" : {
      "x" : 124.6099,
      "y" : 27.416409,
      "z" : -30.652475
    },
    "orientation" : 54
  }, {
    "shape" : "133b6ed3-637a-4f8a-b3e4-4c4495d6ae17",
    "color" : "#FFB31A",
    "position" : {
      "x" : -16.944271,
      "y" : -107.665634,
      "z" : -22.18034
    },
    "orientation" : 3
  }, {
    "shape" : "166b2302-8bef-4a86-9e98-8b8e0d341b52",
    "color" : "#008EC2",
    "position" : {
      "x" : -8.472136,
      "y" : 135.08205,
      "z" : 8.472136
    },
    "orientation" : 0
  }, {
    "shape" : "43e29283-734a-454a-ae72-4638001de4c1",
    "color" : "#F2F2F2",
    "position" : {
      "x" : 77.01315,
      "y" : -35.888542,
      "z" : 85.48529
    }
  }, {
    "shape" : "43e29283-734a-454a-ae72-4638001de4c1",
    "color" : "#F2F2F2",
    "position" : {
      "x" : -99.1935,
      "y" : 0.0,
      "z" : 88.72136
    }
  }, {
    "shape" : "59d8455b-7714-4b64-80c8-e471ad6e6592",
    "color" : "#D91218",
    "position" : {
      "x" : 116.137764,
      "y" : -39.12461,
      "z" : 58.068882
    },
    "orientation" : 46
  }, {
    "shape" : "4b93a26f-8a23-4bf1-9b1d-6adb335fc0f5",
    "color" : "#D91218",
    "position" : {
      "x" : -30.652475,
      "y" : -30.652475,
      "z" : 85.48529
    },
    "orientation" : 0
  }, {
    "shape" : "43e29283-734a-454a-ae72-4638001de4c1",
    "color" : "#F2F2F2",
    "position" : {
      "x" : -66.54102,
      "y" : 88.72136,
      "z" : -8.472136
    }
  }, {
    "shape" : "59d8455b-7714-4b64-80c8-e471ad6e6592",
    "color" : "#D91218",
    "position" : {
      "x" : -13.708204,
      "y" : 22.18034,
      "z" : 135.08205
    },
    "orientation" : 46
  }, {
    "shape" : "133b6ed3-637a-4f8a-b3e4-4c4495d6ae17",
    "color" : "#FFB31A",
    "position" : {
      "x" : -102.429565,
      "y" : -16.944271,
      "z" : 93.95743
    },
    "orientation" : 54
  }, {
    "shape" : "59d8455b-7714-4b64-80c8-e471ad6e6592",
    "color" : "#D91218",
    "position" : {
      "x" : 13.708204,
      "y" : -8.472136,
      "z" : -116.137764
    },
    "orientation" : 47
  }, {
    "shape" : "59d8455b-7714-4b64-80c8-e471ad6e6592",
    "color" : "#D91218",
    "position" : {
      "x" : 102.429565,
      "y" : -35.888542,
      "z" : -44.36068
    },
    "orientation" : 17
  }, {
    "shape" : "43e29283-734a-454a-ae72-4638001de4c1",
    "color" : "#F2F2F2",
    "position" : {
      "x" : 22.18034,
      "y" : 58.068882,
      "z" : 16.944271
    }
  }, {
    "shape" : "59d8455b-7714-4b64-80c8-e471ad6e6592",
    "color" : "#D91218",
    "position" : {
      "x" : -16.944271,
      "y" : 116.137764,
      "z" : -27.416409
    },
    "orientation" : 1
  }, {
    "shape" : "133b6ed3-637a-4f8a-b3e4-4c4495d6ae17",
    "color" : "#FFB31A",
    "position" : {
      "x" : 66.54102,
      "y" : 22.18034,
      "z" : -77.01315
    },
    "orientation" : 6
  }, {
    "shape" : "43e29283-734a-454a-ae72-4638001de4c1",
    "color" : "#F2F2F2",
    "position" : {
      "x" : -8.472136,
      "y" : 124.6099,
      "z" : 63.30495
    }
  }, {
    "shape" : "166b2302-8bef-4a86-9e98-8b8e0d341b52",
    "color" : "#008EC2",
    "position" : {
      "x" : -44.36068,
      "y" : -35.888542,
      "z" : 77.01315
    },
    "orientation" : 11
  }, {
    "shape" : "43e29283-734a-454a-ae72-4638001de4c1",
    "color" : "#F2F2F2",
    "position" : {
      "x" : -22.18034,
      "y" : 66.54102,
      "z" : 110.9017
    }
  }, {
    "shape" : "43e29283-734a-454a-ae72-4638001de4c1",
    "color" : "#F2F2F2",
    "position" : {
      "x" : 52.832817,
      "y" : 30.652475,
      "z" : 49.59675
    }
  }, {
    "shape" : "166b2302-8bef-4a86-9e98-8b8e0d341b52",
    "color" : "#008EC2",
    "position" : {
      "x" : -16.944271,
      "y" : -27.416409,
      "z" : -71.777084
    },
    "orientation" : 6
  }, {
    "shape" : "133b6ed3-637a-4f8a-b3e4-4c4495d6ae17",
    "color" : "#FFB31A",
    "position" : {
      "x" : -66.54102,
      "y" : 93.95743,
      "z" : -22.18034
    },
    "orientation" : 0
  }, {
    "shape" : "133b6ed3-637a-4f8a-b3e4-4c4495d6ae17",
    "color" : "#FFB31A",
    "position" : {
      "x" : -22.18034,
      "y" : 124.6099,
      "z" : -58.068882
    },
    "orientation" : 0
  }, {
    "shape" : "166b2302-8bef-4a86-9e98-8b8e0d341b52",
    "color" : "#008EC2",
    "position" : {
      "x" : 49.59675,
      "y" : 66.54102,
      "z" : -22.18034
    },
    "orientation" : 56
  }, {
    "shape" : "43e29283-734a-454a-ae72-4638001de4c1",
    "color" : "#F2F2F2",
    "position" : {
      "x" : 63.30495,
      "y" : 71.777084,
      "z" : 41.12461
    }
  }, {
    "shape" : "166b2302-8bef-4a86-9e98-8b8e0d341b52",
    "color" : "#008EC2",
    "position" : {
      "x" : -107.665634,
      "y" : -49.59675,
      "z" : 0.0
    },
    "orientation" : 25
  }, {
    "shape" : "59d8455b-7714-4b64-80c8-e471ad6e6592",
    "color" : "#D91218",
    "position" : {
      "x" : 16.944271,
      "y" : -93.95743,
      "z" : -102.429565
    },
    "orientation" : 46
  }, {
    "shape" : "166b2302-8bef-4a86-9e98-8b8e0d341b52",
    "color" : "#008EC2",
    "position" : {
      "x" : -8.472136,
      "y" : -124.6099,
      "z" : -63.30495
    },
    "orientation" : 55
  }, {
