{
  "polygons" : "true",
  "field" : "golden",
  "symmetry" : "icosahedral",
  "orientations" : [ [ 1.0, 0.0, 0.0, 0.0, 0.0, 1.0, 0.0, 0.0, 0.0, 0.0, 1.0, 0.0, 0.0, 0.0, 0.0, 1.0 ], [ 0.0, 0.0, 1.0, 0.0, 1.0, 0.0, 0.0, 0.0, 0.0, 1.0, 0.0, 0.0, 0.0, 0.0, 0.0, 1.0 ], [ 0.0, 1.0, 0.0, 0.0, 0.0, 0.0, 1.0, 0.0, 1.0, 0.0, 0.0, 0.0, 0.0, 0.0, 0.0, 1.0 ], [ 0.809017, 0.309017, 0.5, 0.0, 0.309017, 0.5, -0.809017, 0.0, -0.5, 0.809017, 0.309017, 0.0, 0.0, 0.0, 0.0, 1.0 ], [ -0.5, 0.809017, 0.309017, 0.0, 0.809017, 0.309017, 0.5, 0.0, 0.309017, 0.5, -0.809017, 0.0, 0.0, 0.0, 0.0, 1.0 ], [ 0.309017, 0.5, -0.809017, 0.0, -0.5, 0.809017, 0.309017, 0.0, 0.809017, 0.309017, 0.5, 0.0, 0.0, 0.0, 0.0, 1.0 ], [ 0.5, 0.809017, 0.309017, 0.0, 0.809017, -0.309017, -0.5, 0.0, -0.309017, 0.5, -0.809017, 0.0, 0.0, 0.0, 0.0, 1.0 ], [ -0.309017, 0.5, -0.809017, 0.0, 0.5, 0.809017, 0.309017, 0.0, 0.809017, -0.309017, -0.5, 0.0, 0.0, 0.0, 0.0, 1.0 ], [ 0.809017, -0.309017, -0.5, 0.0, -0.309017, 0.5, -0.809017, 0.0, 0.5, 0.809017, 0.309017, 0.0, 0.0, 0.0, 0.0, 1.0 ], [ 0.5, 0.809017, -0.309017, 0.0, 0.809017, -0.309017, 0.5, 0.0, 0.309017, -0.5, -0.809017, 0.0, 0.0, 0.0, 0.0, 1.0 ], [ 0.309017, -0.5, -0.809017, 0.0, 0.5, 0.809017, -0.309017, 0.0, 0.809017, -0.309017, 0.5, 0.0, 0.0, 0.0, 0.0, 1.0 ], [ 0.809017, -0.309017, 0.5, 0.0, 0.309017, -0.5, -0.809017, 0.0, 0.5, 0.809017, -0.309017, 0.0, 0.0, 0.0, 0.0, 1.0 ], [ 0.809017, 0.309017, -0.5, 0.0, 0.309017, 0.5, 0.809017, 0.0, 0.5, -0.809017, 0.309017, 0.0, 0.0, 0.0, 0.0, 1.0 ], [ 0.5, -0.809017, 0.309017, 0.0, 0.809017, 0.309017, -0.5, 0.0, 0.309017, 0.5, 0.809017, 0.0, 0.0, 0.0, 0.0, 1.0 ], [ 0.309017, 0.5, 0.809017, 0.0, 0.5, -0.809017, 0.309017, 0.0, 0.809017, 0.309017, -0.5, 0.0, 0.0, 0.0, 0.0, 1.0 ], [ 1.0, 0.0, 0.0, 0.0, 0.0, -1.0, 0.0, 0.0, 0.0, 0.0, -1.0, 0.0, 0.0, 0.0, 0.0, 1.0 ], [ 0.0, 0.0, 1.0, 0.0, -1.0, 0.0, 0.0, 0.0, 0.0, -1.0, 0.0, 0.0, 0.0, 0.0, 0.0, 1.0 ], [ 0.0, 1.0, 0.0, 0.0, 0.0, 0.0, -1.0, 0.0, -1.0, 0.0, 0.0, 0.0, 0.0, 0.0, 0.0, 1.0 ], [ 0.809017, 0.309017, 0.5, 0.0, -0.309017, -0.5, 0.809017, 0.0, 0.5, -0.809017, -0.309017, 0.0, 0.0, 0.0, 0.0, 1.0 ], [ -0.5, 0.809017, 0.309017, 0.0, -0.809017, -0.309017, -0.5, 0.0, -0.309017, -0.5, 0.809017, 0.0, 0.0, 0.0, 0.0, 1.0 ], [ 0.309017, 0.5, -0.809017, 0.0, 0.5, -0.809017, -0.309017, 0.0, -0.809017, -0.309017, -0.5, 0.0, 0.0, 0.0, 0.0, 1.0 ], [ 0.5, 0.809017, 0.309017, 0.0, -0.809017, 0.309017, 0.5, 0.0, 0.309017, -0.5, 0.809017, 0.0, 0.0, 0.0, 0.0, 1.0 ], [ -0.309017, 0.5, -0.809017, 0.0, -0.5, -0.809017, -0.309017, 0.0, -0.809017, 0.309017, 0.5, 0.0, 0.0, 0.0, 0.0, 1.0 ], [ 0.809017, -0.309017, -0.5, 0.0, 0.309017, -0.5, 0.809017, 0.0, -0.5, -0.809017, -0.309017, 0.0, 0.0, 0.0, 0.0, 1.0 ], [ 0.5, 0.809017, -0.309017, 0.0, -0.809017, 0.309017, -0.5, 0.0, -0.309017, 0.5, 0.809017, 0.0, 0.0, 0.0, 0.0, 1.0 ], [ 0.309017, -0.5, -0.809017, 0.0, -0.5, -0.809017, 0.309017, 0.0, -0.809017, 0.309017, -0.5, 0.0, 0.0, 0.0, 0.0, 1.0 ], [ 0.809017, -0.309017, 0.5, 0.0, -0.309017, 0.5, 0.809017, 0.0, -0.5, -0.809017, 0.309017, 0.0, 0.0, 0.0, 0.0, 1.0 ], [ 0.809017, 0.309017, -0.5, 0.0, -0.309017, -0.5, -0.809017, 0.0, -0.5, 0.809017, -0.309017, 0.0, 0.0, 0.0, 0.0, 1.0 ], [ 0.5, -0.809017, 0.309017, 0.0, -0.809017, -0.309017, 0.5, 0.0, -0.309017, -0.5, -0.809017, 0.0, 0.0, 0.0, 0.0, 1.0 ], [ 0.309017, 0.5, 0.809017, 0.0, -0.5, 0.809017, -0.309017, 0.0, -0.809017, -0.309017, 0.5, 0.0, 0.0, 0.0, 0.0, 1.0 ], [ -1.0, 0.0, 0.0, 0.0, 0.0, -1.0, 0.0, 0.0, 0.0, 0.0, 1.0, 0.0, 0.0, 0.0, 0.0, 1.0 ], [ 0.0, 0.0, -1.0, 0.0, -1.0, 0.0, 0.0, 0.0, 0.0, 1.0, 0.0, 0.0, 0.0, 0.0, 0.0, 1.0 ], [ 0.0, -1.0, 0.0, 0.0, 0.0, 0.0, -1.0, 0.0, 1.0, 0.0, 0.0, 0.0, 0.0, 0.0, 0.0, 1.0 ], [ -0.809017, -0.309017, -0.5, 0.0, -0.309017, -0.5, 0.809017, 0.0, -0.5, 0.809017, 0.309017, 0.0, 0.0, 0.0, 0.0, 1.0 ], [ 0.5, -0.809017, -0.309017, 0.0, -0.809017, -0.309017, -0.5, 0.0, 0.309017, 0.5, -0.809017, 0.0, 0.0, 0.0, 0.0, 1.0 ], [ -0.309017, -0.5, 0.809017, 0.0, 0.5, -0.809017, -0.309017, 0.0, 0.809017, 0.309017, 0.5, 0.0, 0.0, 0.0, 0.0, 1.0 ], [ -0.5, -0.809017, -0.309017, 0.0, -0.809017, 0.309017, 0.5, 0.0, -0.309017, 0.5, -0.809017, 0.0, 0.0, 0.0, 0.0, 1.0 ], [ 0.309017, -0.5, 0.809017, 0.0, -0.5, -0.809017, -0.309017, 0.0, 0.809017, -0.309017, -0.5, 0.0, 0.0, 0.0, 0.0, 1.0 ], [ -0.809017, 0.309017, 0.5, 0.0, 0.309017, -0.5, 0.809017, 0.0, 0.5, 0.809017, 0.309017, 0.0, 0.0, 0.0, 0.0, 1.0 ], [ -0.5, -0.809017, 0.309017, 0.0, -0.809017, 0.309017, -0.5, 0.0, 0.309017, -0.5, -0.809017, 0.0, 0.0, 0.0, 0.0, 1.0 ], [ -0.309017, 0.5, 0.809017, 0.0, -0.5, -0.809017, 0.309017, 0.0, 0.809017, -0.309017, 0.5, 0.0, 0.0, 0.0, 0.0, 1.0 ], [ -0.809017, 0.309017, -0.5, 0.0, -0.309017, 0.5, 0.809017, 0.0, 0.5, 0.809017, -0.309017, 0.0, 0.0, 0.0, 0.0, 1.0 ], [ -0.809017, -0.309017, 0.5, 0.0, -0.309017, -0.5, -0.809017, 0.0, 0.5, -0.809017, 0.309017, 0.0, 0.0, 0.0, 0.0, 1.0 ], [ -0.5, 0.809017, -0.309017, 0.0, -0.809017, -0.309017, 0.5, 0.0, 0.309017, 0.5, 0.809017, 0.0, 0.0, 0.0, 0.0, 1.0 ], [ -0.309017, -0.5, -0.809017, 0.0, -0.5, 0.809017, -0.309017, 0.0, 0.809017, 0.309017, -0.5, 0.0, 0.0, 0.0, 0.0, 1.0 ], [ -1.0, 0.0, 0.0, 0.0, 0.0, 1.0, 0.0, 0.0, 0.0, 0.0, -1.0, 0.0, 0.0, 0.0, 0.0, 1.0 ], [ 0.0, 0.0, -1.0, 0.0, 1.0, 0.0, 0.0, 0.0, 0.0, -1.0, 0.0, 0.0, 0.0, 0.0, 0.0, 1.0 ], [ 0.0, -1.0, 0.0, 0.0, 0.0, 0.0, 1.0, 0.0, -1.0, 0.0, 0.0, 0.0, 0.0, 0.0, 0.0, 1.0 ], [ -0.809017, -0.309017, -0.5, 0.0, 0.309017, 0.5, -0.809017, 0.0, 0.5, -0.809017, -0.309017, 0.0, 0.0, 0.0, 0.0, 1.0 ], [ 0.5, -0.809017, -0.309017, 0.0, 0.809017, 0.309017, 0.5, 0.0, -0.309017, -0.5, 0.809017, 0.0, 0.0, 0.0, 0.0, 1.0 ], [ -0.309017, -0.5, 0.809017, 0.0, -0.5, 0.809017, 0.309017, 0.0, -0.809017, -0.309017, -0.5, 0.0, 0.0, 0.0, 0.0, 1.0 ], [ -0.5, -0.809017, -0.309017, 0.0, 0.809017, -0.309017, -0.5, 0.0, 0.309017, -0.5, 0.809017, 0.0, 0.0, 0.0, 0.0, 1.0 ], [ 0.309017, -0.5, 0.809017, 0.0, 0.5, 0.809017, 0.309017, 0.0, -0.809017, 0.309017, 0.5, 0.0, 0.0, 0.0, 0.0, 1.0 ], [ -0.809017, 0.309017, 0.5, 0.0, -0.309017, 0.5, -0.809017, 0.0, -0.5, -0.809017, -0.309017, 0.0, 0.0, 0.0, 0.0, 1.0 ], [ -0.5, -0.809017, 0.309017, 0.0, 0.809017, -0.309017, 0.5, 0.0, -0.309017, 0.5, 0.809017, 0.0, 0.0, 0.0, 0.0, 1.0 ], [ -0.309017, 0.5, 0.809017, 0.0, 0.5, 0.809017, -0.309017, 0.0, -0.809017, 0.309017, -0.5, 0.0, 0.0, 0.0, 0.0, 1.0 ], [ -0.809017, 0.309017, -0.5, 0.0, 0.309017, -0.5, -0.809017, 0.0, -0.5, -0.809017, 0.309017, 0.0, 0.0, 0.0, 0.0, 1.0 ], [ -0.809017, -0.309017, 0.5, 0.0, 0.309017, 0.5, 0.809017, 0.0, -0.5, 0.809017, -0.309017, 0.0, 0.0, 0.0, 0.0, 1.0 ], [ -0.5, 0.809017, -0.309017, 0.0, 0.809017, 0.309017, -0.5, 0.0, -0.309017, -0.5, -0.809017, 0.0, 0.0, 0.0, 0.0, 1.0 ], [ -0.309017, -0.5, -0.809017, 0.0, 0.5, -0.809017, 0.309017, 0.0, -0.809017, -0.309017, 0.5, 0.0, 0.0, 0.0, 0.0, 1.0 ] ],
  "lights" : {
    "directionalLights" : [ {
      "direction" : [ 1.0, -1.0, -1.0 ],
      "color" : "#EBEBE4"
    }, {
      "direction" : [ -1.0, 0.0, 0.0 ],
      "color" : "#E4E4EB"
    }, {
      "direction" : [ 0.0, 0.0, -1.0 ],
      "color" : "#1E1E1E"
    } ],
    "ambientColor" : "#292929",
    "backgroundColor" : "#AFC8DC"
  },
  "camera" : {
    "width" : 186.8623,
    "position" : {
      "x" : -364.26328,
      "y" : -12.369455,
      "z" : 198.97696
    },
    "lookDirectionRV" : {
      "x" : 0.8772154,
      "y" : 0.029788008,
      "z" : -0.47917446,
      "zero" : false
    },
    "perspective" : true,
    "lookAtPointRV" : {
      "x" : 0.0,
      "y" : 0.0,
      "z" : 0.0,
      "zero" : true
    },
    "fieldOfView" : 0.44262892,
    "viewDistance" : 415.2495,
    "upDirectionRV" : {
      "x" : 0.44258782,
      "y" : 0.33658782,
      "z" : 0.8311609,
      "zero" : false
    },
    "lookAtPoint" : {
      "x" : 0.0,
      "y" : 0.0,
      "z" : 0.0
    },
    "lookDirection" : {
      "x" : 0.8772154,
      "y" : 0.029788008,
      "z" : -0.47917446
    },
    "upDirection" : {
      "x" : 0.44258782,
      "y" : 0.33658782,
      "z" : 0.8311609
    },
    "farClipDistance" : 830.499,
    "stereo" : false,
    "nearClipDistance" : 1.0381237
  },
  "embedding" : [ 1.0, 0.0, 0.0, 0.0, 0.0, 1.0, 0.0, 0.0, 0.0, 0.0, 1.0, 0.0, 0.0, 0.0, 0.0, 1.0 ],
  "shapes" : [ {
    "id" : "7bfafb0d-1737-4add-95f7-3f14482f46f0",
    "orbit" : "34",
    "orbitC" : "[[-8,5,1],[0,0,1]]",
    "length" : "[2,3,1]",
    "name" : " :2 +3*phi",
    "vertices" : [ {
      "x" : 4.0676346,
      "y" : -0.26666668,
      "z" : 46.38644
    }, {
      "x" : 3.9676344,
      "y" : 0.13333334,
      "z" : 46.28644
    }, {
      "x" : 0.16843356,
      "y" : 0.26666668,
      "z" : 0.5922732
    }, {
      "x" : 0.26843357,
      "y" : -0.13333334,
      "z" : 0.6922732
    }, {
      "x" : 4.2676344,
      "y" : 0.26666668,
      "z" : 46.05311
    }, {
      "x" : 4.3676343,
      "y" : -0.13333334,
      "z" : 46.153107
    }, {
      "x" : -0.031566434,
      "y" : -0.26666668,
      "z" : 0.92560655
    }, {
      "x" : -0.13156644,
      "y" : 0.13333334,
      "z" : 0.8256065
    } ],
    "faces" : [ {
      "vertices" : [ 2, 3, 6, 7 ]
    }, {
      "vertices" : [ 0, 5, 4, 1 ]
    }, {
      "vertices" : [ 2, 4, 5, 3 ]
    }, {
      "vertices" : [ 0, 6, 3, 5 ]
    }, {
      "vertices" : [ 0, 1, 7, 6 ]
    }, {
      "vertices" : [ 1, 4, 2, 7 ]
    } ]
  }, {
    "id" : "d16e8e12-d8d0-46aa-bdaa-74811ba9e8b6",
    "vertices" : [ {
      "x" : 0.0,
      "y" : 0.0,
      "z" : 0.0
    }, {
      "x" : -32.461494,
      "y" : -30.343458,
      "z" : 60.186916
    }, {
      "x" : 0.0,
      "y" : -71.777084,
      "z" : 0.0
    } ],
    "faces" : [ {
      "vertices" : [ 0, 1, 2 ]
    }, {
      "vertices" : [ 0, 2, 1 ]
    } ]
  }, {
    "id" : "d140657e-bd21-435e-8f61-662a7b715101",
    "vertices" : [ {
      "x" : 0.0,
      "y" : 0.0,
      "z" : 0.0
    }, {
      "x" : -24.798374,
      "y" : 64.92299,
      "z" : 17.944271
    }, {
      "x" : 0.0,
      "y" : 0.0,
      "z" : 35.888542
    } ],
    "faces" : [ {
      "vertices" : [ 0, 1, 2 ]
    }, {
      "vertices" : [ 0, 2, 1 ]
    } ]
  }, {
    "id" : "81595599-42ab-44e4-9af6-920a37636fde",
    "orbit" : "29",
    "orbitC" : "[[-2,5,31],[23,-11,31]]",
    "length" : "[3,5,1]",
    "name" : " :3 +5*phi",
    "vertices" : [ {
      "x" : 39.682243,
      "y" : -28.520035,
      "z" : -57.74007
    }, {
      "x" : 39.58224,
      "y" : -28.920034,
      "z" : -57.640068
    }, {
      "x" : 0.44236955,
      "y" : -0.51440763,
      "z" : -0.32881522
    }, {
      "x" : 0.54236954,
      "y" : -0.11440761,
      "z" : -0.42881522
    }, {
      "x" : 39.882244,
      "y" : -29.053368,
      "z" : -57.406734
    }, {
      "x" : 39.982243,
      "y" : -28.653368,
      "z" : -57.506737
    }, {
      "x" : 0.24236956,
      "y" : 0.018925725,
      "z" : -0.66214854
    }, {
      "x" : 0.14236957,
      "y" : -0.38107428,
      "z" : -0.5621486
    } ],
    "faces" : [ {
      "vertices" : [ 2, 3, 6, 7 ]
    }, {
      "vertices" : [ 0, 5, 4, 1 ]
    }, {
      "vertices" : [ 2, 4, 5, 3 ]
    }, {
      "vertices" : [ 0, 6, 3, 5 ]
    }, {
      "vertices" : [ 0, 1, 7, 6 ]
    }, {
      "vertices" : [ 1, 4, 2, 7 ]
    } ]
  }, {
    "id" : "53b6ced6-fe26-4d42-89e4-03bd26b41450",
    "orbit" : "45",
    "orbitC" : "[[-10,7,3],[5,-3,3]]",
    "length" : "[3,5,1]",
    "name" : " :3 +5*phi",
    "vertices" : [ {
      "x" : 10.728547,
      "y" : 64.53377,
      "z" : 39.681057
    }, {
      "x" : 11.128547,
      "y" : 64.43377,
      "z" : 39.581055
    }, {
      "x" : 0.36162302,
      "y" : 0.3892176,
      "z" : 0.44355536
    }, {
      "x" : -0.03837697,
      "y" : 0.48921758,
      "z" : 0.5435554
    }, {
      "x" : 11.26188,
      "y" : 64.20043,
      "z" : 39.881058
    }, {
      "x" : 10.86188,
      "y" : 64.30044,
      "z" : 39.981056
    }, {
      "x" : -0.1717103,
      "y" : 0.7225509,
      "z" : 0.24355535
    }, {
      "x" : 0.2282897,
      "y" : 0.6225509,
      "z" : 0.14355536
    } ],
    "faces" : [ {
      "vertices" : [ 2, 3, 6, 7 ]
    }, {
      "vertices" : [ 0, 5, 4, 1 ]
    }, {
      "vertices" : [ 2, 4, 5, 3 ]
    }, {
      "vertices" : [ 0, 6, 3, 5 ]
    }, {
      "vertices" : [ 0, 1, 7, 6 ]
    }, {
      "vertices" : [ 1, 4, 2, 7 ]
    } ]
  }, {
    "id" : "87d4a561-bedf-472b-8dcc-cac5b8f81541",
    "vertices" : [ {
      "x" : 0.0,
      "y" : 0.0,
      "z" : 0.0
    }, {
      "x" : -24.798374,
      "y" : 64.92299,
      "z" : 40.12461
    }, {
      "x" : 0.0,
      "y" : 0.0,
      "z" : 80.24922
    } ],
    "faces" : [ {
      "vertices" : [ 0, 1, 2 ]
    }, {
      "vertices" : [ 0, 2, 1 ]
    } ]
  }, {
    "id" : "97e8f257-0729-4f88-8126-93aab35b9d77",
    "vertices" : [ {
      "x" : 0.0,
      "y" : 0.0,
      "z" : 0.0
    }, {
      "x" : 53.832817,
      "y" : 11.09017,
      "z" : 6.854102
    }, {
      "x" : 35.888542,
      "y" : 69.15905,
      "z" : 17.944271
    } ],
    "faces" : [ {
      "vertices" : [ 0, 1, 2 ]
    }, {
      "vertices" : [ 0, 2, 1 ]
    } ]
  }, {
    "id" : "f22d8ac3-3bf7-4f02-9d13-22592763fa7a",
    "orbit" : "52",
    "orbitC" : "[[-14,9,11],[9,-5,11]]",
    "length" : "[1,2,1]",
    "name" : " :1 +2*phi",
    "vertices" : [ {
      "x" : -21.785053,
      "y" : -6.413782,
      "z" : -10.709193
    }, {
      "x" : -21.685053,
      "y" : -6.813782,
      "z" : -10.609194
    }, {
      "x" : -0.39528626,
      "y" : -0.44031966,
      "z" : -0.38097647
    }, {
      "x" : -0.49528626,
      "y" : -0.04031967,
      "z" : -0.48097646
    }, {
      "x" : -21.451721,
      "y" : -6.9471154,
      "z" : -10.909193
    }, {
      "x" : -21.55172,
      "y" : -6.547116,
      "z" : -11.009193
    }, {
      "x" : -0.7286196,
      "y" : 0.09301367,
      "z" : -0.18097647
    }, {
      "x" : -0.6286196,
      "y" : -0.30698633,
      "z" : -0.080976464
    } ],
    "faces" : [ {
      "vertices" : [ 2, 3, 6, 7 ]
    }, {
      "vertices" : [ 0, 5, 4, 1 ]
    }, {
      "vertices" : [ 2, 4, 5, 3 ]
    }, {
      "vertices" : [ 0, 6, 3, 5 ]
    }, {
      "vertices" : [ 0, 1, 7, 6 ]
    }, {
      "vertices" : [ 1, 4, 2, 7 ]
    } ]
  }, {
    "id" : "c58e078b-f6a6-4852-84b7-a6c17643b2ff",
    "orbit" : "11",
    "orbitC" : "[[-8,6,5],[-4,3,5]]",
    "length" : "[3,5,1]",
    "name" : " :3 +5*phi",
    "vertices" : [ {
      "x" : -21.765694,
      "y" : -11.116179,
      "z" : -64.36137
    }, {
      "x" : -21.865692,
      "y" : -10.71618,
      "z" : -64.46137
    }, {
      "x" : -0.41464692,
      "y" : 0.026009874,
      "z" : -0.5616158
    }, {
      "x" : -0.31464693,
      "y" : -0.37399012,
      "z" : -0.4616158
    }, {
      "x" : -22.165693,
      "y" : -10.849513,
      "z" : -64.228035
    }, {
      "x" : -22.065693,
      "y" : -11.249514,
      "z" : -64.12804
    }, {
      "x" : -0.014646917,
      "y" : -0.2406568,
      "z" : -0.69494915
    }, {
      "x" : -0.11464692,
      "y" : 0.15934321,
      "z" : -0.7949491
    } ],
    "faces" : [ {
      "vertices" : [ 2, 3, 6, 7 ]
    }, {
      "vertices" : [ 0, 5, 4, 1 ]
    }, {
      "vertices" : [ 2, 4, 5, 3 ]
    }, {
      "vertices" : [ 0, 6, 3, 5 ]
    }, {
      "vertices" : [ 0, 1, 7, 6 ]
    }, {
      "vertices" : [ 1, 4, 2, 7 ]
    } ]
  }, {
    "id" : "9029b69a-d065-404f-8556-eff6fc61e901",
    "orbit" : "87",
    "orbitC" : "[[-4,5,29],[5,1,29]]",
    "length" : "[2,3,1]",
    "name" : " :2 +3*phi",
    "vertices" : [ {
      "x" : 28.632057,
      "y" : -21.622017,
      "z" : 17.787716
    }, {
      "x" : 28.732058,
      "y" : -21.722017,
      "z" : 17.387716
    }, {
      "x" : 0.40238395,
      "y" : -0.5583228,
      "z" : 0.15655589
    }, {
      "x" : 0.30238396,
      "y" : -0.4583228,
      "z" : 0.5565559
    }, {
      "x" : 28.498724,
      "y" : -22.022017,
      "z" : 17.52105
    }, {
      "x" : 28.398726,
      "y" : -21.922016,
      "z" : 17.92105
    }, {
      "x" : 0.5357173,
      "y" : -0.1583228,
      "z" : 0.42322257
    }, {
      "x" : 0.6357173,
      "y" : -0.2583228,
      "z" : 0.023222566
    } ],
    "faces" : [ {
      "vertices" : [ 2, 3, 6, 7 ]
    }, {
      "vertices" : [ 0, 5, 4, 1 ]
    }, {
      "vertices" : [ 2, 4, 5, 3 ]
    }, {
      "vertices" : [ 0, 6, 3, 5 ]
    }, {
      "vertices" : [ 0, 1, 7, 6 ]
    }, {
      "vertices" : [ 1, 4, 2, 7 ]
    } ]
  }, {
    "id" : "054fbb3d-27ea-49da-a5a8-3dc86cc7aa8e",
    "vertices" : [ {
      "x" : 0.0,
      "y" : 0.0,
      "z" : 0.0
    }, {
      "x" : -69.15905,
      "y" : -35.888542,
      "z" : -6.854102
    }, {
      "x" : -17.944271,
      "y" : -46.978714,
      "z" : 51.214783
    } ],
    "faces" : [ {
      "vertices" : [ 0, 1, 2 ]
    }, {
      "vertices" : [ 0, 2, 1 ]
    } ]
  }, {
    "id" : "33ec1179-2dc1-4a98-8d86-b88aa32711c0",
    "vertices" : [ {
      "x" : 0.0,
      "y" : 0.0,
      "z" : 0.0
    }, {
      "x" : -46.978714,
      "y" : -53.832817,
      "z" : -22.18034
    }, {
      "x" : -69.15905,
      "y" : 22.18034,
      "z" : -29.034441
    } ],
    "faces" : [ {
      "vertices" : [ 0, 1, 2 ]
    }, {
      "vertices" : [ 0, 2, 1 ]
    } ]
  }, {
    "id" : "b9c4fa6f-60ca-4fa1-9532-ceeb8ff9b46c",
    "orbit" : "33",
    "orbitC" : "[[-14,9,3],[5,-3,3]]",
    "length" : "[3,5,1]",
    "name" : " :3 +5*phi",
    "vertices" : [ {
      "x" : 46.44463,
      "y" : -50.908222,
      "z" : 17.511799
    }, {
      "x" : 46.344627,
      "y" : -50.80822,
      "z" : 17.9118
    }, {
      "x" : 0.53408515,
      "y" : -0.30655992,
      "z" : 0.43247244
    }, {
      "x" : 0.6340852,
      "y" : -0.4065599,
      "z" : 0.032472443
    }, {
      "x" : 46.64463,
      "y" : -50.57489,
      "z" : 18.045134
    }, {
      "x" : 46.74463,
      "y" : -50.67489,
      "z" : 17.645132
    }, {
      "x" : 0.33408517,
      "y" : -0.63989323,
      "z" : -0.10086089
    }, {
      "x" : 0.23408516,
      "y" : -0.53989327,
      "z" : 0.2991391
    } ],
    "faces" : [ {
      "vertices" : [ 2, 3, 6, 7 ]
    }, {
      "vertices" : [ 0, 5, 4, 1 ]
    }, {
      "vertices" : [ 2, 4, 5, 3 ]
    }, {
      "vertices" : [ 0, 6, 3, 5 ]
    }, {
      "vertices" : [ 0, 1, 7, 6 ]
    }, {
      "vertices" : [ 1, 4, 2, 7 ]
    } ]
  }, {
    "id" : "21632e03-31f3-4b11-9e2a-0317a70e86d9",
    "vertices" : [ {
      "x" : 0.0,
      "y" : 0.0,
      "z" : 0.0
    }, {
      "x" : 53.832817,
      "y" : -58.068882,
      "z" : 11.09017
    }, {
      "x" : -17.944271,
      "y" : -69.15905,
      "z" : -6.854102
    } ],
    "faces" : [ {
      "vertices" : [ 0, 1, 2 ]
    }, {
      "vertices" : [ 0, 2, 1 ]
    } ]
  }, {
    "id" : "a2692fd0-dc94-4496-8536-561ecaec795e",
    "vertices" : [ {
      "x" : 0.0,
      "y" : 0.0,
      "z" : 0.0
    }, {
      "x" : 46.978714,
      "y" : 53.832817,
      "z" : 22.18034
    }, {
      "x" : 35.888542,
      "y" : -17.944271,
      "z" : 51.214783
    } ],
    "faces" : [ {
      "vertices" : [ 0, 1, 2 ]
    }, {
      "vertices" : [ 0, 2, 1 ]
    } ]
  }, {
    "id" : "758f9117-a1b8-472a-bf93-31c012e9b1d7",
    "orbit" : "lavender",
    "orbitC" : "[[-3,2,1],[-3,2,1]]",
    "length" : "[3,5,1]",
    "name" : " :3 +5*phi",
    "vertices" : [ {
      "x" : 17.326239,
      "y" : 74.20414,
      "z" : 17.208204
    }, {
      "x" : 17.826239,
      "y" : 74.01315,
      "z" : 17.517221
    }, {
      "x" : 0.73606795,
      "y" : 1.618034,
      "z" : 0.42705098
    }, {
      "x" : 0.23606798,
      "y" : 1.809017,
      "z" : 0.11803399
    }, {
      "x" : 17.208204,
      "y" : 74.39512,
      "z" : 17.517221
    }, {
      "x" : 17.708204,
      "y" : 74.20414,
      "z" : 17.826239
    }, {
      "x" : 17.753288,
      "y" : 75.01315,
      "z" : 18.253288
    }, {
      "x" : 17.253288,
      "y" : 75.20414,
      "z" : 17.944271
    }, {
      "x" : 0.11803399,
      "y" : 2.0,
      "z" : 0.42705098
    }, {
      "x" : 0.618034,
      "y" : 1.809017,
      "z" : 0.73606795
    }, {
      "x" : 0.690983,
      "y" : 0.809017,
      "z" : 0.0
    }, {
      "x" : 0.19098301,
      "y" : 1.0,
      "z" : -0.309017
    }, {
      "x" : 0.19098301,
      "y" : 1.0,
      "z" : 0.309017
    }, {
      "x" : 17.753288,
      "y" : 75.01315,
      "z" : 17.635256
    }, {
      "x" : 17.944271,
      "y" : 76.01315,
      "z" : 17.944271
    } ],
    "faces" : [ {
      "vertices" : [ 0, 1, 2, 3 ]
    }, {
      "vertices" : [ 0, 4, 7 ]
    }, {
      "vertices" : [ 1, 6, 5 ]
    }, {
      "vertices" : [ 0, 13, 1 ]
    }, {
      "vertices" : [ 0, 3, 8, 4 ]
    }, {
      "vertices" : [ 1, 5, 9, 2 ]
    }, {
      "vertices" : [ 1, 13, 6 ]
    }, {
      "vertices" : [ 0, 7, 13 ]
    }, {
      "vertices" : [ 2, 9, 10 ]
    }, {
      "vertices" : [ 4, 5, 6, 7 ]
    }, {
      "vertices" : [ 3, 11, 8 ]
    }, {
      "vertices" : [ 4, 8, 9, 5 ]
    }, {
      "vertices" : [ 2, 10, 11, 3 ]
    }, {
      "vertices" : [ 8, 12, 9 ]
    }, {
      "vertices" : [ 8, 11, 12 ]
    }, {
      "vertices" : [ 9, 12, 10 ]
    } ]
  }, {
    "id" : "152a4a67-144f-4485-8046-d5bb813829f5",
    "vertices" : [ {
      "x" : 0.0,
      "y" : 0.0,
      "z" : 0.0
    }, {
      "x" : -58.068882,
      "y" : -29.034441,
      "z" : -24.798374
    }, {
      "x" : 11.09017,
      "y" : -22.18034,
      "z" : -64.92299
    } ],
    "faces" : [ {
      "vertices" : [ 0, 1, 2 ]
    }, {
      "vertices" : [ 0, 2, 1 ]
    } ]
  }, {
    "id" : "40cf8682-ead5-4555-afa8-c5956bab1a87",
    "vertices" : [ {
      "x" : 0.0,
      "y" : 0.0,
      "z" : 0.0
    }, {
      "x" : 0.0,
      "y" : 0.0,
      "z" : 80.24922
    }, {
      "x" : 24.798374,
      "y" : -64.92299,
      "z" : 40.12461
    } ],
    "faces" : [ {
      "vertices" : [ 0, 1, 2 ]
    }, {
      "vertices" : [ 0, 2, 1 ]
    } ]
  }, {
    "id" : "252b2ecf-683b-4725-b023-4f2eeb4d28a6",
    "name" : "ball",
    "vertices" : [ {
      "x" : 0.309017,
      "y" : -0.809017,
      "z" : 0.618034
    }, {
      "x" : 0.809017,
      "y" : -0.618034,
      "z" : 0.309017
    }, {
      "x" : 0.618034,
      "y" : -0.309017,
      "z" : 0.809017
    }, {
      "x" : 1.0,
      "y" : 0.309017,
      "z" : 0.19098301
    }, {
      "x" : 0.809017,
      "y" : 0.618034,
      "z" : 0.309017
    }, {
      "x" : 0.618034,
      "y" : 0.309017,
      "z" : 0.809017
    }, {
      "x" : 0.809017,
      "y" : 0.0,
      "z" : 0.690983
    }, {
      "x" : 0.19098301,
      "y" : -1.0,
      "z" : 0.309017
    }, {
      "x" : -0.19098301,
      "y" : -1.0,
      "z" : 0.309017
    }, {
      "x" : -0.19098301,
      "y" : -1.0,
      "z" : -0.309017
    }, {
      "x" : 0.19098301,
      "y" : -1.0,
      "z" : -0.309017
    }, {
      "x" : 1.0,
      "y" : -0.309017,
      "z" : -0.19098301
    }, {
      "x" : 0.809017,
      "y" : -0.618034,
      "z" : -0.309017
    }, {
      "x" : 0.618034,
      "y" : -0.309017,
      "z" : -0.809017
    }, {
      "x" : 0.809017,
      "y" : 0.0,
      "z" : -0.690983
    }, {
      "x" : 0.0,
      "y" : 0.690983,
      "z" : -0.809017
    }, {
      "x" : 0.309017,
      "y" : 0.809017,
      "z" : -0.618034
    }, {
      "x" : 0.618034,
      "y" : 0.309017,
      "z" : -0.809017
    }, {
      "x" : 0.309017,
      "y" : 0.19098301,
      "z" : -1.0
    }, {
      "x" : 1.0,
      "y" : 0.309017,
      "z" : -0.19098301
    }, {
      "x" : -0.309017,
      "y" : -0.809017,
      "z" : 0.618034
    }, {
      "x" : 0.0,
      "y" : -0.690983,
      "z" : 0.809017
    }, {
      "x" : 0.809017,
      "y" : 0.618034,
      "z" : -0.309017
    }, {
      "x" : 0.690983,
      "y" : 0.809017,
      "z" : 0.0
    }, {
      "x" : -0.690983,
      "y" : 0.809017,
      "z" : 0.0
    }, {
      "x" : -0.809017,
      "y" : 0.618034,
      "z" : 0.309017
    }, {
      "x" : -0.309017,
      "y" : 0.809017,
      "z" : 0.618034
    }, {
      "x" : -0.19098301,
      "y" : 1.0,
      "z" : 0.309017
    }, {
      "x" : 0.309017,
      "y" : -0.19098301,
      "z" : -1.0
    }, {
      "x" : 0.19098301,
      "y" : 1.0,
      "z" : 0.309017
    }, {
      "x" : 0.309017,
      "y" : 0.809017,
      "z" : 0.618034
    }, {
      "x" : -0.809017,
      "y" : -0.618034,
      "z" : 0.309017
    }, {
      "x" : -0.690983,
      "y" : -0.809017,
      "z" : 0.0
    }, {
      "x" : 0.0,
      "y" : 0.690983,
      "z" : 0.809017
    }, {
      "x" : 0.309017,
      "y" : -0.809017,
      "z" : -0.618034
    }, {
      "x" : 0.0,
      "y" : -0.690983,
      "z" : -0.809017
    }, {
      "x" : -1.0,
      "y" : 0.309017,
      "z" : 0.19098301
    }, {
      "x" : -0.809017,
      "y" : 0.0,
      "z" : 0.690983
    }, {
      "x" : -0.618034,
      "y" : 0.309017,
      "z" : 0.809017
    }, {
      "x" : 1.0,
      "y" : -0.309017,
      "z" : 0.19098301
    }, {
      "x" : -0.309017,
      "y" : -0.809017,
      "z" : -0.618034
    }, {
      "x" : -1.0,
      "y" : 0.309017,
      "z" : -0.19098301
    }, {
      "x" : -1.0,
      "y" : -0.309017,
      "z" : -0.19098301
    }, {
      "x" : -1.0,
      "y" : -0.309017,
      "z" : 0.19098301
    }, {
      "x" : 0.19098301,
      "y" : 1.0,
      "z" : -0.309017
    }, {
      "x" : -0.809017,
      "y" : 0.618034,
      "z" : -0.309017
    }, {
      "x" : -0.19098301,
      "y" : 1.0,
      "z" : -0.309017
    }, {
      "x" : -0.309017,
      "y" : 0.809017,
      "z" : -0.618034
    }, {
      "x" : -0.618034,
      "y" : -0.309017,
      "z" : 0.809017
    }, {
      "x" : 0.309017,
      "y" : 0.19098301,
      "z" : 1.0
    }, {
      "x" : -0.309017,
      "y" : 0.19098301,
      "z" : -1.0
    }, {
      "x" : -0.309017,
      "y" : 0.19098301,
      "z" : 1.0
    }, {
      "x" : -0.309017,
      "y" : -0.19098301,
      "z" : 1.0
    }, {
      "x" : 0.309017,
      "y" : -0.19098301,
      "z" : 1.0
    }, {
      "x" : 0.690983,
      "y" : -0.809017,
      "z" : 0.0
    }, {
      "x" : -0.809017,
      "y" : 0.0,
      "z" : -0.690983
    }, {
      "x" : -0.618034,
      "y" : -0.309017,
      "z" : -0.809017
    }, {
      "x" : -0.309017,
      "y" : -0.19098301,
      "z" : -1.0
    }, {
      "x" : -0.618034,
      "y" : 0.309017,
      "z" : -0.809017
    }, {
      "x" : -0.809017,
      "y" : -0.618034,
      "z" : -0.309017
    } ],
    "faces" : [ {
      "vertices" : [ 9, 40, 35, 34, 10 ]
    }, {
      "vertices" : [ 0, 1, 2 ]
    }, {
      "vertices" : [ 33, 51, 49 ]
    }, {
      "vertices" : [ 25, 36, 37, 38 ]
    }, {
      "vertices" : [ 41, 55, 42 ]
    }, {
      "vertices" : [ 9, 32, 59, 40 ]
    }, {
      "vertices" : [ 20, 21, 52, 48 ]
    }, {
      "vertices" : [ 26, 33, 30, 29, 27 ]
    }, {
      "vertices" : [ 3, 4, 5, 6 ]
    }, {
      "vertices" : [ 27, 29, 44, 46 ]
    }, {
      "vertices" : [ 50, 57, 56, 55, 58 ]
    }, {
      "vertices" : [ 26, 38, 51, 33 ]
    }, {
      "vertices" : [ 45, 47, 58 ]
    }, {
      "vertices" : [ 18, 28, 57, 50 ]
    }, {
      "vertices" : [ 40, 59, 56 ]
    }, {
      "vertices" : [ 31, 48, 37, 43 ]
    }, {
      "vertices" : [ 7, 8, 9, 10 ]
    }, {
      "vertices" : [ 36, 41, 42, 43 ]
    }, {
      "vertices" : [ 24, 46, 47, 45 ]
    }, {
      "vertices" : [ 4, 30, 5 ]
    }, {
      "vertices" : [ 15, 47, 46, 44, 16 ]
    }, {
      "vertices" : [ 15, 50, 58, 47 ]
    }, {
      "vertices" : [ 24, 45, 41, 36, 25 ]
    }, {
      "vertices" : [ 11, 14, 19 ]
    }, {
      "vertices" : [ 3, 6, 39 ]
    }, {
      "vertices" : [ 1, 39, 6, 2 ]
    }, {
      "vertices" : [ 8, 32, 9 ]
    }, {
      "vertices" : [ 11, 12, 13, 14 ]
    }, {
      "vertices" : [ 16, 22, 17 ]
    }, {
      "vertices" : [ 0, 21, 20, 8, 7 ]
    }, {
      "vertices" : [ 12, 34, 13 ]
    }, {
      "vertices" : [ 35, 40, 56, 57 ]
    }, {
      "vertices" : [ 0, 7, 54, 1 ]
    }, {
      "vertices" : [ 15, 16, 17, 18 ]
    }, {
      "vertices" : [ 3, 19, 22, 23, 4 ]
    }, {
      "vertices" : [ 7, 10, 54 ]
    }, {
      "vertices" : [ 41, 45, 58, 55 ]
    }, {
      "vertices" : [ 3, 39, 11, 19 ]
    }, {
      "vertices" : [ 14, 17, 22, 19 ]
    }, {
      "vertices" : [ 0, 2, 53, 21 ]
    }, {
      "vertices" : [ 49, 51, 52, 53 ]
    }, {
      "vertices" : [ 31, 43, 42, 59, 32 ]
    }, {
      "vertices" : [ 15, 18, 50 ]
    }, {
      "vertices" : [ 42, 55, 56, 59 ]
    }, {
      "vertices" : [ 4, 23, 29, 30 ]
    }, {
      "vertices" : [ 25, 38, 26 ]
    }, {
      "vertices" : [ 13, 28, 18, 17, 14 ]
    }, {
      "vertices" : [ 8, 20, 31, 32 ]
    }, {
      "vertices" : [ 23, 44, 29 ]
    }, {
      "vertices" : [ 24, 27, 46 ]
    }, {
      "vertices" : [ 37, 48, 52, 51, 38 ]
    }, {
      "vertices" : [ 20, 48, 31 ]
    }, {
      "vertices" : [ 24, 25, 26, 27 ]
    }, {
      "vertices" : [ 16, 44, 23, 22 ]
    }, {
      "vertices" : [ 13, 34, 35, 28 ]
    }, {
      "vertices" : [ 10, 34, 12, 54 ]
    }, {
      "vertices" : [ 2, 6, 5, 49, 53 ]
    }, {
      "vertices" : [ 36, 43, 37 ]
    }, {
      "vertices" : [ 5, 30, 33, 49 ]
    }, {
      "vertices" : [ 1, 54, 12, 11, 39 ]
    }, {
      "vertices" : [ 28, 35, 57 ]
    }, {
      "vertices" : [ 21, 53, 52 ]
    } ]
  }, {
    "id" : "e07de20a-bb82-4d19-885d-f11831912e31",
    "vertices" : [ {
      "x" : 0.0,
      "y" : 0.0,
      "z" : 0.0
    }, {
      "x" : -46.978714,
      "y" : -6.854102,
      "z" : -35.888542
    }, {
      "x" : -3.427051,
      "y" : -23.489357,
      "z" : 26.916409
    } ],
    "faces" : [ {
      "vertices" : [ 0, 1, 2 ]
    }, {
      "vertices" : [ 0, 2, 1 ]
    } ]
  }, {
    "id" : "76c26818-9cc9-440a-bfa1-23fe9677b436",
    "orbit" : "black",
    "orbitC" : "[[-2,3,11],[-7,5,11]]",
    "length" : "[3,4,1]",
    "name" : " :3 +4*phi",
    "vertices" : [ {
      "x" : 1.927051,
      "y" : 0.809017,
      "z" : 0.0
    }, {
      "x" : 75.39512,
      "y" : 19.871323,
      "z" : -7.2811527
    }, {
      "x" : 75.39512,
      "y" : 19.871323,
      "z" : -7.663119
    }, {
      "x" : 1.927051,
      "y" : 0.809017,
      "z" : -0.38196602
    }, {
      "x" : 76.322174,
      "y" : 19.753288,
      "z" : -7.854102
    }, {
      "x" : 75.39512,
      "y" : 19.253288,
      "z" : -7.2811527
    }, {
      "x" : 76.322174,
      "y" : 19.753288,
      "z" : -7.472136
    }, {
      "x" : 76.322174,
      "y" : 20.371323,
      "z" : -7.472136
    }, {
      "x" : 1.0,
      "y" : -0.309017,
      "z" : 0.19098301
    }, {
      "x" : 1.927051,
      "y" : 0.19098301,
      "z" : 0.0
    }, {
      "x" : 1.0,
      "y" : 0.309017,
      "z" : 0.19098301
    }, {
      "x" : 75.39512,
      "y" : 19.253288,
      "z" : -7.663119
    }, {
      "x" : 76.322174,
      "y" : 20.371323,
      "z" : -7.854102
    }, {
      "x" : 1.927051,
      "y" : 0.19098301,
      "z" : -0.38196602
    }, {
      "x" : 77.322174,
      "y" : 20.062305,
      "z" : -7.663119
    }, {
      "x" : 1.0,
      "y" : -0.309017,
      "z" : -0.19098301
    }, {
      "x" : 1.0,
      "y" : 0.309017,
      "z" : -0.19098301
    } ],
    "faces" : [ {
      "vertices" : [ 1, 5, 6, 7 ]
    }, {
      "vertices" : [ 0, 1, 2, 3 ]
    }, {
      "vertices" : [ 5, 9, 13, 11 ]
    }, {
      "vertices" : [ 1, 7, 12, 2 ]
    }, {
      "vertices" : [ 4, 6, 5, 11 ]
    }, {
      "vertices" : [ 0, 10, 8, 9 ]
    }, {
      "vertices" : [ 2, 12, 4, 11 ]
    }, {
      "vertices" : [ 2, 11, 13, 3 ]
    }, {
      "vertices" : [ 8, 15, 13, 9 ]
    }, {
      "vertices" : [ 0, 3, 16, 10 ]
    }, {
      "vertices" : [ 3, 13, 15, 16 ]
    }, {
      "vertices" : [ 0, 9, 5, 1 ]
    } ]
  }, {
    "id" : "71964c27-bb9e-4239-b6d6-117739b3ecc9",
    "vertices" : [ {
      "x" : 0.0,
      "y" : 0.0,
      "z" : 0.0
    }, {
      "x" : 22.18034,
      "y" : -35.888542,
      "z" : 58.068882
    }, {
      "x" : 17.944271,
      "y" : -53.832817,
      "z" : -17.944271
    } ],
    "faces" : [ {
      "vertices" : [ 0, 1, 2 ]
    }, {
      "vertices" : [ 0, 2, 1 ]
    } ]
  }, {
    "id" : "8557649d-1239-4cb9-a1e4-8a8f5495b8e0",
    "vertices" : [ {
      "x" : 0.0,
      "y" : 0.0,
      "z" : 0.0
    }, {
      "x" : -35.888542,
      "y" : 6.854102,
      "z" : 69.15905
    }, {
      "x" : -53.832817,
      "y" : 58.068882,
      "z" : 11.09017
    } ],
    "faces" : [ {
      "vertices" : [ 0, 1, 2 ]
    }, {
      "vertices" : [ 0, 2, 1 ]
    } ]
  }, {
    "id" : "96b7895d-adac-4eb4-a8cb-098460851dd2",
    "vertices" : [ {
      "x" : 0.0,
      "y" : 0.0,
      "z" : 0.0
    }, {
      "x" : -44.86068,
      "y" : 7.663119,
      "z" : -52.5238
    }, {
      "x" : -52.5238,
      "y" : -44.86068,
      "z" : 7.663119
    } ],
    "faces" : [ {
      "vertices" : [ 0, 1, 2 ]
    }, {
      "vertices" : [ 0, 2, 1 ]
    } ]
  }, {
    "id" : "f84c9e6b-cdf9-41d2-915b-608491e00a8a",
    "orbit" : "39",
    "orbitC" : "[[-7,5,11],[-2,3,11]]",
    "length" : "[3,5,1]",
    "name" : " :3 +5*phi",
    "vertices" : [ {
      "x" : 6.521106,
      "y" : 17.670618,
      "z" : -68.65644
    }, {
      "x" : 6.921106,
      "y" : 17.57062,
      "z" : -68.55644
    }, {
      "x" : 0.33299622,
      "y" : 0.273653,
      "z" : -0.5026097
    }, {
      "x" : -0.06700379,
      "y" : 0.373653,
      "z" : -0.6026097
    }, {
      "x" : 7.054439,
      "y" : 17.870619,
      "z" : -68.32311
    }, {
      "x" : 6.654439,
      "y" : 17.97062,
      "z" : -68.42311
    }, {
      "x" : -0.20033713,
      "y" : 0.073653005,
      "z" : -0.83594304
    }, {
      "x" : 0.19966288,
      "y" : -0.026346996,
      "z" : -0.735943
    } ],
    "faces" : [ {
      "vertices" : [ 2, 3, 6, 7 ]
    }, {
      "vertices" : [ 0, 5, 4, 1 ]
    }, {
      "vertices" : [ 2, 4, 5, 3 ]
    }, {
      "vertices" : [ 0, 6, 3, 5 ]
    }, {
      "vertices" : [ 0, 1, 7, 6 ]
    }, {
      "vertices" : [ 1, 4, 2, 7 ]
    } ]
  }, {
    "id" : "b00df628-ae7a-4ab0-a020-0c0eb65bc180",
    "orbit" : "46",
    "orbitC" : "[[30,-13,31],[-9,7,31]]",
    "length" : "[3,5,1]",
    "name" : " :3 +5*phi",
    "vertices" : [ {
      "x" : 68.73561,
      "y" : 28.6867,
      "z" : 17.524492
    }, {
      "x" : 68.63561,
      "y" : 28.5867,
      "z" : 17.924494
    }, {
      "x" : 0.42344382,
      "y" : 0.34774095,
      "z" : 0.419779
    }, {
      "x" : 0.5234438,
      "y" : 0.44774094,
      "z" : 0.01977899
    }, {
      "x" : 68.402275,
      "y" : 28.886702,
      "z" : 18.057827
    }, {
      "x" : 68.50227,
      "y" : 28.9867,
      "z" : 17.657825
    }, {
      "x" : 0.75677717,
      "y" : 0.14774095,
      "z" : -0.11355434
    }, {
      "x" : 0.65677714,
      "y" : 0.047740944,
      "z" : 0.28644565
    } ],
    "faces" : [ {
      "vertices" : [ 2, 3, 6, 7 ]
    }, {
      "vertices" : [ 0, 5, 4, 1 ]
    }, {
      "vertices" : [ 2, 4, 5, 3 ]
    }, {
      "vertices" : [ 0, 6, 3, 5 ]
    }, {
      "vertices" : [ 0, 1, 7, 6 ]
    }, {
      "vertices" : [ 1, 4, 2, 7 ]
    } ]
  }, {
    "id" : "121040b3-a087-4bfe-8218-fd6c91de272f",
    "orbit" : "72",
    "orbitC" : "[[48,-27,31],[-9,7,31]]",
    "length" : "[3,5,1]",
    "name" : " :3 +5*phi",
    "vertices" : [ {
      "x" : 46.465225,
      "y" : 53.525665,
      "z" : -21.71845
    }, {
      "x" : 46.365223,
      "y" : 53.425667,
      "z" : -22.11845
    }, {
      "x" : 0.5134896,
      "y" : 0.30715024,
      "z" : -0.46188998
    }, {
      "x" : 0.6134896,
      "y" : 0.40715024,
      "z" : -0.061889973
    }, {
      "x" : 46.665226,
      "y" : 53.192333,
      "z" : -22.251783
    }, {
      "x" : 46.765224,
      "y" : 53.29233,
      "z" : -21.851784
    }, {
      "x" : 0.3134896,
      "y" : 0.64048356,
      "z" : 0.07144336
    }, {
      "x" : 0.21348959,
      "y" : 0.5404836,
      "z" : -0.32855663
    } ],
    "faces" : [ {
      "vertices" : [ 2, 3, 6, 7 ]
    }, {
      "vertices" : [ 0, 5, 4, 1 ]
    }, {
      "vertices" : [ 2, 4, 5, 3 ]
    }, {
      "vertices" : [ 0, 6, 3, 5 ]
    }, {
      "vertices" : [ 0, 1, 7, 6 ]
    }, {
      "vertices" : [ 1, 4, 2, 7 ]
    } ]
  }, {
    "id" : "9a400e1b-f751-4e46-ad9a-8bfce0c66a0f",
    "vertices" : [ {
      "x" : 0.0,
      "y" : 0.0,
      "z" : 0.0
    }, {
      "x" : 35.888542,
      "y" : 51.214783,
      "z" : 46.978714
    }, {
      "x" : 6.854102,
      "y" : -17.944271,
      "z" : 69.15905
    } ],
    "faces" : [ {
      "vertices" : [ 0, 1, 2 ]
    }, {
      "vertices" : [ 0, 2, 1 ]
    } ]
  }, {
    "id" : "f3bc7839-c6bd-4097-b948-914a8d3c9165",
    "vertices" : [ {
      "x" : 0.0,
      "y" : 0.0,
      "z" : 0.0
    }, {
      "x" : -51.214783,
      "y" : 17.944271,
      "z" : -46.978714
    }, {
      "x" : -29.034441,
      "y" : 46.978714,
      "z" : 22.18034
    } ],
    "faces" : [ {
      "vertices" : [ 0, 1, 2 ]
    }, {
      "vertices" : [ 0, 2, 1 ]
    } ]
  }, {
    "id" : "67e21fbe-b760-4c05-a483-5cd927a8481c",
    "vertices" : [ {
      "x" : 0.0,
      "y" : 0.0,
      "z" : 0.0
    }, {
      "x" : 58.068882,
      "y" : -24.798374,
      "z" : -40.12461
    }, {
      "x" : 11.09017,
      "y" : -64.92299,
      "z" : -40.12461
    } ],
    "faces" : [ {
      "vertices" : [ 0, 1, 2 ]
    }, {
      "vertices" : [ 0, 2, 1 ]
    } ]
  }, {
    "id" : "867631f6-91a9-43e7-b380-1657b8297bc1",
    "vertices" : [ {
      "x" : 0.0,
      "y" : 0.0,
      "z" : 0.0
    }, {
      "x" : 17.944271,
      "y" : 24.798374,
      "z" : -64.92299
    }, {
      "x" : -17.944271,
      "y" : -40.12461,
      "z" : -40.12461
    } ],
    "faces" : [ {
      "vertices" : [ 0, 1, 2 ]
    }, {
      "vertices" : [ 0, 2, 1 ]
    } ]
  }, {
    "id" : "7bf2e7ea-67c9-4f51-a174-c43e28236830",
    "orbit" : "49",
    "orbitC" : "[[18,-5,19],[-27,17,19]]",
    "length" : "[2,3,1]",
    "name" : " :2 +3*phi",
    "vertices" : [ {
      "x" : -4.318128,
      "y" : 46.47675,
      "z" : 28.48301
    }, {
      "x" : -3.918128,
      "y" : 46.576748,
      "z" : 28.583008
    }, {
      "x" : 0.08205993,
      "y" : 0.5019641,
      "z" : 0.55143315
    }, {
      "x" : -0.31794006,
      "y" : 0.4019641,
      "z" : 0.45143312
    }, {
      "x" : -4.051461,
      "y" : 46.34342,
      "z" : 28.883009
    }, {
      "x" : -4.4514613,
      "y" : 46.243416,
      "z" : 28.783009
    }, {
      "x" : -0.18460673,
      "y" : 0.6352974,
      "z" : 0.15143314
    }, {
      "x" : 0.21539326,
      "y" : 0.73529744,
      "z" : 0.25143313
    } ],
    "faces" : [ {
      "vertices" : [ 2, 3, 6, 7 ]
    }, {
