{
  "polygons" : "true",
  "field" : "golden",
  "symmetry" : "icosahedral",
  "orientations" : [ [ 1.0, 0.0, 0.0, 0.0, 0.0, 1.0, 0.0, 0.0, 0.0, 0.0, 1.0, 0.0, 0.0, 0.0, 0.0, 1.0 ], [ 0.0, 0.0, 1.0, 0.0, 1.0, 0.0, 0.0, 0.0, 0.0, 1.0, 0.0, 0.0, 0.0, 0.0, 0.0, 1.0 ], [ 0.0, 1.0, 0.0, 0.0, 0.0, 0.0, 1.0, 0.0, 1.0, 0.0, 0.0, 0.0, 0.0, 0.0, 0.0, 1.0 ], [ 0.809017, 0.309017, 0.5, 0.0, 0.309017, 0.5, -0.809017, 0.0, -0.5, 0.809017, 0.309017, 0.0, 0.0, 0.0, 0.0, 1.0 ], [ -0.5, 0.809017, 0.309017, 0.0, 0.809017, 0.309017, 0.5, 0.0, 0.309017, 0.5, -0.809017, 0.0, 0.0, 0.0, 0.0, 1.0 ], [ 0.309017, 0.5, -0.809017, 0.0, -0.5, 0.809017, 0.309017, 0.0, 0.809017, 0.309017, 0.5, 0.0, 0.0, 0.0, 0.0, 1.0 ], [ 0.5, 0.809017, 0.309017, 0.0, 0.809017, -0.309017, -0.5, 0.0, -0.309017, 0.5, -0.809017, 0.0, 0.0, 0.0, 0.0, 1.0 ], [ -0.309017, 0.5, -0.809017, 0.0, 0.5, 0.809017, 0.309017, 0.0, 0.809017, -0.309017, -0.5, 0.0, 0.0, 0.0, 0.0, 1.0 ], [ 0.809017, -0.309017, -0.5, 0.0, -0.309017, 0.5, -0.809017, 0.0, 0.5, 0.809017, 0.309017, 0.0, 0.0, 0.0, 0.0, 1.0 ], [ 0.5, 0.809017, -0.309017, 0.0, 0.809017, -0.309017, 0.5, 0.0, 0.309017, -0.5, -0.809017, 0.0, 0.0, 0.0, 0.0, 1.0 ], [ 0.309017, -0.5, -0.809017, 0.0, 0.5, 0.809017, -0.309017, 0.0, 0.809017, -0.309017, 0.5, 0.0, 0.0, 0.0, 0.0, 1.0 ], [ 0.809017, -0.309017, 0.5, 0.0, 0.309017, -0.5, -0.809017, 0.0, 0.5, 0.809017, -0.309017, 0.0, 0.0, 0.0, 0.0, 1.0 ], [ 0.809017, 0.309017, -0.5, 0.0, 0.309017, 0.5, 0.809017, 0.0, 0.5, -0.809017, 0.309017, 0.0, 0.0, 0.0, 0.0, 1.0 ], [ 0.5, -0.809017, 0.309017, 0.0, 0.809017, 0.309017, -0.5, 0.0, 0.309017, 0.5, 0.809017, 0.0, 0.0, 0.0, 0.0, 1.0 ], [ 0.309017, 0.5, 0.809017, 0.0, 0.5, -0.809017, 0.309017, 0.0, 0.809017, 0.309017, -0.5, 0.0, 0.0, 0.0, 0.0, 1.0 ], [ 1.0, 0.0, 0.0, 0.0, 0.0, -1.0, 0.0, 0.0, 0.0, 0.0, -1.0, 0.0, 0.0, 0.0, 0.0, 1.0 ], [ 0.0, 0.0, 1.0, 0.0, -1.0, 0.0, 0.0, 0.0, 0.0, -1.0, 0.0, 0.0, 0.0, 0.0, 0.0, 1.0 ], [ 0.0, 1.0, 0.0, 0.0, 0.0, 0.0, -1.0, 0.0, -1.0, 0.0, 0.0, 0.0, 0.0, 0.0, 0.0, 1.0 ], [ 0.809017, 0.309017, 0.5, 0.0, -0.309017, -0.5, 0.809017, 0.0, 0.5, -0.809017, -0.309017, 0.0, 0.0, 0.0, 0.0, 1.0 ], [ -0.5, 0.809017, 0.309017, 0.0, -0.809017, -0.309017, -0.5, 0.0, -0.309017, -0.5, 0.809017, 0.0, 0.0, 0.0, 0.0, 1.0 ], [ 0.309017, 0.5, -0.809017, 0.0, 0.5, -0.809017, -0.309017, 0.0, -0.809017, -0.309017, -0.5, 0.0, 0.0, 0.0, 0.0, 1.0 ], [ 0.5, 0.809017, 0.309017, 0.0, -0.809017, 0.309017, 0.5, 0.0, 0.309017, -0.5, 0.809017, 0.0, 0.0, 0.0, 0.0, 1.0 ], [ -0.309017, 0.5, -0.809017, 0.0, -0.5, -0.809017, -0.309017, 0.0, -0.809017, 0.309017, 0.5, 0.0, 0.0, 0.0, 0.0, 1.0 ], [ 0.809017, -0.309017, -0.5, 0.0, 0.309017, -0.5, 0.809017, 0.0, -0.5, -0.809017, -0.309017, 0.0, 0.0, 0.0, 0.0, 1.0 ], [ 0.5, 0.809017, -0.309017, 0.0, -0.809017, 0.309017, -0.5, 0.0, -0.309017, 0.5, 0.809017, 0.0, 0.0, 0.0, 0.0, 1.0 ], [ 0.309017, -0.5, -0.809017, 0.0, -0.5, -0.809017, 0.309017, 0.0, -0.809017, 0.309017, -0.5, 0.0, 0.0, 0.0, 0.0, 1.0 ], [ 0.809017, -0.309017, 0.5, 0.0, -0.309017, 0.5, 0.809017, 0.0, -0.5, -0.809017, 0.309017, 0.0, 0.0, 0.0, 0.0, 1.0 ], [ 0.809017, 0.309017, -0.5, 0.0, -0.309017, -0.5, -0.809017, 0.0, -0.5, 0.809017, -0.309017, 0.0, 0.0, 0.0, 0.0, 1.0 ], [ 0.5, -0.809017, 0.309017, 0.0, -0.809017, -0.309017, 0.5, 0.0, -0.309017, -0.5, -0.809017, 0.0, 0.0, 0.0, 0.0, 1.0 ], [ 0.309017, 0.5, 0.809017, 0.0, -0.5, 0.809017, -0.309017, 0.0, -0.809017, -0.309017, 0.5, 0.0, 0.0, 0.0, 0.0, 1.0 ], [ -1.0, 0.0, 0.0, 0.0, 0.0, -1.0, 0.0, 0.0, 0.0, 0.0, 1.0, 0.0, 0.0, 0.0, 0.0, 1.0 ], [ 0.0, 0.0, -1.0, 0.0, -1.0, 0.0, 0.0, 0.0, 0.0, 1.0, 0.0, 0.0, 0.0, 0.0, 0.0, 1.0 ], [ 0.0, -1.0, 0.0, 0.0, 0.0, 0.0, -1.0, 0.0, 1.0, 0.0, 0.0, 0.0, 0.0, 0.0, 0.0, 1.0 ], [ -0.809017, -0.309017, -0.5, 0.0, -0.309017, -0.5, 0.809017, 0.0, -0.5, 0.809017, 0.309017, 0.0, 0.0, 0.0, 0.0, 1.0 ], [ 0.5, -0.809017, -0.309017, 0.0, -0.809017, -0.309017, -0.5, 0.0, 0.309017, 0.5, -0.809017, 0.0, 0.0, 0.0, 0.0, 1.0 ], [ -0.309017, -0.5, 0.809017, 0.0, 0.5, -0.809017, -0.309017, 0.0, 0.809017, 0.309017, 0.5, 0.0, 0.0, 0.0, 0.0, 1.0 ], [ -0.5, -0.809017, -0.309017, 0.0, -0.809017, 0.309017, 0.5, 0.0, -0.309017, 0.5, -0.809017, 0.0, 0.0, 0.0, 0.0, 1.0 ], [ 0.309017, -0.5, 0.809017, 0.0, -0.5, -0.809017, -0.309017, 0.0, 0.809017, -0.309017, -0.5, 0.0, 0.0, 0.0, 0.0, 1.0 ], [ -0.809017, 0.309017, 0.5, 0.0, 0.309017, -0.5, 0.809017, 0.0, 0.5, 0.809017, 0.309017, 0.0, 0.0, 0.0, 0.0, 1.0 ], [ -0.5, -0.809017, 0.309017, 0.0, -0.809017, 0.309017, -0.5, 0.0, 0.309017, -0.5, -0.809017, 0.0, 0.0, 0.0, 0.0, 1.0 ], [ -0.309017, 0.5, 0.809017, 0.0, -0.5, -0.809017, 0.309017, 0.0, 0.809017, -0.309017, 0.5, 0.0, 0.0, 0.0, 0.0, 1.0 ], [ -0.809017, 0.309017, -0.5, 0.0, -0.309017, 0.5, 0.809017, 0.0, 0.5, 0.809017, -0.309017, 0.0, 0.0, 0.0, 0.0, 1.0 ], [ -0.809017, -0.309017, 0.5, 0.0, -0.309017, -0.5, -0.809017, 0.0, 0.5, -0.809017, 0.309017, 0.0, 0.0, 0.0, 0.0, 1.0 ], [ -0.5, 0.809017, -0.309017, 0.0, -0.809017, -0.309017, 0.5, 0.0, 0.309017, 0.5, 0.809017, 0.0, 0.0, 0.0, 0.0, 1.0 ], [ -0.309017, -0.5, -0.809017, 0.0, -0.5, 0.809017, -0.309017, 0.0, 0.809017, 0.309017, -0.5, 0.0, 0.0, 0.0, 0.0, 1.0 ], [ -1.0, 0.0, 0.0, 0.0, 0.0, 1.0, 0.0, 0.0, 0.0, 0.0, -1.0, 0.0, 0.0, 0.0, 0.0, 1.0 ], [ 0.0, 0.0, -1.0, 0.0, 1.0, 0.0, 0.0, 0.0, 0.0, -1.0, 0.0, 0.0, 0.0, 0.0, 0.0, 1.0 ], [ 0.0, -1.0, 0.0, 0.0, 0.0, 0.0, 1.0, 0.0, -1.0, 0.0, 0.0, 0.0, 0.0, 0.0, 0.0, 1.0 ], [ -0.809017, -0.309017, -0.5, 0.0, 0.309017, 0.5, -0.809017, 0.0, 0.5, -0.809017, -0.309017, 0.0, 0.0, 0.0, 0.0, 1.0 ], [ 0.5, -0.809017, -0.309017, 0.0, 0.809017, 0.309017, 0.5, 0.0, -0.309017, -0.5, 0.809017, 0.0, 0.0, 0.0, 0.0, 1.0 ], [ -0.309017, -0.5, 0.809017, 0.0, -0.5, 0.809017, 0.309017, 0.0, -0.809017, -0.309017, -0.5, 0.0, 0.0, 0.0, 0.0, 1.0 ], [ -0.5, -0.809017, -0.309017, 0.0, 0.809017, -0.309017, -0.5, 0.0, 0.309017, -0.5, 0.809017, 0.0, 0.0, 0.0, 0.0, 1.0 ], [ 0.309017, -0.5, 0.809017, 0.0, 0.5, 0.809017, 0.309017, 0.0, -0.809017, 0.309017, 0.5, 0.0, 0.0, 0.0, 0.0, 1.0 ], [ -0.809017, 0.309017, 0.5, 0.0, -0.309017, 0.5, -0.809017, 0.0, -0.5, -0.809017, -0.309017, 0.0, 0.0, 0.0, 0.0, 1.0 ], [ -0.5, -0.809017, 0.309017, 0.0, 0.809017, -0.309017, 0.5, 0.0, -0.309017, 0.5, 0.809017, 0.0, 0.0, 0.0, 0.0, 1.0 ], [ -0.309017, 0.5, 0.809017, 0.0, 0.5, 0.809017, -0.309017, 0.0, -0.809017, 0.309017, -0.5, 0.0, 0.0, 0.0, 0.0, 1.0 ], [ -0.809017, 0.309017, -0.5, 0.0, 0.309017, -0.5, -0.809017, 0.0, -0.5, -0.809017, 0.309017, 0.0, 0.0, 0.0, 0.0, 1.0 ], [ -0.809017, -0.309017, 0.5, 0.0, 0.309017, 0.5, 0.809017, 0.0, -0.5, 0.809017, -0.309017, 0.0, 0.0, 0.0, 0.0, 1.0 ], [ -0.5, 0.809017, -0.309017, 0.0, 0.809017, 0.309017, -0.5, 0.0, -0.309017, -0.5, -0.809017, 0.0, 0.0, 0.0, 0.0, 1.0 ], [ -0.309017, -0.5, -0.809017, 0.0, 0.5, -0.809017, 0.309017, 0.0, -0.809017, -0.309017, 0.5, 0.0, 0.0, 0.0, 0.0, 1.0 ] ],
  "lights" : {
    "directionalLights" : [ {
      "direction" : [ 1.0, -1.0, -1.0 ],
      "color" : "#EBEBE4"
    }, {
      "direction" : [ -1.0, 0.0, 0.0 ],
      "color" : "#E4E4EB"
    }, {
      "direction" : [ 0.0, 0.0, -1.0 ],
      "color" : "#1E1E1E"
    } ],
    "ambientColor" : "#292929",
    "backgroundColor" : "#AFC8DC"
  },
  "camera" : {
    "nearClipDistance" : 0.26644567,
    "perspective" : true,
    "position" : {
      "x" : 0.0,
      "y" : 0.0,
      "z" : -106.578255
    },
    "width" : 47.96022,
    "viewDistance" : 106.578255,
    "fieldOfView" : 0.44262892,
    "farClipDistance" : 213.15651,
    "lookAtPoint" : {
      "x" : 0.0,
      "y" : 0.0,
      "z" : 0.0
    },
    "upDirection" : {
      "x" : 1.0,
      "y" : 0.0,
      "z" : 0.0
    },
    "stereo" : false,
    "lookDirection" : {
      "x" : 0.0,
      "y" : 0.0,
      "z" : 1.0
    }
  },
  "embedding" : [ 1.0, 0.0, 0.0, 0.0, 0.0, 1.0, 0.0, 0.0, 0.0, 0.0, 1.0, 0.0, 0.0, 0.0, 0.0, 1.0 ],
  "shapes" : [ {
    "id" : "5674f0cc-2c72-4a3a-af16-b8203f27dedf",
    "orbit" : "blue",
    "orbitC" : "[[0,0,1],[0,0,1]]",
    "length" : "[1,1,4]",
    "name" : " :1/4 +1/4*phi",
    "vertices" : [ {
      "x" : 4.545085,
      "y" : 0.309017,
      "z" : 0.19098301
    }, {
      "x" : 4.545085,
      "y" : 0.309017,
      "z" : -0.19098301
    }, {
      "x" : 1.0,
      "y" : 0.309017,
      "z" : -0.19098301
    }, {
      "x" : 1.0,
      "y" : 0.309017,
      "z" : 0.19098301
    }, {
      "x" : 4.545085,
      "y" : -0.309017,
      "z" : 0.19098301
    }, {
      "x" : 1.0,
      "y" : -0.309017,
      "z" : 0.19098301
    }, {
      "x" : 1.0,
      "y" : -0.309017,
      "z" : -0.19098301
    }, {
      "x" : 4.545085,
      "y" : -0.309017,
      "z" : -0.19098301
    }, {
      "x" : 5.545085,
      "y" : 0.0,
      "z" : 0.0
    } ],
    "faces" : [ {
      "vertices" : [ 1, 7, 6, 2 ]
    }, {
      "vertices" : [ 0, 1, 2, 3 ]
    }, {
      "vertices" : [ 4, 5, 6, 7 ]
    }, {
      "vertices" : [ 0, 3, 5, 4 ]
    } ]
  }, {
    "id" : "a4c3577f-6df4-480e-b18a-479f2292c93d",
    "name" : "ball",
    "vertices" : [ {
      "x" : 0.309017,
      "y" : -0.809017,
      "z" : 0.618034
    }, {
      "x" : 0.809017,
      "y" : -0.618034,
      "z" : 0.309017
    }, {
      "x" : 0.618034,
      "y" : -0.309017,
      "z" : 0.809017
    }, {
      "x" : 1.0,
      "y" : 0.309017,
      "z" : 0.19098301
    }, {
      "x" : 0.809017,
      "y" : 0.618034,
      "z" : 0.309017
    }, {
      "x" : 0.618034,
      "y" : 0.309017,
      "z" : 0.809017
    }, {
      "x" : 0.809017,
      "y" : 0.0,
      "z" : 0.690983
    }, {
      "x" : 0.19098301,
      "y" : -1.0,
      "z" : 0.309017
    }, {
      "x" : -0.19098301,
      "y" : -1.0,
      "z" : 0.309017
    }, {
      "x" : -0.19098301,
      "y" : -1.0,
      "z" : -0.309017
    }, {
      "x" : 0.19098301,
      "y" : -1.0,
      "z" : -0.309017
    }, {
      "x" : 1.0,
      "y" : -0.309017,
      "z" : -0.19098301
    }, {
      "x" : 0.809017,
      "y" : -0.618034,
      "z" : -0.309017
    }, {
      "x" : 0.618034,
      "y" : -0.309017,
      "z" : -0.809017
    }, {
      "x" : 0.809017,
      "y" : 0.0,
      "z" : -0.690983
    }, {
      "x" : 0.0,
      "y" : 0.690983,
      "z" : -0.809017
    }, {
      "x" : 0.309017,
      "y" : 0.809017,
      "z" : -0.618034
    }, {
      "x" : 0.618034,
      "y" : 0.309017,
      "z" : -0.809017
    }, {
      "x" : 0.309017,
      "y" : 0.19098301,
      "z" : -1.0
    }, {
      "x" : 1.0,
      "y" : 0.309017,
      "z" : -0.19098301
    }, {
      "x" : -0.309017,
      "y" : -0.809017,
      "z" : 0.618034
    }, {
      "x" : 0.0,
      "y" : -0.690983,
      "z" : 0.809017
    }, {
      "x" : 0.809017,
      "y" : 0.618034,
      "z" : -0.309017
    }, {
      "x" : 0.690983,
      "y" : 0.809017,
      "z" : 0.0
    }, {
      "x" : -0.690983,
      "y" : 0.809017,
      "z" : 0.0
    }, {
      "x" : -0.809017,
      "y" : 0.618034,
      "z" : 0.309017
    }, {
      "x" : -0.309017,
      "y" : 0.809017,
      "z" : 0.618034
    }, {
      "x" : -0.19098301,
      "y" : 1.0,
      "z" : 0.309017
    }, {
      "x" : 0.309017,
      "y" : -0.19098301,
      "z" : -1.0
    }, {
      "x" : 0.19098301,
      "y" : 1.0,
      "z" : 0.309017
    }, {
      "x" : 0.309017,
      "y" : 0.809017,
      "z" : 0.618034
    }, {
      "x" : -0.809017,
      "y" : -0.618034,
      "z" : 0.309017
    }, {
      "x" : -0.690983,
      "y" : -0.809017,
      "z" : 0.0
    }, {
      "x" : 0.0,
      "y" : 0.690983,
      "z" : 0.809017
    }, {
      "x" : 0.309017,
      "y" : -0.809017,
      "z" : -0.618034
    }, {
      "x" : 0.0,
      "y" : -0.690983,
      "z" : -0.809017
    }, {
      "x" : -1.0,
      "y" : 0.309017,
      "z" : 0.19098301
    }, {
      "x" : -0.809017,
      "y" : 0.0,
      "z" : 0.690983
    }, {
      "x" : -0.618034,
      "y" : 0.309017,
      "z" : 0.809017
    }, {
      "x" : 1.0,
      "y" : -0.309017,
      "z" : 0.19098301
    }, {
      "x" : -0.309017,
      "y" : -0.809017,
      "z" : -0.618034
    }, {
      "x" : -1.0,
      "y" : 0.309017,
      "z" : -0.19098301
    }, {
      "x" : -1.0,
      "y" : -0.309017,
      "z" : -0.19098301
    }, {
      "x" : -1.0,
      "y" : -0.309017,
      "z" : 0.19098301
    }, {
      "x" : 0.19098301,
      "y" : 1.0,
      "z" : -0.309017
    }, {
      "x" : -0.809017,
      "y" : 0.618034,
      "z" : -0.309017
    }, {
      "x" : -0.19098301,
      "y" : 1.0,
      "z" : -0.309017
    }, {
      "x" : -0.309017,
      "y" : 0.809017,
      "z" : -0.618034
    }, {
      "x" : -0.618034,
      "y" : -0.309017,
      "z" : 0.809017
    }, {
      "x" : 0.309017,
      "y" : 0.19098301,
      "z" : 1.0
    }, {
      "x" : -0.309017,
      "y" : 0.19098301,
      "z" : -1.0
    }, {
      "x" : -0.309017,
      "y" : 0.19098301,
      "z" : 1.0
    }, {
      "x" : -0.309017,
      "y" : -0.19098301,
      "z" : 1.0
    }, {
      "x" : 0.309017,
      "y" : -0.19098301,
      "z" : 1.0
    }, {
      "x" : 0.690983,
      "y" : -0.809017,
      "z" : 0.0
    }, {
      "x" : -0.809017,
      "y" : 0.0,
      "z" : -0.690983
    }, {
      "x" : -0.618034,
      "y" : -0.309017,
      "z" : -0.809017
    }, {
      "x" : -0.309017,
      "y" : -0.19098301,
      "z" : -1.0
    }, {
      "x" : -0.618034,
      "y" : 0.309017,
      "z" : -0.809017
    }, {
      "x" : -0.809017,
      "y" : -0.618034,
      "z" : -0.309017
    } ],
    "faces" : [ {
      "vertices" : [ 9, 40, 35, 34, 10 ]
    }, {
      "vertices" : [ 0, 1, 2 ]
    }, {
      "vertices" : [ 33, 51, 49 ]
    }, {
      "vertices" : [ 25, 36, 37, 38 ]
    }, {
      "vertices" : [ 41, 55, 42 ]
    }, {
      "vertices" : [ 9, 32, 59, 40 ]
    }, {
      "vertices" : [ 20, 21, 52, 48 ]
    }, {
      "vertices" : [ 26, 33, 30, 29, 27 ]
    }, {
      "vertices" : [ 3, 4, 5, 6 ]
    }, {
      "vertices" : [ 27, 29, 44, 46 ]
    }, {
      "vertices" : [ 50, 57, 56, 55, 58 ]
    }, {
      "vertices" : [ 26, 38, 51, 33 ]
    }, {
      "vertices" : [ 45, 47, 58 ]
    }, {
      "vertices" : [ 18, 28, 57, 50 ]
    }, {
      "vertices" : [ 40, 59, 56 ]
    }, {
      "vertices" : [ 31, 48, 37, 43 ]
    }, {
      "vertices" : [ 7, 8, 9, 10 ]
    }, {
      "vertices" : [ 36, 41, 42, 43 ]
    }, {
      "vertices" : [ 24, 46, 47, 45 ]
    }, {
      "vertices" : [ 4, 30, 5 ]
    }, {
      "vertices" : [ 15, 47, 46, 44, 16 ]
    }, {
      "vertices" : [ 15, 50, 58, 47 ]
    }, {
      "vertices" : [ 24, 45, 41, 36, 25 ]
    }, {
      "vertices" : [ 11, 14, 19 ]
    }, {
      "vertices" : [ 3, 6, 39 ]
    }, {
      "vertices" : [ 1, 39, 6, 2 ]
    }, {
      "vertices" : [ 8, 32, 9 ]
    }, {
      "vertices" : [ 11, 12, 13, 14 ]
    }, {
      "vertices" : [ 16, 22, 17 ]
    }, {
      "vertices" : [ 0, 21, 20, 8, 7 ]
    }, {
      "vertices" : [ 12, 34, 13 ]
    }, {
      "vertices" : [ 35, 40, 56, 57 ]
    }, {
      "vertices" : [ 0, 7, 54, 1 ]
    }, {
      "vertices" : [ 15, 16, 17, 18 ]
    }, {
      "vertices" : [ 3, 19, 22, 23, 4 ]
    }, {
      "vertices" : [ 7, 10, 54 ]
    }, {
      "vertices" : [ 41, 45, 58, 55 ]
    }, {
      "vertices" : [ 3, 39, 11, 19 ]
    }, {
      "vertices" : [ 14, 17, 22, 19 ]
    }, {
      "vertices" : [ 0, 2, 53, 21 ]
    }, {
      "vertices" : [ 49, 51, 52, 53 ]
    }, {
      "vertices" : [ 31, 43, 42, 59, 32 ]
    }, {
      "vertices" : [ 15, 18, 50 ]
    }, {
      "vertices" : [ 42, 55, 56, 59 ]
    }, {
      "vertices" : [ 4, 23, 29, 30 ]
    }, {
      "vertices" : [ 25, 38, 26 ]
    }, {
      "vertices" : [ 13, 28, 18, 17, 14 ]
    }, {
      "vertices" : [ 8, 20, 31, 32 ]
    }, {
      "vertices" : [ 23, 44, 29 ]
    }, {
      "vertices" : [ 24, 27, 46 ]
    }, {
      "vertices" : [ 37, 48, 52, 51, 38 ]
    }, {
      "vertices" : [ 20, 48, 31 ]
    }, {
      "vertices" : [ 24, 25, 26, 27 ]
    }, {
      "vertices" : [ 16, 44, 23, 22 ]
    }, {
      "vertices" : [ 13, 34, 35, 28 ]
    }, {
      "vertices" : [ 10, 34, 12, 54 ]
    }, {
      "vertices" : [ 2, 6, 5, 49, 53 ]
    }, {
      "vertices" : [ 36, 43, 37 ]
    }, {
      "vertices" : [ 5, 30, 33, 49 ]
    }, {
      "vertices" : [ 1, 54, 12, 11, 39 ]
    }, {
      "vertices" : [ 28, 35, 57 ]
    }, {
      "vertices" : [ 21, 53, 52 ]
    } ]
  }, {
    "id" : "8a1c4d65-054e-48d0-b95a-2bdde32d0509",
    "orbit" : "1",
    "orbitC" : "[[-8,5,1],[-11,7,1]]",
    "length" : "[0,1,1]",
    "name" : "medium",
    "vertices" : [ {
      "x" : 5.1373925,
      "y" : -10.641452,
      "z" : -0.26666668
    }, {
      "x" : 5.0373926,
      "y" : -10.541452,
      "z" : 0.13333334
    }, {
      "x" : 0.4076923,
      "y" : -0.44871795,
      "z" : 0.26666668
    }, {
      "x" : 0.50769234,
      "y" : -0.548718,
      "z" : -0.13333334
    }, {
      "x" : 5.337393,
      "y" : -10.308119,
      "z" : 0.26666668
    }, {
      "x" : 5.4373927,
      "y" : -10.408118,
      "z" : -0.13333334
    }, {
      "x" : 0.20769231,
      "y" : -0.78205127,
      "z" : -0.26666668
    }, {
      "x" : 0.10769231,
      "y" : -0.6820513,
      "z" : 0.13333334
    } ],
    "faces" : [ {
      "vertices" : [ 2, 3, 6, 7 ]
    }, {
      "vertices" : [ 0, 5, 4, 1 ]
    }, {
      "vertices" : [ 2, 4, 5, 3 ]
    }, {
      "vertices" : [ 0, 6, 3, 5 ]
    }, {
      "vertices" : [ 0, 1, 7, 6 ]
    }, {
      "vertices" : [ 1, 4, 2, 7 ]
    } ]
  }, {
    "id" : "0270a927-5932-46a1-84aa-048caa72bc7c",
    "vertices" : [ {
      "x" : 0.0,
      "y" : 0.0,
      "z" : 0.0
    }, {
      "x" : 0.0,
      "y" : 5.545085,
      "z" : 0.0
    }, {
      "x" : 0.0,
      "y" : 5.545085,
      "z" : 11.09017
    } ],
    "faces" : [ {
      "vertices" : [ 0, 1, 2 ]
    }, {
      "vertices" : [ 0, 2, 1 ]
    } ]
  }, {
    "id" : "0a094497-96b7-4690-b47e-13a750661e85",
    "vertices" : [ {
      "x" : 0.0,
      "y" : 0.0,
      "z" : 0.0
    }, {
      "x" : 0.0,
      "y" : 0.0,
      "z" : 11.09017
    }, {
      "x" : 0.0,
      "y" : -5.545085,
      "z" : 11.09017
    } ],
    "faces" : [ {
      "vertices" : [ 0, 1, 2 ]
    }, {
      "vertices" : [ 0, 2, 1 ]
    } ]
  }, {
    "id" : "ea96e3b6-ec27-4242-91ff-3683dd32c218",
    "vertices" : [ {
      "x" : 0.0,
      "y" : 0.0,
      "z" : 0.0
    }, {
      "x" : 0.0,
      "y" : -11.09017,
      "z" : 5.545085
    }, {
      "x" : 0.0,
      "y" : -11.09017,
      "z" : 0.0
    } ],
    "faces" : [ {
      "vertices" : [ 0, 1, 2 ]
    }, {
      "vertices" : [ 0, 2, 1 ]
    } ]
  }, {
    "id" : "f87c7d31-802a-4068-b599-d194423f4c3c",
    "vertices" : [ {
      "x" : 0.0,
      "y" : 0.0,
      "z" : 0.0
    }, {
      "x" : 0.0,
      "y" : -11.09017,
      "z" : 0.0
    }, {
      "x" : 0.0,
      "y" : 0.0,
      "z" : -5.545085
    } ],
    "faces" : [ {
      "vertices" : [ 0, 1, 2 ]
    }, {
      "vertices" : [ 0, 2, 1 ]
    } ]
  }, {
    "id" : "558642d4-9b67-4a24-aa3b-d6fa16ce1f63",
    "vertices" : [ {
      "x" : 0.0,
      "y" : 0.0,
      "z" : 0.0
    }, {
      "x" : 0.0,
      "y" : 0.0,
      "z" : 5.545085
    }, {
      "x" : 0.0,
      "y" : -11.09017,
      "z" : 5.545085
    } ],
    "faces" : [ {
      "vertices" : [ 0, 1, 2 ]
    }, {
      "vertices" : [ 0, 2, 1 ]
    } ]
  }, {
    "id" : "c108e6ce-c850-41a0-83bf-a4567685eaf9",
    "orbit" : "0",
    "orbitC" : "[[1,0,2],[0,0,1]]",
    "length" : "[0,1,1]",
    "name" : "medium",
    "vertices" : [ {
      "x" : 5.0373926,
      "y" : 0.13333334,
      "z" : -10.541452
    }, {
      "x" : 5.1373925,
      "y" : -0.26666668,
      "z" : -10.641452
    }, {
      "x" : 0.50769234,
      "y" : -0.13333334,
      "z" : -0.548718
    }, {
      "x" : 0.4076923,
      "y" : 0.26666668,
      "z" : -0.44871795
    }, {
      "x" : 5.4373927,
      "y" : -0.13333334,
      "z" : -10.408118
    }, {
      "x" : 5.337393,
      "y" : 0.26666668,
      "z" : -10.308119
    }, {
      "x" : 0.10769231,
      "y" : 0.13333334,
      "z" : -0.6820513
    }, {
      "x" : 0.20769231,
      "y" : -0.26666668,
      "z" : -0.78205127
    } ],
    "faces" : [ {
      "vertices" : [ 2, 3, 6, 7 ]
    }, {
      "vertices" : [ 0, 5, 4, 1 ]
    }, {
      "vertices" : [ 2, 4, 5, 3 ]
    }, {
      "vertices" : [ 0, 6, 3, 5 ]
    }, {
      "vertices" : [ 0, 1, 7, 6 ]
    }, {
      "vertices" : [ 1, 4, 2, 7 ]
    } ]
  }, {
    "id" : "10895931-4800-451e-9d0e-eba981d289ac",
    "vertices" : [ {
      "x" : 0.0,
      "y" : 0.0,
      "z" : 0.0
    }, {
      "x" : 0.0,
      "y" : 5.545085,
      "z" : 11.09017
    }, {
      "x" : 0.0,
      "y" : 0.0,
      "z" : 11.09017
    } ],
    "faces" : [ {
      "vertices" : [ 0, 1, 2 ]
    }, {
      "vertices" : [ 0, 2, 1 ]
    } ]
  }, {
    "id" : "83605a11-9335-4b1e-be61-f9c7b580d9f2",
    "vertices" : [ {
      "x" : 0.0,
      "y" : 0.0,
      "z" : 0.0
    }, {
      "x" : 0.0,
      "y" : -5.545085,
      "z" : 0.0
    }, {
      "x" : 0.0,
      "y" : -5.545085,
      "z" : -5.545085
    }, {
      "x" : 0.0,
      "y" : 0.0,
      "z" : -5.545085
    } ],
    "faces" : [ {
      "vertices" : [ 0, 1, 2, 3 ]
    }, {
      "vertices" : [ 0, 3, 2, 1 ]
    } ]
  }, {
    "id" : "96007074-9e63-4ccf-88fe-db46ed3939a7",
    "vertices" : [ {
      "x" : 0.0,
      "y" : 0.0,
      "z" : 0.0
    }, {
      "x" : 0.0,
      "y" : 11.09017,
      "z" : 0.0
    }, {
      "x" : 0.0,
      "y" : 11.09017,
      "z" : 5.545085
    } ],
    "faces" : [ {
      "vertices" : [ 0, 1, 2 ]
    }, {
      "vertices" : [ 0, 2, 1 ]
    } ]
  }, {
    "id" : "79dcb281-a2fa-449f-8de4-6431b312e8c5",
    "vertices" : [ {
      "x" : 0.0,
      "y" : 0.0,
      "z" : 0.0
    }, {
      "x" : 0.0,
      "y" : 5.545085,
      "z" : 0.0
    }, {
      "x" : 0.0,
      "y" : 5.545085,
      "z" : 5.545085
    }, {
      "x" : 0.0,
      "y" : 0.0,
      "z" : 5.545085
    } ],
    "faces" : [ {
      "vertices" : [ 0, 1, 2, 3 ]
    }, {
      "vertices" : [ 0, 3, 2, 1 ]
    } ]
  }, {
    "id" : "15b7592c-cf5a-4b8f-988d-4b42d84b3fa9",
    "vertices" : [ {
      "x" : 0.0,
      "y" : 0.0,
      "z" : 0.0
    }, {
      "x" : 0.0,
      "y" : 11.09017,
      "z" : -5.545085
    }, {
      "x" : 0.0,
      "y" : 11.09017,
      "z" : 0.0
    } ],
    "faces" : [ {
      "vertices" : [ 0, 1, 2 ]
    }, {
      "vertices" : [ 0, 2, 1 ]
    } ]
  }, {
    "id" : "f75dc244-8338-4ce6-b5c4-6afc06582d5d",
    "vertices" : [ {
      "x" : 0.0,
      "y" : 0.0,
      "z" : 0.0
    }, {
      "x" : 0.0,
      "y" : 0.0,
      "z" : 5.545085
    }, {
      "x" : 0.0,
      "y" : -11.09017,
      "z" : 0.0
    } ],
    "faces" : [ {
      "vertices" : [ 0, 1, 2 ]
    }, {
      "vertices" : [ 0, 2, 1 ]
    } ]
  }, {
    "id" : "907745e3-ae64-4a7e-9a67-8bb98c332e37",
    "vertices" : [ {
      "x" : 0.0,
      "y" : 0.0,
      "z" : 0.0
    }, {
      "x" : 0.0,
      "y" : 0.0,
      "z" : -11.09017
    }, {
      "x" : 0.0,
      "y" : 5.545085,
      "z" : -11.09017
    } ],
    "faces" : [ {
      "vertices" : [ 0, 1, 2 ]
    }, {
      "vertices" : [ 0, 2, 1 ]
    } ]
  }, {
    "id" : "0c8a7888-e649-48e5-9e2e-245637dd9da1",
    "vertices" : [ {
      "x" : 0.0,
      "y" : 0.0,
      "z" : 0.0
    }, {
      "x" : 0.0,
      "y" : 0.0,
      "z" : -5.545085
    }, {
      "x" : 0.0,
      "y" : 5.545085,
      "z" : -5.545085
    }, {
      "x" : 0.0,
      "y" : 5.545085,
      "z" : 0.0
    } ],
    "faces" : [ {
      "vertices" : [ 0, 1, 2, 3 ]
    }, {
      "vertices" : [ 0, 3, 2, 1 ]
    } ]
  }, {
    "id" : "f6fb62bc-334b-4cf5-9ecd-e96bea37360d",
    "vertices" : [ {
      "x" : 0.0,
      "y" : 0.0,
      "z" : 0.0
    }, {
      "x" : 0.0,
      "y" : 0.0,
      "z" : -11.09017
    }, {
      "x" : 0.0,
      "y" : 5.545085,
      "z" : 0.0
    } ],
    "faces" : [ {
      "vertices" : [ 0, 1, 2 ]
    }, {
      "vertices" : [ 0, 2, 1 ]
    } ]
  }, {
    "id" : "6f9c68d4-03fa-4e59-89b7-1cb1e5564e4d",
    "vertices" : [ {
      "x" : 0.0,
      "y" : 0.0,
      "z" : 0.0
    }, {
      "x" : 0.0,
      "y" : 0.0,
      "z" : 5.545085
    }, {
      "x" : 0.0,
      "y" : -5.545085,
      "z" : 5.545085
    }, {
      "x" : 0.0,
      "y" : -5.545085,
      "z" : 0.0
    } ],
    "faces" : [ {
      "vertices" : [ 0, 1, 2, 3 ]
    }, {
      "vertices" : [ 0, 3, 2, 1 ]
    } ]
  }, {
    "id" : "f54b0aca-ac73-4b50-946f-3a4e77d7a07b",
    "vertices" : [ {
      "x" : 0.0,
      "y" : 0.0,
      "z" : 0.0
    }, {
      "x" : 0.0,
      "y" : -5.545085,
      "z" : 0.0
    }, {
      "x" : 0.0,
      "y" : -5.545085,
      "z" : -11.09017
    } ],
    "faces" : [ {
      "vertices" : [ 0, 1, 2 ]
    }, {
      "vertices" : [ 0, 2, 1 ]
    } ]
  }, {
    "id" : "fa47a569-4181-4de2-8ca2-ef4bf1bdfd63",
    "vertices" : [ {
      "x" : 0.0,
      "y" : 0.0,
      "z" : 0.0
    }, {
      "x" : 0.0,
      "y" : 0.0,
      "z" : 11.09017
    }, {
      "x" : 0.0,
      "y" : -5.545085,
      "z" : 0.0
    } ],
    "faces" : [ {
      "vertices" : [ 0, 1, 2 ]
    }, {
      "vertices" : [ 0, 2, 1 ]
    } ]
  }, {
    "id" : "4ad721b4-3dfb-4ae9-bf04-cc30b2fe48ce",
    "vertices" : [ {
      "x" : 0.0,
      "y" : 0.0,
      "z" : 0.0
    }, {
      "x" : 0.0,
      "y" : 11.09017,
      "z" : 0.0
    }, {
      "x" : 0.0,
      "y" : 0.0,
      "z" : 5.545085
    } ],
    "faces" : [ {
      "vertices" : [ 0, 1, 2 ]
    }, {
      "vertices" : [ 0, 2, 1 ]
    } ]
  }, {
    "id" : "98de74fb-a788-4fcb-90f5-49b9edfa54b1",
    "vertices" : [ {
      "x" : 0.0,
      "y" : 0.0,
      "z" : 0.0
    }, {
      "x" : 0.0,
      "y" : -5.545085,
      "z" : -11.09017
    }, {
      "x" : 0.0,
      "y" : 0.0,
      "z" : -11.09017
    } ],
    "faces" : [ {
      "vertices" : [ 0, 1, 2 ]
    }, {
      "vertices" : [ 0, 2, 1 ]
    } ]
  }, {
    "id" : "b8047a09-1e7e-4b5d-b687-a5a270179afd",
    "vertices" : [ {
      "x" : 0.0,
      "y" : 0.0,
      "z" : 0.0
    }, {
      "x" : 0.0,
      "y" : 0.0,
      "z" : -5.545085
    }, {
      "x" : 0.0,
      "y" : 11.09017,
      "z" : 0.0
    } ],
    "faces" : [ {
      "vertices" : [ 0, 1, 2 ]
    }, {
      "vertices" : [ 0, 2, 1 ]
    } ]
  } ],
  "instances" : [ {
    "shape" : "5674f0cc-2c72-4a3a-af16-b8203f27dedf",
    "color" : "#008EC2",
    "position" : {
      "x" : -11.09017,
      "y" : 11.09017,
      "z" : 11.09017
    },
    "orientation" : 47
  }, {
    "shape" : "a4c3577f-6df4-480e-b18a-479f2292c93d",
    "color" : "#F2F2F2",
    "position" : {
      "x" : 11.09017,
      "y" : -5.545085,
      "z" : 5.545085
    }
  }, {
    "shape" : "5674f0cc-2c72-4a3a-af16-b8203f27dedf",
    "color" : "#008EC2",
    "position" : {
      "x" : 11.09017,
      "y" : -11.09017,
      "z" : -11.09017
    },
    "orientation" : 45
  }, {
    "shape" : "8a1c4d65-054e-48d0-b95a-2bdde32d0509",
    "color" : "#B0E0E6",
    "position" : {
      "x" : -5.545085,
      "y" : -5.545085,
      "z" : 5.545085
    },
    "orientation" : 30
  }, {
    "shape" : "a4c3577f-6df4-480e-b18a-479f2292c93d",
    "color" : "#F2F2F2",
    "position" : {
      "x" : -11.09017,
      "y" : 5.545085,
      "z" : 5.545085
    }
  }, {
    "shape" : "0270a927-5932-46a1-84aa-048caa72bc7c",
    "color" : "#0000FF",
    "position" : {
      "x" : -5.545085,
      "y" : -11.09017,
      "z" : -5.545085
    },
    "orientation" : 0
  }, {
    "shape" : "5674f0cc-2c72-4a3a-af16-b8203f27dedf",
    "color" : "#008EC2",
    "position" : {
      "x" : 11.09017,
      "y" : -11.09017,
      "z" : -5.545085
    },
    "orientation" : 47
  }, {
    "shape" : "a4c3577f-6df4-480e-b18a-479f2292c93d",
    "color" : "#F2F2F2",
    "position" : {
      "x" : -11.09017,
      "y" : 11.09017,
      "z" : -11.09017
    }
  }, {
    "shape" : "8a1c4d65-054e-48d0-b95a-2bdde32d0509",
    "color" : "#B0E0E6",
    "position" : {
      "x" : 5.545085,
      "y" : 11.09017,
      "z" : -5.545085
    },
    "orientation" : 16
  }, {
    "shape" : "a4c3577f-6df4-480e-b18a-479f2292c93d",
    "color" : "#F2F2F2",
    "position" : {
      "x" : 5.545085,
      "y" : 11.09017,
      "z" : -5.545085
    }
  }, {
    "shape" : "a4c3577f-6df4-480e-b18a-479f2292c93d",
    "color" : "#F2F2F2",
    "position" : {
      "x" : 11.09017,
      "y" : -11.09017,
      "z" : -11.09017
    }
  }, {
    "shape" : "a4c3577f-6df4-480e-b18a-479f2292c93d",
    "color" : "#F2F2F2",
    "position" : {
      "x" : 5.545085,
      "y" : -11.09017,
      "z" : -5.545085
    }
  }, {
    "shape" : "a4c3577f-6df4-480e-b18a-479f2292c93d",
    "color" : "#F2F2F2",
    "position" : {
      "x" : 11.09017,
      "y" : -5.545085,
      "z" : 11.09017
    }
  }, {
    "shape" : "a4c3577f-6df4-480e-b18a-479f2292c93d",
    "color" : "#F2F2F2",
    "position" : {
      "x" : -11.09017,
      "y" : -5.545085,
      "z" : 5.545085
    }
  }, {
    "shape" : "5674f0cc-2c72-4a3a-af16-b8203f27dedf",
    "color" : "#008EC2",
    "position" : {
      "x" : 11.09017,
      "y" : -5.545085,
      "z" : 11.09017
    },
    "orientation" : 16
  }, {
    "shape" : "a4c3577f-6df4-480e-b18a-479f2292c93d",
    "color" : "#F2F2F2",
    "position" : {
      "x" : -11.09017,
      "y" : 5.545085,
      "z" : 11.09017
    }
  }, {
    "shape" : "0a094497-96b7-4690-b47e-13a750661e85",
    "color" : "#0000FF",
    "position" : {
      "x" : 11.09017,
      "y" : -5.545085,
      "z" : 5.545085
    },
    "orientation" : 2
  }, {
    "shape" : "a4c3577f-6df4-480e-b18a-479f2292c93d",
    "color" : "#F2F2F2",
    "position" : {
      "x" : -5.545085,
      "y" : -11.09017,
      "z" : -5.545085
    }
  }, {
    "shape" : "ea96e3b6-ec27-4242-91ff-3683dd32c218",
    "color" : "#0000FF",
    "position" : {
      "x" : -11.09017,
      "y" : 11.09017,
      "z" : 5.545085
    },
    "orientation" : 1
  }, {
    "shape" : "8a1c4d65-054e-48d0-b95a-2bdde32d0509",
    "color" : "#B0E0E6",
    "position" : {
      "x" : 5.545085,
      "y" : -11.09017,
      "z" : -11.09017
    },
    "orientation" : 2
  }, {
    "shape" : "a4c3577f-6df4-480e-b18a-479f2292c93d",
    "color" : "#F2F2F2",
    "position" : {
      "x" : 5.545085,
      "y" : 5.545085,
      "z" : -5.545085
    }
  }, {
    "shape" : "f87c7d31-802a-4068-b599-d194423f4c3c",
    "color" : "#0000FF",
    "position" : {
      "x" : -11.09017,
      "y" : 5.545085,
      "z" : 5.545085
    },
    "orientation" : 45
  }, {
    "shape" : "558642d4-9b67-4a24-aa3b-d6fa16ce1f63",
    "color" : "#0000FF",
    "position" : {
      "x" : 5.545085,
      "y" : 5.545085,
      "z" : -5.545085
    },
    "orientation" : 2
  }, {
    "shape" : "c108e6ce-c850-41a0-83bf-a4567685eaf9",
    "color" : "#B8860B",
    "position" : {
      "x" : 11.09017,
      "y" : 5.545085,
      "z" : 5.545085
    },
    "orientation" : 2
  }, {
    "shape" : "8a1c4d65-054e-48d0-b95a-2bdde32d0509",
    "color" : "#B0E0E6",
    "position" : {
      "x" : 5.545085,
      "y" : 5.545085,
      "z" : 5.545085
    },
    "orientation" : 0
  }, {
    "shape" : "8a1c4d65-054e-48d0-b95a-2bdde32d0509",
    "color" : "#B0E0E6",
    "position" : {
      "x" : -11.09017,
      "y" : 5.545085,
      "z" : 5.545085
    },
    "orientation" : 1
  }, {
    "shape" : "10895931-4800-451e-9d0e-eba981d289ac",
    "color" : "#0000FF",
    "position" : {
      "x" : 11.09017,
      "y" : -11.09017,
      "z" : -5.545085
    },
    "orientation" : 0
  }, {
    "shape" : "a4c3577f-6df4-480e-b18a-479f2292c93d",
    "color" : "#F2F2F2",
    "position" : {
      "x" : 5.545085,
      "y" : -11.09017,
      "z" : -11.09017
    }
  }, {
    "shape" : "5674f0cc-2c72-4a3a-af16-b8203f27dedf",
    "color" : "#008EC2",
    "position" : {
      "x" : 11.09017,
      "y" : -11.09017,
      "z" : 11.09017
    },
    "orientation" : 47
  }, {
    "shape" : "c108e6ce-c850-41a0-83bf-a4567685eaf9",
    "color" : "#B8860B",
    "position" : {
      "x" : -5.545085,
      "y" : -5.545085,
      "z" : -5.545085
    },
    "orientation" : 45
  }, {
    "shape" : "83605a11-9335-4b1e-be61-f9c7b580d9f2",
    "color" : "#0000FF",
    "position" : {
      "x" : 11.09017,
      "y" : -5.545085,
      "z" : 11.09017
    },
    "orientation" : 0
  }, {
    "shape" : "c108e6ce-c850-41a0-83bf-a4567685eaf9",
    "color" : "#B8860B",
    "position" : {
      "x" : -5.545085,
      "y" : 11.09017,
      "z" : -5.545085
    },
    "orientation" : 31
  }, {
    "shape" : "c108e6ce-c850-41a0-83bf-a4567685eaf9",
    "color" : "#B8860B",
    "position" : {
      "x" : 11.09017,
      "y" : -11.09017,
      "z" : 5.545085
    },
    "orientation" : 30
  }, {
    "shape" : "5674f0cc-2c72-4a3a-af16-b8203f27dedf",
    "color" : "#008EC2",
    "position" : {
      "x" : -11.09017,
      "y" : 5.545085,
      "z" : 11.09017
    },
    "orientation" : 1
  }, {
    "shape" : "96007074-9e63-4ccf-88fe-db46ed3939a7",
    "color" : "#0000FF",
    "position" : {
      "x" : 5.545085,
      "y" : -11.09017,
      "z" : -5.545085
    },
    "orientation" : 47
  }, {
    "shape" : "5674f0cc-2c72-4a3a-af16-b8203f27dedf",
    "color" : "#008EC2",
    "position" : {
      "x" : -11.09017,
      "y" : 11.09017,
      "z" : -11.09017
    },
    "orientation" : 0
  }, {
    "shape" : "a4c3577f-6df4-480e-b18a-479f2292c93d",
    "color" : "#F2F2F2",
    "position" : {
      "x" : 11.09017,
      "y" : -11.09017,
      "z" : 5.545085
    }
  }, {
    "shape" : "a4c3577f-6df4-480e-b18a-479f2292c93d",
    "color" : "#F2F2F2",
    "position" : {
      "x" : 11.09017,
      "y" : -11.09017,
      "z" : 11.09017
    }
  }, {
    "shape" : "a4c3577f-6df4-480e-b18a-479f2292c93d",
    "color" : "#F2F2F2",
    "position" : {
      "x" : -5.545085,
      "y" : -5.545085,
      "z" : 5.545085
    }
  }, {
    "shape" : "c108e6ce-c850-41a0-83bf-a4567685eaf9",
    "color" : "#B8860B",
    "position" : {
      "x" : 5.545085,
      "y" : -11.09017,
      "z" : -5.545085
    },
    "orientation" : 1
  }, {
    "shape" : "8a1c4d65-054e-48d0-b95a-2bdde32d0509",
    "color" : "#B0E0E6",
    "position" : {
      "x" : -5.545085,
      "y" : 11.09017,
      "z" : -11.09017
    },
    "orientation" : 32
  }, {
    "shape" : "a4c3577f-6df4-480e-b18a-479f2292c93d",
    "color" : "#F2F2F2",
    "position" : {
      "x" : -5.545085,
      "y" : 11.09017,
      "z" : -11.09017
    }
  }, {
    "shape" : "a4c3577f-6df4-480e-b18a-479f2292c93d",
    "color" : "#F2F2F2",
    "position" : {
      "x" : 11.09017,
      "y" : -11.09017,
      "z" : -5.545085
    }
  }, {
    "shape" : "79dcb281-a2fa-449f-8de4-6431b312e8c5",
    "color" : "#0000FF",
    "position" : {
      "x" : -11.09017,
      "y" : 5.545085,
      "z" : 11.09017
    },
    "orientation" : 45
  }, {
    "shape" : "15b7592c-cf5a-4b8f-988d-4b42d84b3fa9",
    "color" : "#0000FF",
    "position" : {
      "x" : 11.09017,
      "y" : -11.09017,
      "z" : 5.545085
    },
    "orientation" : 16
  }, {
    "shape" : "a4c3577f-6df4-480e-b18a-479f2292c93d",
    "color" : "#F2F2F2",
    "position" : {
      "x" : 11.09017,
      "y" : 5.545085,
      "z" : 5.545085
    }
  }, {
    "shape" : "8a1c4d65-054e-48d0-b95a-2bdde32d0509",
    "color" : "#B0E0E6",
    "position" : {
      "x" : 11.09017,
      "y" : -5.545085,
      "z" : 5.545085
    },
    "orientation" : 31
  }, {
    "shape" : "f75dc244-8338-4ce6-b5c4-6afc06582d5d",
    "color" : "#0000FF",
    "position" : {
      "x" : 5.545085,
      "y" : 5.545085,
      "z" : 5.545085
    },
    "orientation" : 1
  }, {
    "shape" : "907745e3-ae64-4a7e-9a67-8bb98c332e37",
    "color" : "#0000FF",
    "position" : {
      "x" : -11.09017,
      "y" : 5.545085,
      "z" : 5.545085
    },
    "orientation" : 2
  }, {
    "shape" : "0c8a7888-e649-48e5-9e2e-245637dd9da1",
    "color" : "#0000FF",
    "position" : {
      "x" : -5.545085,
      "y" : 11.09017,
      "z" : -11.09017
    },
    "orientation" : 1
  }, {
    "shape" : "5674f0cc-2c72-4a3a-af16-b8203f27dedf",
    "color" : "#008EC2",
    "position" : {
      "x" : -11.09017,
      "y" : 11.09017,
      "z" : -5.545085
    },
    "orientation" : 47
  }, {
    "shape" : "c108e6ce-c850-41a0-83bf-a4567685eaf9",
    "color" : "#B8860B",
    "position" : {
      "x" : -11.09017,
      "y" : -5.545085,
      "z" : 5.545085
    },
    "orientation" : 32
  }, {
    "shape" : "f6fb62bc-334b-4cf5-9ecd-e96bea37360d",
    "color" : "#0000FF",
    "position" : {
      "x" : 5.545085,
      "y" : -11.09017,
      "z" : -5.545085
    },
    "orientation" : 16
  }, {
    "shape" : "6f9c68d4-03fa-4e59-89b7-1cb1e5564e4d",
    "color" : "#0000FF",
    "position" : {
      "x" : 5.545085,
      "y" : -11.09017,
      "z" : -11.09017
    },
    "orientation" : 16
  }, {
    "shape" : "c108e6ce-c850-41a0-83bf-a4567685eaf9",
    "color" : "#B8860B",
    "position" : {
      "x" : 5.545085,
      "y" : 5.545085,
      "z" : -5.545085
    },
    "orientation" : 15
  }, {
    "shape" : "a4c3577f-6df4-480e-b18a-479f2292c93d",
    "color" : "#F2F2F2",
    "position" : {
      "x" : -11.09017,
      "y" : 11.09017,
      "z" : 11.09017
    }
  }, {
    "shape" : "a4c3577f-6df4-480e-b18a-479f2292c93d",
    "color" : "#F2F2F2",
    "position" : {
      "x" : -5.545085,
      "y" : -5.545085,
      "z" : -5.545085
    }
  }, {
    "shape" : "f54b0aca-ac73-4b50-946f-3a4e77d7a07b",
    "color" : "#0000FF",
    "position" : {
      "x" : 5.545085,
      "y" : 11.09017,
      "z" : -5.545085
    },
    "orientation" : 45
  }, {
    "shape" : "a4c3577f-6df4-480e-b18a-479f2292c93d",
    "color" : "#F2F2F2",
    "position" : {
      "x" : -11.09017,
      "y" : 11.09017,
      "z" : 5.545085
    }
  }, {
    "shape" : "c108e6ce-c850-41a0-83bf-a4567685eaf9",
    "color" : "#B8860B",
    "position" : {
      "x" : -11.09017,
      "y" : 11.09017,
      "z" : 5.545085
    },
    "orientation" : 0
  }, {
    "shape" : "fa47a569-4181-4de2-8ca2-ef4bf1bdfd63",
    "color" : "#0000FF",
    "position" : {
      "x" : -5.545085,
      "y" : 11.09017,
      "z" : -5.545085
    },
    "orientation" : 1
  }, {
    "shape" : "a4c3577f-6df4-480e-b18a-479f2292c93d",
    "color" : "#F2F2F2",
    "position" : {
      "x" : 5.545085,
      "y" : 5.545085,
      "z" : 5.545085
    }
  }, {
    "shape" : "a4c3577f-6df4-480e-b18a-479f2292c93d",
    "color" : "#F2F2F2",
    "position" : {
      "x" : -5.545085,
      "y" : 11.09017,
      "z" : -5.545085
    }
  }, {
    "shape" : "4ad721b4-3dfb-4ae9-bf04-cc30b2fe48ce",
    "color" : "#0000FF",
    "position" : {
      "x" : 11.09017,
      "y" : -5.545085,
      "z" : 5.545085
    },
    "orientation" : 0
  }, {
    "shape" : "98de74fb-a788-4fcb-90f5-49b9edfa54b1",
