{
  "polygons" : "true",
  "field" : "golden",
  "symmetry" : "icosahedral",
  "orientations" : [ [ 1.0, 0.0, 0.0, 0.0, 0.0, 1.0, 0.0, 0.0, 0.0, 0.0, 1.0, 0.0, 0.0, 0.0, 0.0, 1.0 ], [ 0.0, 0.0, 1.0, 0.0, 1.0, 0.0, 0.0, 0.0, 0.0, 1.0, 0.0, 0.0, 0.0, 0.0, 0.0, 1.0 ], [ 0.0, 1.0, 0.0, 0.0, 0.0, 0.0, 1.0, 0.0, 1.0, 0.0, 0.0, 0.0, 0.0, 0.0, 0.0, 1.0 ], [ 0.809017, 0.309017, 0.5, 0.0, 0.309017, 0.5, -0.809017, 0.0, -0.5, 0.809017, 0.309017, 0.0, 0.0, 0.0, 0.0, 1.0 ], [ -0.5, 0.809017, 0.309017, 0.0, 0.809017, 0.309017, 0.5, 0.0, 0.309017, 0.5, -0.809017, 0.0, 0.0, 0.0, 0.0, 1.0 ], [ 0.309017, 0.5, -0.809017, 0.0, -0.5, 0.809017, 0.309017, 0.0, 0.809017, 0.309017, 0.5, 0.0, 0.0, 0.0, 0.0, 1.0 ], [ 0.5, 0.809017, 0.309017, 0.0, 0.809017, -0.309017, -0.5, 0.0, -0.309017, 0.5, -0.809017, 0.0, 0.0, 0.0, 0.0, 1.0 ], [ -0.309017, 0.5, -0.809017, 0.0, 0.5, 0.809017, 0.309017, 0.0, 0.809017, -0.309017, -0.5, 0.0, 0.0, 0.0, 0.0, 1.0 ], [ 0.809017, -0.309017, -0.5, 0.0, -0.309017, 0.5, -0.809017, 0.0, 0.5, 0.809017, 0.309017, 0.0, 0.0, 0.0, 0.0, 1.0 ], [ 0.5, 0.809017, -0.309017, 0.0, 0.809017, -0.309017, 0.5, 0.0, 0.309017, -0.5, -0.809017, 0.0, 0.0, 0.0, 0.0, 1.0 ], [ 0.309017, -0.5, -0.809017, 0.0, 0.5, 0.809017, -0.309017, 0.0, 0.809017, -0.309017, 0.5, 0.0, 0.0, 0.0, 0.0, 1.0 ], [ 0.809017, -0.309017, 0.5, 0.0, 0.309017, -0.5, -0.809017, 0.0, 0.5, 0.809017, -0.309017, 0.0, 0.0, 0.0, 0.0, 1.0 ], [ 0.809017, 0.309017, -0.5, 0.0, 0.309017, 0.5, 0.809017, 0.0, 0.5, -0.809017, 0.309017, 0.0, 0.0, 0.0, 0.0, 1.0 ], [ 0.5, -0.809017, 0.309017, 0.0, 0.809017, 0.309017, -0.5, 0.0, 0.309017, 0.5, 0.809017, 0.0, 0.0, 0.0, 0.0, 1.0 ], [ 0.309017, 0.5, 0.809017, 0.0, 0.5, -0.809017, 0.309017, 0.0, 0.809017, 0.309017, -0.5, 0.0, 0.0, 0.0, 0.0, 1.0 ], [ 1.0, 0.0, 0.0, 0.0, 0.0, -1.0, 0.0, 0.0, 0.0, 0.0, -1.0, 0.0, 0.0, 0.0, 0.0, 1.0 ], [ 0.0, 0.0, 1.0, 0.0, -1.0, 0.0, 0.0, 0.0, 0.0, -1.0, 0.0, 0.0, 0.0, 0.0, 0.0, 1.0 ], [ 0.0, 1.0, 0.0, 0.0, 0.0, 0.0, -1.0, 0.0, -1.0, 0.0, 0.0, 0.0, 0.0, 0.0, 0.0, 1.0 ], [ 0.809017, 0.309017, 0.5, 0.0, -0.309017, -0.5, 0.809017, 0.0, 0.5, -0.809017, -0.309017, 0.0, 0.0, 0.0, 0.0, 1.0 ], [ -0.5, 0.809017, 0.309017, 0.0, -0.809017, -0.309017, -0.5, 0.0, -0.309017, -0.5, 0.809017, 0.0, 0.0, 0.0, 0.0, 1.0 ], [ 0.309017, 0.5, -0.809017, 0.0, 0.5, -0.809017, -0.309017, 0.0, -0.809017, -0.309017, -0.5, 0.0, 0.0, 0.0, 0.0, 1.0 ], [ 0.5, 0.809017, 0.309017, 0.0, -0.809017, 0.309017, 0.5, 0.0, 0.309017, -0.5, 0.809017, 0.0, 0.0, 0.0, 0.0, 1.0 ], [ -0.309017, 0.5, -0.809017, 0.0, -0.5, -0.809017, -0.309017, 0.0, -0.809017, 0.309017, 0.5, 0.0, 0.0, 0.0, 0.0, 1.0 ], [ 0.809017, -0.309017, -0.5, 0.0, 0.309017, -0.5, 0.809017, 0.0, -0.5, -0.809017, -0.309017, 0.0, 0.0, 0.0, 0.0, 1.0 ], [ 0.5, 0.809017, -0.309017, 0.0, -0.809017, 0.309017, -0.5, 0.0, -0.309017, 0.5, 0.809017, 0.0, 0.0, 0.0, 0.0, 1.0 ], [ 0.309017, -0.5, -0.809017, 0.0, -0.5, -0.809017, 0.309017, 0.0, -0.809017, 0.309017, -0.5, 0.0, 0.0, 0.0, 0.0, 1.0 ], [ 0.809017, -0.309017, 0.5, 0.0, -0.309017, 0.5, 0.809017, 0.0, -0.5, -0.809017, 0.309017, 0.0, 0.0, 0.0, 0.0, 1.0 ], [ 0.809017, 0.309017, -0.5, 0.0, -0.309017, -0.5, -0.809017, 0.0, -0.5, 0.809017, -0.309017, 0.0, 0.0, 0.0, 0.0, 1.0 ], [ 0.5, -0.809017, 0.309017, 0.0, -0.809017, -0.309017, 0.5, 0.0, -0.309017, -0.5, -0.809017, 0.0, 0.0, 0.0, 0.0, 1.0 ], [ 0.309017, 0.5, 0.809017, 0.0, -0.5, 0.809017, -0.309017, 0.0, -0.809017, -0.309017, 0.5, 0.0, 0.0, 0.0, 0.0, 1.0 ], [ -1.0, 0.0, 0.0, 0.0, 0.0, -1.0, 0.0, 0.0, 0.0, 0.0, 1.0, 0.0, 0.0, 0.0, 0.0, 1.0 ], [ 0.0, 0.0, -1.0, 0.0, -1.0, 0.0, 0.0, 0.0, 0.0, 1.0, 0.0, 0.0, 0.0, 0.0, 0.0, 1.0 ], [ 0.0, -1.0, 0.0, 0.0, 0.0, 0.0, -1.0, 0.0, 1.0, 0.0, 0.0, 0.0, 0.0, 0.0, 0.0, 1.0 ], [ -0.809017, -0.309017, -0.5, 0.0, -0.309017, -0.5, 0.809017, 0.0, -0.5, 0.809017, 0.309017, 0.0, 0.0, 0.0, 0.0, 1.0 ], [ 0.5, -0.809017, -0.309017, 0.0, -0.809017, -0.309017, -0.5, 0.0, 0.309017, 0.5, -0.809017, 0.0, 0.0, 0.0, 0.0, 1.0 ], [ -0.309017, -0.5, 0.809017, 0.0, 0.5, -0.809017, -0.309017, 0.0, 0.809017, 0.309017, 0.5, 0.0, 0.0, 0.0, 0.0, 1.0 ], [ -0.5, -0.809017, -0.309017, 0.0, -0.809017, 0.309017, 0.5, 0.0, -0.309017, 0.5, -0.809017, 0.0, 0.0, 0.0, 0.0, 1.0 ], [ 0.309017, -0.5, 0.809017, 0.0, -0.5, -0.809017, -0.309017, 0.0, 0.809017, -0.309017, -0.5, 0.0, 0.0, 0.0, 0.0, 1.0 ], [ -0.809017, 0.309017, 0.5, 0.0, 0.309017, -0.5, 0.809017, 0.0, 0.5, 0.809017, 0.309017, 0.0, 0.0, 0.0, 0.0, 1.0 ], [ -0.5, -0.809017, 0.309017, 0.0, -0.809017, 0.309017, -0.5, 0.0, 0.309017, -0.5, -0.809017, 0.0, 0.0, 0.0, 0.0, 1.0 ], [ -0.309017, 0.5, 0.809017, 0.0, -0.5, -0.809017, 0.309017, 0.0, 0.809017, -0.309017, 0.5, 0.0, 0.0, 0.0, 0.0, 1.0 ], [ -0.809017, 0.309017, -0.5, 0.0, -0.309017, 0.5, 0.809017, 0.0, 0.5, 0.809017, -0.309017, 0.0, 0.0, 0.0, 0.0, 1.0 ], [ -0.809017, -0.309017, 0.5, 0.0, -0.309017, -0.5, -0.809017, 0.0, 0.5, -0.809017, 0.309017, 0.0, 0.0, 0.0, 0.0, 1.0 ], [ -0.5, 0.809017, -0.309017, 0.0, -0.809017, -0.309017, 0.5, 0.0, 0.309017, 0.5, 0.809017, 0.0, 0.0, 0.0, 0.0, 1.0 ], [ -0.309017, -0.5, -0.809017, 0.0, -0.5, 0.809017, -0.309017, 0.0, 0.809017, 0.309017, -0.5, 0.0, 0.0, 0.0, 0.0, 1.0 ], [ -1.0, 0.0, 0.0, 0.0, 0.0, 1.0, 0.0, 0.0, 0.0, 0.0, -1.0, 0.0, 0.0, 0.0, 0.0, 1.0 ], [ 0.0, 0.0, -1.0, 0.0, 1.0, 0.0, 0.0, 0.0, 0.0, -1.0, 0.0, 0.0, 0.0, 0.0, 0.0, 1.0 ], [ 0.0, -1.0, 0.0, 0.0, 0.0, 0.0, 1.0, 0.0, -1.0, 0.0, 0.0, 0.0, 0.0, 0.0, 0.0, 1.0 ], [ -0.809017, -0.309017, -0.5, 0.0, 0.309017, 0.5, -0.809017, 0.0, 0.5, -0.809017, -0.309017, 0.0, 0.0, 0.0, 0.0, 1.0 ], [ 0.5, -0.809017, -0.309017, 0.0, 0.809017, 0.309017, 0.5, 0.0, -0.309017, -0.5, 0.809017, 0.0, 0.0, 0.0, 0.0, 1.0 ], [ -0.309017, -0.5, 0.809017, 0.0, -0.5, 0.809017, 0.309017, 0.0, -0.809017, -0.309017, -0.5, 0.0, 0.0, 0.0, 0.0, 1.0 ], [ -0.5, -0.809017, -0.309017, 0.0, 0.809017, -0.309017, -0.5, 0.0, 0.309017, -0.5, 0.809017, 0.0, 0.0, 0.0, 0.0, 1.0 ], [ 0.309017, -0.5, 0.809017, 0.0, 0.5, 0.809017, 0.309017, 0.0, -0.809017, 0.309017, 0.5, 0.0, 0.0, 0.0, 0.0, 1.0 ], [ -0.809017, 0.309017, 0.5, 0.0, -0.309017, 0.5, -0.809017, 0.0, -0.5, -0.809017, -0.309017, 0.0, 0.0, 0.0, 0.0, 1.0 ], [ -0.5, -0.809017, 0.309017, 0.0, 0.809017, -0.309017, 0.5, 0.0, -0.309017, 0.5, 0.809017, 0.0, 0.0, 0.0, 0.0, 1.0 ], [ -0.309017, 0.5, 0.809017, 0.0, 0.5, 0.809017, -0.309017, 0.0, -0.809017, 0.309017, -0.5, 0.0, 0.0, 0.0, 0.0, 1.0 ], [ -0.809017, 0.309017, -0.5, 0.0, 0.309017, -0.5, -0.809017, 0.0, -0.5, -0.809017, 0.309017, 0.0, 0.0, 0.0, 0.0, 1.0 ], [ -0.809017, -0.309017, 0.5, 0.0, 0.309017, 0.5, 0.809017, 0.0, -0.5, 0.809017, -0.309017, 0.0, 0.0, 0.0, 0.0, 1.0 ], [ -0.5, 0.809017, -0.309017, 0.0, 0.809017, 0.309017, -0.5, 0.0, -0.309017, -0.5, -0.809017, 0.0, 0.0, 0.0, 0.0, 1.0 ], [ -0.309017, -0.5, -0.809017, 0.0, 0.5, -0.809017, 0.309017, 0.0, -0.809017, -0.309017, 0.5, 0.0, 0.0, 0.0, 0.0, 1.0 ] ],
  "lights" : {
    "directionalLights" : [ {
      "direction" : [ 1.0, -1.0, -1.0 ],
      "color" : "#EBEBE4"
    }, {
      "direction" : [ -1.0, 0.0, 0.0 ],
      "color" : "#E4E4EB"
    }, {
      "direction" : [ 0.0, 0.0, -1.0 ],
      "color" : "#1E1E1E"
    } ],
    "ambientColor" : "#292929",
    "backgroundColor" : "#AFC8DC"
  },
  "camera" : {
    "width" : 1000.0,
    "position" : {
      "x" : 0.0,
      "y" : 0.0,
      "z" : 1000.0
    },
    "lookDirectionRV" : {
      "x" : 0.0,
      "y" : 0.0,
      "z" : -1.0,
      "zero" : false
    },
    "upDirectionRV" : {
      "x" : 0.0,
      "y" : 1.0,
      "z" : 0.0,
      "zero" : false
    },
    "fieldOfView" : 0.9272952,
    "viewDistance" : 1000.0,
    "lookAtPointRV" : {
      "x" : 0.0,
      "y" : 0.0,
      "z" : 0.0,
      "zero" : true
    },
    "perspective" : true,
    "stereo" : false,
    "upDirection" : {
      "x" : 0.0,
      "y" : 1.0,
      "z" : 0.0
    },
    "lookAtPoint" : {
      "x" : 0.0,
      "y" : 0.0,
      "z" : 0.0
    },
    "lookDirection" : {
      "x" : 0.0,
      "y" : 0.0,
      "z" : -1.0
    },
    "farClipDistance" : 1390.0,
    "nearClipDistance" : 0.5
  },
  "embedding" : [ 1.0, 0.0, 0.0, 0.0, 0.0, 1.0, 0.0, 0.0, 0.0, 0.0, 1.0, 0.0, 0.0, 0.0, 0.0, 1.0 ],
  "shapes" : [ {
    "id" : "f4678901-639b-4c93-a907-e7bef15c6a9e",
    "orbit" : "red",
    "orbitC" : "[[-1,1,1],[0,0,1]]",
    "length" : "[\"2\",\"0\",\"1\"]",
    "name" : " :2",
    "vertices" : [ {
      "x" : 6.045085,
      "y" : 3.854102,
      "z" : 0.309017
    }, {
      "x" : 7.663119,
      "y" : 4.618034,
      "z" : 0.309017
    }, {
      "x" : 7.472136,
      "y" : 4.927051,
      "z" : 0.19098301
    }, {
      "x" : 0.809017,
      "y" : 0.618034,
      "z" : -0.309017
    }, {
      "x" : 0.690983,
      "y" : 0.809017,
      "z" : 0.0
    }, {
      "x" : 5.927051,
      "y" : 4.045085,
      "z" : 0.0
    }, {
      "x" : 6.045085,
      "y" : 3.854102,
      "z" : -0.309017
    }, {
      "x" : 12.899187,
      "y" : 7.854102,
      "z" : 0.309017
    }, {
      "x" : 6.236068,
      "y" : 3.545085,
      "z" : 0.19098301
    }, {
      "x" : 6.236068,
      "y" : 3.545085,
      "z" : -0.19098301
    }, {
      "x" : 7.7811527,
      "y" : 4.427051,
      "z" : 0.0
    }, {
      "x" : 7.663119,
      "y" : 4.618034,
      "z" : -0.309017
    }, {
      "x" : 13.0172205,
      "y" : 7.663119,
      "z" : 0.0
    }, {
      "x" : 1.0,
      "y" : 0.309017,
      "z" : 0.19098301
    }, {
      "x" : 1.0,
      "y" : 0.309017,
      "z" : -0.19098301
    }, {
      "x" : 0.809017,
      "y" : 0.618034,
      "z" : 0.309017
    }, {
      "x" : 12.708204,
      "y" : 8.163119,
      "z" : 0.19098301
    }, {
      "x" : 12.899187,
      "y" : 7.854102,
      "z" : -0.309017
    }, {
      "x" : 12.708204,
      "y" : 8.163119,
      "z" : -0.19098301
    }, {
      "x" : 13.708204,
      "y" : 8.472136,
      "z" : 0.0
    }, {
      "x" : 7.472136,
      "y" : 4.927051,
      "z" : -0.19098301
    } ],
    "faces" : [ {
      "vertices" : [ 3, 6, 9, 14 ]
    }, {
      "vertices" : [ 11, 20, 18, 17 ]
    }, {
      "vertices" : [ 0, 1, 2 ]
    }, {
      "vertices" : [ 0, 15, 13, 8 ]
    }, {
      "vertices" : [ 6, 20, 11 ]
    }, {
      "vertices" : [ 0, 2, 5 ]
    }, {
      "vertices" : [ 0, 8, 1 ]
    }, {
      "vertices" : [ 8, 13, 14, 9 ]
    }, {
      "vertices" : [ 3, 4, 5, 6 ]
    }, {
      "vertices" : [ 10, 11, 17, 12 ]
    }, {
      "vertices" : [ 1, 8, 10 ]
    }, {
      "vertices" : [ 0, 5, 4, 15 ]
    }, {
      "vertices" : [ 2, 16, 18, 20 ]
    }, {
      "vertices" : [ 1, 7, 16, 2 ]
    }, {
      "vertices" : [ 6, 11, 9 ]
    }, {
      "vertices" : [ 8, 9, 10 ]
    }, {
      "vertices" : [ 2, 20, 5 ]
    }, {
      "vertices" : [ 9, 11, 10 ]
    }, {
      "vertices" : [ 1, 10, 12, 7 ]
    }, {
      "vertices" : [ 5, 20, 6 ]
    } ]
  }, {
    "id" : "9bcbe255-93a1-4630-8b77-12d8a2a11b1c",
    "name" : "ball",
    "vertices" : [ {
      "x" : 0.309017,
      "y" : -0.809017,
      "z" : 0.618034
    }, {
      "x" : 0.809017,
      "y" : -0.618034,
      "z" : 0.309017
    }, {
      "x" : 0.618034,
      "y" : -0.309017,
      "z" : 0.809017
    }, {
      "x" : 1.0,
      "y" : 0.309017,
      "z" : 0.19098301
    }, {
      "x" : 0.809017,
      "y" : 0.618034,
      "z" : 0.309017
    }, {
      "x" : 0.618034,
      "y" : 0.309017,
      "z" : 0.809017
    }, {
      "x" : 0.809017,
      "y" : 0.0,
      "z" : 0.690983
    }, {
      "x" : 0.19098301,
      "y" : -1.0,
      "z" : 0.309017
    }, {
      "x" : -0.19098301,
      "y" : -1.0,
      "z" : 0.309017
    }, {
      "x" : -0.19098301,
      "y" : -1.0,
      "z" : -0.309017
    }, {
      "x" : 0.19098301,
      "y" : -1.0,
      "z" : -0.309017
    }, {
      "x" : 1.0,
      "y" : -0.309017,
      "z" : -0.19098301
    }, {
      "x" : 0.809017,
      "y" : -0.618034,
      "z" : -0.309017
    }, {
      "x" : 0.618034,
      "y" : -0.309017,
      "z" : -0.809017
    }, {
      "x" : 0.809017,
      "y" : 0.0,
      "z" : -0.690983
    }, {
      "x" : 0.0,
      "y" : 0.690983,
      "z" : -0.809017
    }, {
      "x" : 0.309017,
      "y" : 0.809017,
      "z" : -0.618034
    }, {
      "x" : 0.618034,
      "y" : 0.309017,
      "z" : -0.809017
    }, {
      "x" : 0.309017,
      "y" : 0.19098301,
      "z" : -1.0
    }, {
      "x" : 1.0,
      "y" : 0.309017,
      "z" : -0.19098301
    }, {
      "x" : -0.309017,
      "y" : -0.809017,
      "z" : 0.618034
    }, {
      "x" : 0.0,
      "y" : -0.690983,
      "z" : 0.809017
    }, {
      "x" : 0.809017,
      "y" : 0.618034,
      "z" : -0.309017
    }, {
      "x" : 0.690983,
      "y" : 0.809017,
      "z" : 0.0
    }, {
      "x" : -0.690983,
      "y" : 0.809017,
      "z" : 0.0
    }, {
      "x" : -0.809017,
      "y" : 0.618034,
      "z" : 0.309017
    }, {
      "x" : -0.309017,
      "y" : 0.809017,
      "z" : 0.618034
    }, {
      "x" : -0.19098301,
      "y" : 1.0,
      "z" : 0.309017
    }, {
      "x" : 0.309017,
      "y" : -0.19098301,
      "z" : -1.0
    }, {
      "x" : 0.19098301,
      "y" : 1.0,
      "z" : 0.309017
    }, {
      "x" : 0.309017,
      "y" : 0.809017,
      "z" : 0.618034
    }, {
      "x" : -0.809017,
      "y" : -0.618034,
      "z" : 0.309017
    }, {
      "x" : -0.690983,
      "y" : -0.809017,
      "z" : 0.0
    }, {
      "x" : 0.0,
      "y" : 0.690983,
      "z" : 0.809017
    }, {
      "x" : 0.309017,
      "y" : -0.809017,
      "z" : -0.618034
    }, {
      "x" : 0.0,
      "y" : -0.690983,
      "z" : -0.809017
    }, {
      "x" : -1.0,
      "y" : 0.309017,
      "z" : 0.19098301
    }, {
      "x" : -0.809017,
      "y" : 0.0,
      "z" : 0.690983
    }, {
      "x" : -0.618034,
      "y" : 0.309017,
      "z" : 0.809017
    }, {
      "x" : 1.0,
      "y" : -0.309017,
      "z" : 0.19098301
    }, {
      "x" : -0.309017,
      "y" : -0.809017,
      "z" : -0.618034
    }, {
      "x" : -1.0,
      "y" : 0.309017,
      "z" : -0.19098301
    }, {
      "x" : -1.0,
      "y" : -0.309017,
      "z" : -0.19098301
    }, {
      "x" : -1.0,
      "y" : -0.309017,
      "z" : 0.19098301
    }, {
      "x" : 0.19098301,
      "y" : 1.0,
      "z" : -0.309017
    }, {
      "x" : -0.809017,
      "y" : 0.618034,
      "z" : -0.309017
    }, {
      "x" : -0.19098301,
      "y" : 1.0,
      "z" : -0.309017
    }, {
      "x" : -0.309017,
      "y" : 0.809017,
      "z" : -0.618034
    }, {
      "x" : -0.618034,
      "y" : -0.309017,
      "z" : 0.809017
    }, {
      "x" : 0.309017,
      "y" : 0.19098301,
      "z" : 1.0
    }, {
      "x" : -0.309017,
      "y" : 0.19098301,
      "z" : -1.0
    }, {
      "x" : -0.309017,
      "y" : 0.19098301,
      "z" : 1.0
    }, {
      "x" : -0.309017,
      "y" : -0.19098301,
      "z" : 1.0
    }, {
      "x" : 0.309017,
      "y" : -0.19098301,
      "z" : 1.0
    }, {
      "x" : 0.690983,
      "y" : -0.809017,
      "z" : 0.0
    }, {
      "x" : -0.809017,
      "y" : 0.0,
      "z" : -0.690983
    }, {
      "x" : -0.618034,
      "y" : -0.309017,
      "z" : -0.809017
    }, {
      "x" : -0.309017,
      "y" : -0.19098301,
      "z" : -1.0
    }, {
      "x" : -0.618034,
      "y" : 0.309017,
      "z" : -0.809017
    }, {
      "x" : -0.809017,
      "y" : -0.618034,
      "z" : -0.309017
    } ],
    "faces" : [ {
      "vertices" : [ 9, 40, 35, 34, 10 ]
    }, {
      "vertices" : [ 0, 1, 2 ]
    }, {
      "vertices" : [ 33, 51, 49 ]
    }, {
      "vertices" : [ 25, 36, 37, 38 ]
    }, {
      "vertices" : [ 41, 55, 42 ]
    }, {
      "vertices" : [ 9, 32, 59, 40 ]
    }, {
      "vertices" : [ 20, 21, 52, 48 ]
    }, {
      "vertices" : [ 26, 33, 30, 29, 27 ]
    }, {
      "vertices" : [ 3, 4, 5, 6 ]
    }, {
      "vertices" : [ 27, 29, 44, 46 ]
    }, {
      "vertices" : [ 50, 57, 56, 55, 58 ]
    }, {
      "vertices" : [ 26, 38, 51, 33 ]
    }, {
      "vertices" : [ 45, 47, 58 ]
    }, {
      "vertices" : [ 18, 28, 57, 50 ]
    }, {
      "vertices" : [ 40, 59, 56 ]
    }, {
      "vertices" : [ 31, 48, 37, 43 ]
    }, {
      "vertices" : [ 7, 8, 9, 10 ]
    }, {
      "vertices" : [ 36, 41, 42, 43 ]
    }, {
      "vertices" : [ 24, 46, 47, 45 ]
    }, {
      "vertices" : [ 4, 30, 5 ]
    }, {
      "vertices" : [ 15, 47, 46, 44, 16 ]
    }, {
      "vertices" : [ 15, 50, 58, 47 ]
    }, {
      "vertices" : [ 24, 45, 41, 36, 25 ]
    }, {
      "vertices" : [ 11, 14, 19 ]
    }, {
      "vertices" : [ 3, 6, 39 ]
    }, {
      "vertices" : [ 1, 39, 6, 2 ]
    }, {
      "vertices" : [ 8, 32, 9 ]
    }, {
      "vertices" : [ 11, 12, 13, 14 ]
    }, {
      "vertices" : [ 16, 22, 17 ]
    }, {
      "vertices" : [ 0, 21, 20, 8, 7 ]
    }, {
      "vertices" : [ 12, 34, 13 ]
    }, {
      "vertices" : [ 35, 40, 56, 57 ]
    }, {
      "vertices" : [ 0, 7, 54, 1 ]
    }, {
      "vertices" : [ 15, 16, 17, 18 ]
    }, {
      "vertices" : [ 3, 19, 22, 23, 4 ]
    }, {
      "vertices" : [ 7, 10, 54 ]
    }, {
      "vertices" : [ 41, 45, 58, 55 ]
    }, {
      "vertices" : [ 3, 39, 11, 19 ]
    }, {
      "vertices" : [ 14, 17, 22, 19 ]
    }, {
      "vertices" : [ 0, 2, 53, 21 ]
    }, {
      "vertices" : [ 49, 51, 52, 53 ]
    }, {
      "vertices" : [ 31, 43, 42, 59, 32 ]
    }, {
      "vertices" : [ 15, 18, 50 ]
    }, {
      "vertices" : [ 42, 55, 56, 59 ]
    }, {
      "vertices" : [ 4, 23, 29, 30 ]
    }, {
      "vertices" : [ 25, 38, 26 ]
    }, {
      "vertices" : [ 13, 28, 18, 17, 14 ]
    }, {
      "vertices" : [ 8, 20, 31, 32 ]
    }, {
      "vertices" : [ 23, 44, 29 ]
    }, {
      "vertices" : [ 24, 27, 46 ]
    }, {
      "vertices" : [ 37, 48, 52, 51, 38 ]
    }, {
      "vertices" : [ 20, 48, 31 ]
    }, {
      "vertices" : [ 24, 25, 26, 27 ]
    }, {
      "vertices" : [ 16, 44, 23, 22 ]
    }, {
      "vertices" : [ 13, 34, 35, 28 ]
    }, {
      "vertices" : [ 10, 34, 12, 54 ]
    }, {
      "vertices" : [ 2, 6, 5, 49, 53 ]
    }, {
      "vertices" : [ 36, 43, 37 ]
    }, {
      "vertices" : [ 5, 30, 33, 49 ]
    }, {
      "vertices" : [ 1, 54, 12, 11, 39 ]
    }, {
      "vertices" : [ 28, 35, 57 ]
    }, {
      "vertices" : [ 21, 53, 52 ]
    } ]
  }, {
    "id" : "b35a7141-b6c4-4dfd-9713-2bda31a3c58a",
    "orbit" : "red",
    "orbitC" : "[[-1,1,1],[0,0,1]]",
    "length" : "[\"-2\",\"2\",\"1\"]",
    "name" : " :-2 +2*phi",
    "vertices" : [ {
      "x" : 3.427051,
      "y" : 2.236068,
      "z" : 0.309017
    }, {
      "x" : 5.045085,
      "y" : 3.0,
      "z" : 0.309017
    }, {
      "x" : 4.854102,
      "y" : 3.309017,
      "z" : 0.19098301
    }, {
      "x" : 0.809017,
      "y" : 0.618034,
      "z" : -0.309017
    }, {
      "x" : 0.690983,
      "y" : 0.809017,
      "z" : 0.0
    }, {
      "x" : 3.309017,
      "y" : 2.427051,
      "z" : 0.0
    }, {
      "x" : 3.427051,
      "y" : 2.236068,
      "z" : -0.309017
    }, {
      "x" : 7.663119,
      "y" : 4.618034,
      "z" : 0.309017
    }, {
      "x" : 3.618034,
      "y" : 1.927051,
      "z" : 0.19098301
    }, {
      "x" : 3.618034,
      "y" : 1.927051,
      "z" : -0.19098301
    }, {
      "x" : 5.163119,
      "y" : 2.809017,
      "z" : 0.0
    }, {
      "x" : 5.045085,
      "y" : 3.0,
      "z" : -0.309017
    }, {
      "x" : 7.7811527,
      "y" : 4.427051,
      "z" : 0.0
    }, {
      "x" : 1.0,
      "y" : 0.309017,
      "z" : 0.19098301
    }, {
      "x" : 1.0,
      "y" : 0.309017,
      "z" : -0.19098301
    }, {
      "x" : 0.809017,
      "y" : 0.618034,
      "z" : 0.309017
    }, {
      "x" : 7.472136,
      "y" : 4.927051,
      "z" : 0.19098301
    }, {
      "x" : 7.663119,
      "y" : 4.618034,
      "z" : -0.309017
    }, {
      "x" : 7.472136,
      "y" : 4.927051,
      "z" : -0.19098301
    }, {
      "x" : 8.472136,
      "y" : 5.236068,
      "z" : 0.0
    }, {
      "x" : 4.854102,
      "y" : 3.309017,
      "z" : -0.19098301
    } ],
    "faces" : [ {
      "vertices" : [ 3, 6, 9, 14 ]
    }, {
      "vertices" : [ 11, 20, 18, 17 ]
    }, {
      "vertices" : [ 0, 1, 2 ]
    }, {
      "vertices" : [ 0, 15, 13, 8 ]
    }, {
      "vertices" : [ 6, 20, 11 ]
    }, {
      "vertices" : [ 0, 2, 5 ]
    }, {
      "vertices" : [ 0, 8, 1 ]
    }, {
      "vertices" : [ 8, 13, 14, 9 ]
    }, {
      "vertices" : [ 3, 4, 5, 6 ]
    }, {
      "vertices" : [ 10, 11, 17, 12 ]
    }, {
      "vertices" : [ 1, 8, 10 ]
    }, {
      "vertices" : [ 0, 5, 4, 15 ]
    }, {
      "vertices" : [ 2, 16, 18, 20 ]
    }, {
      "vertices" : [ 1, 7, 16, 2 ]
    }, {
      "vertices" : [ 6, 11, 9 ]
    }, {
      "vertices" : [ 8, 9, 10 ]
    }, {
      "vertices" : [ 2, 20, 5 ]
    }, {
      "vertices" : [ 9, 11, 10 ]
    }, {
      "vertices" : [ 1, 10, 12, 7 ]
    }, {
      "vertices" : [ 5, 20, 6 ]
    } ]
  }, {
    "id" : "e508c93c-29b1-4f96-a58e-9603251c1fb8",
    "orbit" : "blue",
    "orbitC" : "[[0,0,1],[0,0,1]]",
    "length" : "[\"2\",\"0\",\"1\"]",
    "name" : " :2",
    "vertices" : [ {
      "x" : 15.944272,
      "y" : 0.309017,
      "z" : 0.19098301
    }, {
      "x" : 15.944272,
      "y" : 0.309017,
      "z" : -0.19098301
    }, {
      "x" : 1.0,
      "y" : 0.309017,
      "z" : -0.19098301
    }, {
      "x" : 1.0,
      "y" : 0.309017,
      "z" : 0.19098301
    }, {
      "x" : 15.944272,
      "y" : -0.309017,
      "z" : 0.19098301
    }, {
      "x" : 1.0,
      "y" : -0.309017,
      "z" : 0.19098301
    }, {
      "x" : 1.0,
      "y" : -0.309017,
      "z" : -0.19098301
    }, {
      "x" : 15.944272,
      "y" : -0.309017,
      "z" : -0.19098301
    }, {
      "x" : 16.944271,
      "y" : 0.0,
      "z" : 0.0
    } ],
    "faces" : [ {
      "vertices" : [ 1, 7, 6, 2 ]
    }, {
      "vertices" : [ 0, 1, 2, 3 ]
    }, {
      "vertices" : [ 4, 5, 6, 7 ]
    }, {
      "vertices" : [ 0, 3, 5, 4 ]
    } ]
  }, {
    "id" : "d10ee4e3-dc35-471c-b113-256ad3326709",
    "orbit" : "yellow",
    "orbitC" : "[[0,0,1],[2,-1,1]]",
    "length" : "[\"2\",\"0\",\"1\"]",
    "name" : " :2",
    "vertices" : [ {
      "x" : 0.809017,
      "y" : 0.0,
      "z" : -0.690983
    }, {
      "x" : 1.0,
      "y" : 0.309017,
      "z" : -0.19098301
    }, {
      "x" : 6.045085,
      "y" : 0.309017,
      "z" : -2.118034
    }, {
      "x" : 5.854102,
      "y" : 0.0,
      "z" : -2.618034
    }, {
      "x" : 12.708204,
      "y" : 0.309017,
      "z" : -5.045085
    }, {
      "x" : 1.0,
      "y" : -0.309017,
      "z" : -0.19098301
    }, {
      "x" : 6.045085,
      "y" : -0.309017,
      "z" : -2.118034
    }, {
      "x" : 7.663119,
      "y" : 0.309017,
      "z" : -3.118034
    }, {
      "x" : 7.854102,
      "y" : 0.0,
      "z" : -2.618034
    }, {
      "x" : 13.708204,
      "y" : 0.0,
      "z" : -5.236068
    }, {
      "x" : 7.663119,
      "y" : -0.309017,
      "z" : -3.118034
    }, {
      "x" : 12.899187,
      "y" : 0.0,
      "z" : -4.545085
    }, {
      "x" : 12.708204,
      "y" : -0.309017,
      "z" : -5.045085
    } ],
    "faces" : [ {
      "vertices" : [ 2, 6, 8 ]
    }, {
      "vertices" : [ 4, 12, 10, 7 ]
    }, {
      "vertices" : [ 2, 8, 7 ]
    }, {
      "vertices" : [ 3, 10, 6 ]
    }, {
      "vertices" : [ 3, 7, 10 ]
    }, {
      "vertices" : [ 0, 1, 2, 3 ]
    }, {
      "vertices" : [ 6, 10, 8 ]
    }, {
      "vertices" : [ 8, 10, 12, 11 ]
    }, {
      "vertices" : [ 2, 7, 3 ]
    }, {
      "vertices" : [ 0, 3, 6, 5 ]
    }, {
      "vertices" : [ 1, 5, 6, 2 ]
    }, {
      "vertices" : [ 4, 7, 8, 11 ]
    } ]
  } ],
  "instances" : [ {
    "shape" : "f4678901-639b-4c93-a907-e7bef15c6a9e",
    "color" : "#D91218",
    "position" : {
      "x" : -138.3181,
      "y" : 110.9017,
      "z" : -66.54102
    },
    "orientation" : 17
  }, {
    "shape" : "9bcbe255-93a1-4630-8b77-12d8a2a11b1c",
    "color" : "#F2F2F2",
    "position" : {
      "x" : 121.37383,
      "y" : 93.95743,
      "z" : 22.18034
    }
  }, {
    "shape" : "b35a7141-b6c4-4dfd-9713-2bda31a3c58a",
    "color" : "#D91218",
    "position" : {
      "x" : 44.36068,
      "y" : 93.95743,
      "z" : 146.79024
    },
    "orientation" : 17
  }, {
    "shape" : "e508c93c-29b1-4f96-a58e-9603251c1fb8",
    "color" : "#008EC2",
    "position" : {
      "x" : -77.01315,
      "y" : 80.24922,
      "z" : 58.068882
    },
    "orientation" : 11
  }, {
    "shape" : "f4678901-639b-4c93-a907-e7bef15c6a9e",
    "color" : "#D91218",
    "position" : {
      "x" : 93.95743,
      "y" : -146.79024,
      "z" : 44.36068
    },
    "orientation" : 17
  }, {
    "shape" : "d10ee4e3-dc35-471c-b113-256ad3326709",
    "color" : "#FFB31A",
    "position" : {
      "x" : 30.652475,
      "y" : 58.068882,
      "z" : -102.429565
    },
    "orientation" : 54
  }, {
    "shape" : "f4678901-639b-4c93-a907-e7bef15c6a9e",
    "color" : "#D91218",
    "position" : {
      "x" : -41.12461,
      "y" : 102.429565,
      "z" : 129.84598
    },
    "orientation" : 46
  }, {
    "shape" : "9bcbe255-93a1-4630-8b77-12d8a2a11b1c",
    "color" : "#F2F2F2",
    "position" : {
      "x" : 110.9017,
      "y" : 80.24922,
      "z" : -129.84598
    }
  }, {
    "shape" : "d10ee4e3-dc35-471c-b113-256ad3326709",
    "color" : "#FFB31A",
    "position" : {
      "x" : 0.0,
      "y" : -152.0263,
      "z" : 22.18034
    },
    "orientation" : 17
  }, {
    "shape" : "f4678901-639b-4c93-a907-e7bef15c6a9e",
    "color" : "#D91218",
    "position" : {
      "x" : -41.12461,
      "y" : 102.429565,
      "z" : 129.84598
    },
    "orientation" : 0
  }, {
    "shape" : "d10ee4e3-dc35-471c-b113-256ad3326709",
    "color" : "#FFB31A",
    "position" : {
      "x" : 52.832817,
      "y" : 121.37383,
      "z" : -44.36068
    },
    "orientation" : 0
  }, {
    "shape" : "9bcbe255-93a1-4630-8b77-12d8a2a11b1c",
    "color" : "#F2F2F2",
    "position" : {
      "x" : 44.36068,
      "y" : -16.944271,
      "z" : 143.55417
    }
  }, {
    "shape" : "e508c93c-29b1-4f96-a58e-9603251c1fb8",
    "color" : "#008EC2",
    "position" : {
      "x" : 102.429565,
      "y" : -85.48529,
      "z" : -129.84598
    },
    "orientation" : 11
  }, {
    "shape" : "d10ee4e3-dc35-471c-b113-256ad3326709",
    "color" : "#FFB31A",
    "position" : {
      "x" : -52.832817,
      "y" : 44.36068,
      "z" : -129.84598
    },
    "orientation" : 9
  }, {
    "shape" : "e508c93c-29b1-4f96-a58e-9603251c1fb8",
    "color" : "#008EC2",
    "position" : {
      "x" : 168.97058,
      "y" : -85.48529,
      "z" : 22.18034
    },
    "orientation" : 52
  }, {
    "shape" : "e508c93c-29b1-4f96-a58e-9603251c1fb8",
    "color" : "#008EC2",
    "position" : {
      "x" : -58.068882,
      "y" : 146.79024,
      "z" : -102.429565
    },
    "orientation" : 25
  }, {
    "shape" : "d10ee4e3-dc35-471c-b113-256ad3326709",
    "color" : "#FFB31A",
    "position" : {
      "x" : 66.54102,
      "y" : -35.888542,
      "z" : -174.20665
    },
    "orientation" : 8
  }, {
    "shape" : "b35a7141-b6c4-4dfd-9713-2bda31a3c58a",
    "color" : "#D91218",
    "position" : {
      "x" : 30.652475,
      "y" : 49.59675,
      "z" : 179.44272
    },
    "orientation" : 46
  }, {
    "shape" : "e508c93c-29b1-4f96-a58e-9603251c1fb8",
    "color" : "#008EC2",
    "position" : {
      "x" : 102.429565,
      "y" : 49.59675,
      "z" : 152.0263
    },
    "orientation" : 26
  }, {
    "shape" : "9bcbe255-93a1-4630-8b77-12d8a2a11b1c",
    "color" : "#F2F2F2",
    "position" : {
      "x" : -160.49844,
      "y" : -93.95743,
      "z" : 41.12461
    }
  }, {
    "shape" : "d10ee4e3-dc35-471c-b113-256ad3326709",
    "color" : "#FFB31A",
    "position" : {
      "x" : -121.37383,
      "y" : 66.54102,
      "z" : -49.59675
    },
    "orientation" : 24
  }, {
    "shape" : "b35a7141-b6c4-4dfd-9713-2bda31a3c58a",
    "color" : "#D91218",
    "position" : {
      "x" : -93.95743,
      "y" : 112.9017,
      "z" : -116.137764
    },
    "orientation" : 1
  }, {
    "shape" : "d10ee4e3-dc35-471c-b113-256ad3326709",
    "color" : "#FFB31A",
    "position" : {
      "x" : -49.59675,
      "y" : 138.3181,
      "z" : -77.01315
    },
    "orientation" : 24
  }, {
    "shape" : "9bcbe255-93a1-4630-8b77-12d8a2a11b1c",
    "color" : "#F2F2F2",
    "position" : {
      "x" : 99.1935,
      "y" : -35.888542,
      "z" : 121.37383
    }
  }, {
    "shape" : "9bcbe255-93a1-4630-8b77-12d8a2a11b1c",
    "color" : "#F2F2F2",
    "position" : {
      "x" : -8.472136,
      "y" : 8.472136,
      "z" : 63.30495
    }
  }, {
    "shape" : "e508c93c-29b1-4f96-a58e-9603251c1fb8",
    "color" : "#008EC2",
    "position" : {
      "x" : 52.832817,
      "y" : -116.137764,
      "z" : -30.652475
    },
    "orientation" : 11
  }, {
    "shape" : "9bcbe255-93a1-4630-8b77-12d8a2a11b1c",
    "color" : "#F2F2F2",
    "position" : {
      "x" : -112.9017,
      "y" : -22.18034,
      "z" : -152.0263
    }
  }, {
    "shape" : "b35a7141-b6c4-4dfd-9713-2bda31a3c58a",
    "color" : "#D91218",
    "position" : {
      "x" : -63.30495,
      "y" : 143.55417,
      "z" : 85.48529
    },
    "orientation" : 46
  }, {
    "shape" : "d10ee4e3-dc35-471c-b113-256ad3326709",
    "color" : "#FFB31A",
    "position" : {
      "x" : 179.44272,
      "y" : 35.888542,
      "z" : -8.472136
    },
    "orientation" : 17
  }, {
    "shape" : "9bcbe255-93a1-4630-8b77-12d8a2a11b1c",
    "color" : "#F2F2F2",
    "position" : {
      "x" : 138.3181,
      "y" : -22.18034,
      "z" : -110.9017
    }
  }, {
    "shape" : "f4678901-639b-4c93-a907-e7bef15c6a9e",
    "color" : "#D91218",
    "position" : {
      "x" : 8.472136,
      "y" : 52.832817,
      "z" : -179.44272
    },
    "orientation" : 15
  }, {
    "shape" : "b35a7141-b6c4-4dfd-9713-2bda31a3c58a",
    "color" : "#D91218",
    "position" : {
      "x" : -16.944271,
      "y" : -174.20665,
      "z" : 35.888542
    },
    "orientation" : 15
  }, {
    "shape" : "9bcbe255-93a1-4630-8b77-12d8a2a11b1c",
    "color" : "#F2F2F2",
    "position" : {
      "x" : 121.37383,
      "y" : -143.55417,
      "z" : 8.472136
    }
  }, {
    "shape" : "9bcbe255-93a1-4630-8b77-12d8a2a11b1c",
    "color" : "#F2F2F2",
    "position" : {
      "x" : -102.429565,
      "y" : -16.944271,
      "z" : 49.59675
    }
  }, {
    "shape" : "9bcbe255-93a1-4630-8b77-12d8a2a11b1c",
    "color" : "#F2F2F2",
    "position" : {
      "x" : 44.36068,
      "y" : -52.832817,
      "z" : 121.37383
    }
  }, {
    "shape" : "e508c93c-29b1-4f96-a58e-9603251c1fb8",
    "color" : "#008EC2",
    "position" : {
      "x" : -8.472136,
      "y" : -174.20665,
      "z" : 77.01315
    },
    "orientation" : 0
  }, {
    "shape" : "f4678901-639b-4c93-a907-e7bef15c6a9e",
    "color" : "#D91218",
    "position" : {
      "x" : 99.1935,
      "y" : -160.49844,
      "z" : 0.0
    },
    "orientation" : 0
  }, {
    "shape" : "b35a7141-b6c4-4dfd-9713-2bda31a3c58a",
    "color" : "#D91218",
    "position" : {
      "x" : -121.37383,
      "y" : 99.1935,
      "z" : -35.888542
    },
    "orientation" : 15
  }, {
    "shape" : "9bcbe255-93a1-4630-8b77-12d8a2a11b1c",
    "color" : "#F2F2F2",
    "position" : {
      "x" : 41.12461,
      "y" : 160.49844,
      "z" : -93.95743
    }
  }, {
    "shape" : "f4678901-639b-4c93-a907-e7bef15c6a9e",
    "color" : "#D91218",
    "position" : {
      "x" : 121.37383,
      "y" : -121.37383,
      "z" : 66.54102
    },
    "orientation" : 17
  }, {
    "shape" : "9bcbe255-93a1-4630-8b77-12d8a2a11b1c",
    "color" : "#F2F2F2",
    "position" : {
      "x" : -121.37383,
      "y" : -146.79024,
      "z" : 0.0
    }
  }, {
    "shape" : "b35a7141-b6c4-4dfd-9713-2bda31a3c58a",
    "color" : "#D91218",
    "position" : {
      "x" : -138.3181,
      "y" : -30.652475,
      "z" : 116.137764
    },
    "orientation" : 46
  }, {
    "shape" : "d10ee4e3-dc35-471c-b113-256ad3326709",
    "color" : "#FFB31A",
    "position" : {
      "x" : 52.832817,
      "y" : -160.49844,
      "z" : -58.068882
    },
    "orientation" : 8
  }, {
    "shape" : "9bcbe255-93a1-4630-8b77-12d8a2a11b1c",
    "color" : "#F2F2F2",
    "position" : {
      "x" : -110.9017,
      "y" : -8.472136,
      "z" : -58.068882
    }
  }, {
    "shape" : "f4678901-639b-4c93-a907-e7bef15c6a9e",
    "color" : "#D91218",
    "position" : {
      "x" : -77.01315,
      "y" : 93.95743,
      "z" : -49.59675
    },
    "orientation" : 16
  }, {
    "shape" : "b35a7141-b6c4-4dfd-9713-2bda31a3c58a",
    "color" : "#D91218",
    "position" : {
      "x" : -138.3181,
      "y" : -116.137764,
      "z" : 52.832817
    },
    "orientation" : 47
  }, {
    "shape" : "b35a7141-b6c4-4dfd-9713-2bda31a3c58a",
    "color" : "#D91218",
    "position" : {
      "x" : 168.97058,
      "y" : -58.068882,
      "z" : 49.59675
    },
    "orientation" : 17
  }, {
    "shape" : "9bcbe255-93a1-4630-8b77-12d8a2a11b1c",
    "color" : "#F2F2F2",
    "position" : {
      "x" : 66.54102,
      "y" : -22.18034,
      "z" : -138.3181
    }
  }, {
    "shape" : "e508c93c-29b1-4f96-a58e-9603251c1fb8",
    "color" : "#008EC2",
    "position" : {
      "x" : -8.472136,
      "y" : 143.55417,
      "z" : -30.652475
    },
    "orientation" : 0
  }, {
    "shape" : "b35a7141-b6c4-4dfd-9713-2bda31a3c58a",
    "color" : "#D91218",
    "position" : {
      "x" : -66.54102,
      "y" : 85.48529,
      "z" : 143.55417
    },
    "orientation" : 15
  }, {
    "shape" : "9bcbe255-93a1-4630-8b77-12d8a2a11b1c",
    "color" : "#F2F2F2",
    "position" : {
      "x" : -49.59675,
      "y" : 138.3181,
      "z" : -77.01315
    }
  }, {
    "shape" : "e508c93c-29b1-4f96-a58e-9603251c1fb8",
    "color" : "#008EC2",
    "position" : {
      "x" : 44.36068,
      "y" : -49.59675,
      "z" : -58.068882
    },
    "orientation" : 11
  }, {
    "shape" : "d10ee4e3-dc35-471c-b113-256ad3326709",
    "color" : "#FFB31A",
    "position" : {
      "x" : -110.9017,
      "y" : 143.55417,
      "z" : -8.472136
    },
    "orientation" : 22
  }, {
    "shape" : "f4678901-639b-4c93-a907-e7bef15c6a9e",
    "color" : "#D91218",
    "position" : {
      "x" : 80.24922,
      "y" : 27.416409,
      "z" : 129.84598
    },
    "orientation" : 46
  }, {
    "shape" : "9bcbe255-93a1-4630-8b77-12d8a2a11b1c",
    "color" : "#F2F2F2",
    "position" : {
      "x" : 129.84598,
      "y" : 58.068882,
      "z" : 112.9017
    }
  }, {
    "shape" : "9bcbe255-93a1-4630-8b77-12d8a2a11b1c",
    "color" : "#F2F2F2",
    "position" : {
      "x" : 116.137764,
      "y" : 143.55417,
      "z" : -16.944271
    }
  }, {
    "shape" : "9bcbe255-93a1-4630-8b77-12d8a2a11b1c",
    "color" : "#F2F2F2",
    "position" : {
      "x" : 121.37383,
      "y" : -52.832817,
      "z" : 129.84598
    }
  }, {
    "shape" : "9bcbe255-93a1-4630-8b77-12d8a2a11b1c",
    "color" : "#F2F2F2",
    "position" : {
      "x" : 80.24922,
      "y" : -152.0263,
      "z" : -52.832817
    }
  }, {
    "shape" : "d10ee4e3-dc35-471c-b113-256ad3326709",
    "color" : "#FFB31A",
    "position" : {
      "x" : -121.37383,
      "y" : 66.54102,
      "z" : -121.37383
    },
    "orientation" : 6
  }, {
    "shape" : "9bcbe255-93a1-4630-8b77-12d8a2a11b1c",
    "color" : "#F2F2F2",
    "position" : {
      "x" : 110.9017,
      "y" : -22.18034,
      "z" : -66.54102
    }
  }, {
    "shape" : "9bcbe255-93a1-4630-8b77-12d8a2a11b1c",
    "color" : "#F2F2F2",
    "position" : {
      "x" : 160.49844,
      "y" : 41.12461,
      "z" : 8.472136
    }
  }, {
    "shape" : "9bcbe255-93a1-4630-8b77-12d8a2a11b1c",
    "color" : "#F2F2F2",
    "position" : {
      "x" : -110.9017,
      "y" : -102.429565,
      "z" : 116.137764
    }
  }, {
    "shape" : "f4678901-639b-4c93-a907-e7bef15c6a9e",
    "color" : "#D91218",
    "position" : {
      "x" : 30.652475,
      "y" : -41.12461,
      "z" : -58.068882
    },
    "orientation" : 15
  }, {
    "shape" : "d10ee4e3-dc35-471c-b113-256ad3326709",
    "color" : "#FFB31A",
    "position" : {
      "x" : 121.37383,
      "y" : -8.472136,
      "z" : 146.79024
    },
    "orientation" : 24
  }, {
    "shape" : "9bcbe255-93a1-4630-8b77-12d8a2a11b1c",
    "color" : "#F2F2F2",
    "position" : {
      "x" : 30.652475,
      "y" : -58.068882,
      "z" : -174.20665
    }
  }, {
    "shape" : "9bcbe255-93a1-4630-8b77-12d8a2a11b1c",
    "color" : "#F2F2F2",
    "position" : {
      "x" : -129.84598,
      "y" : -44.36068,
      "z" : 121.37383
    }
  }, {
    "shape" : "e508c93c-29b1-4f96-a58e-9603251c1fb8",
    "color" : "#008EC2",
    "position" : {
      "x" : 110.9017,
      "y" : -116.137764,
      "z" : 8.472136
    },
    "orientation" : 47
  }, {
    "shape" : "9bcbe255-93a1-4630-8b77-12d8a2a11b1c",
    "color" : "#F2F2F2",
    "position" : {
      "x" : 8.472136,
      "y" : 16.944271,
      "z" : 129.84598
    }
  }, {
    "shape" : "b35a7141-b6c4-4dfd-9713-2bda31a3c58a",
    "color" : "#D91218",
    "position" : {
      "x" : -49.59675,
      "y" : -168.97058,
      "z" : -58.068882
    },
    "orientation" : 15
  }, {
    "shape" : "9bcbe255-93a1-4630-8b77-12d8a2a11b1c",
    "color" : "#F2F2F2",
    "position" : {
      "x" : -110.9017,
      "y" : 93.95743,
      "z" : 121.37383
    }
  }, {
    "shape" : "e508c93c-29b1-4f96-a58e-9603251c1fb8",
    "color" : "#008EC2",
    "position" : {
      "x" : 80.24922,
      "y" : 152.0263,
      "z" : -52.832817
    },
    "orientation" : 25
  }, {
    "shape" : "d10ee4e3-dc35-471c-b113-256ad3326709",
    "color" : "#FFB31A",
    "position" : {
      "x" : -112.9017,
      "y" : -58.068882,
      "z" : 129.84598
    },
    "orientation" : 54
  }, {
    "shape" : "d10ee4e3-dc35-471c-b113-256ad3326709",
    "color" : "#FFB31A",
    "position" : {
      "x" : -8.472136,
      "y" : 143.55417,
      "z" : 58.068882
    },
    "orientation" : 54
  }, {
    "shape" : "f4678901-639b-4c93-a907-e7bef15c6a9e",
    "color" : "#D91218",
    "position" : {
      "x" : 16.944271,
      "y" : 143.55417,
      "z" : 44.36068
    },
    "orientation" : 47
  }, {
    "shape" : "e508c93c-29b1-4f96-a58e-9603251c1fb8",
    "color" : "#008EC2",
    "position" : {
      "x" : -102.429565,
      "y" : 8.472136,
      "z" : -116.137764
    },
    "orientation" : 6
  }, {
    "shape" : "d10ee4e3-dc35-471c-b113-256ad3326709",
    "color" : "#FFB31A",
    "position" : {
      "x" : 58.068882,
      "y" : 160.49844,
      "z" : 66.54102
    },
    "orientation" : 54
  }, {
    "shape" : "d10ee4e3-dc35-471c-b113-256ad3326709",
    "color" : "#FFB31A",
    "position" : {
      "x" : -110.9017,
      "y" : -22.18034,
      "z" : -66.54102
    },
    "orientation" : 22
  }, {
    "shape" : "e508c93c-29b1-4f96-a58e-9603251c1fb8",
    "color" : "#008EC2",
