{
  "polygons" : "true",
  "field" : "golden",
  "symmetry" : "icosahedral",
  "orientations" : [ [ 1.0, 0.0, 0.0, 0.0, 0.0, 1.0, 0.0, 0.0, 0.0, 0.0, 1.0, 0.0, 0.0, 0.0, 0.0, 1.0 ], [ 0.0, 0.0, 1.0, 0.0, 1.0, 0.0, 0.0, 0.0, 0.0, 1.0, 0.0, 0.0, 0.0, 0.0, 0.0, 1.0 ], [ 0.0, 1.0, 0.0, 0.0, 0.0, 0.0, 1.0, 0.0, 1.0, 0.0, 0.0, 0.0, 0.0, 0.0, 0.0, 1.0 ], [ 0.809017, 0.309017, 0.5, 0.0, 0.309017, 0.5, -0.809017, 0.0, -0.5, 0.809017, 0.309017, 0.0, 0.0, 0.0, 0.0, 1.0 ], [ -0.5, 0.809017, 0.309017, 0.0, 0.809017, 0.309017, 0.5, 0.0, 0.309017, 0.5, -0.809017, 0.0, 0.0, 0.0, 0.0, 1.0 ], [ 0.309017, 0.5, -0.809017, 0.0, -0.5, 0.809017, 0.309017, 0.0, 0.809017, 0.309017, 0.5, 0.0, 0.0, 0.0, 0.0, 1.0 ], [ 0.5, 0.809017, 0.309017, 0.0, 0.809017, -0.309017, -0.5, 0.0, -0.309017, 0.5, -0.809017, 0.0, 0.0, 0.0, 0.0, 1.0 ], [ -0.309017, 0.5, -0.809017, 0.0, 0.5, 0.809017, 0.309017, 0.0, 0.809017, -0.309017, -0.5, 0.0, 0.0, 0.0, 0.0, 1.0 ], [ 0.809017, -0.309017, -0.5, 0.0, -0.309017, 0.5, -0.809017, 0.0, 0.5, 0.809017, 0.309017, 0.0, 0.0, 0.0, 0.0, 1.0 ], [ 0.5, 0.809017, -0.309017, 0.0, 0.809017, -0.309017, 0.5, 0.0, 0.309017, -0.5, -0.809017, 0.0, 0.0, 0.0, 0.0, 1.0 ], [ 0.309017, -0.5, -0.809017, 0.0, 0.5, 0.809017, -0.309017, 0.0, 0.809017, -0.309017, 0.5, 0.0, 0.0, 0.0, 0.0, 1.0 ], [ 0.809017, -0.309017, 0.5, 0.0, 0.309017, -0.5, -0.809017, 0.0, 0.5, 0.809017, -0.309017, 0.0, 0.0, 0.0, 0.0, 1.0 ], [ 0.809017, 0.309017, -0.5, 0.0, 0.309017, 0.5, 0.809017, 0.0, 0.5, -0.809017, 0.309017, 0.0, 0.0, 0.0, 0.0, 1.0 ], [ 0.5, -0.809017, 0.309017, 0.0, 0.809017, 0.309017, -0.5, 0.0, 0.309017, 0.5, 0.809017, 0.0, 0.0, 0.0, 0.0, 1.0 ], [ 0.309017, 0.5, 0.809017, 0.0, 0.5, -0.809017, 0.309017, 0.0, 0.809017, 0.309017, -0.5, 0.0, 0.0, 0.0, 0.0, 1.0 ], [ 1.0, 0.0, 0.0, 0.0, 0.0, -1.0, 0.0, 0.0, 0.0, 0.0, -1.0, 0.0, 0.0, 0.0, 0.0, 1.0 ], [ 0.0, 0.0, 1.0, 0.0, -1.0, 0.0, 0.0, 0.0, 0.0, -1.0, 0.0, 0.0, 0.0, 0.0, 0.0, 1.0 ], [ 0.0, 1.0, 0.0, 0.0, 0.0, 0.0, -1.0, 0.0, -1.0, 0.0, 0.0, 0.0, 0.0, 0.0, 0.0, 1.0 ], [ 0.809017, 0.309017, 0.5, 0.0, -0.309017, -0.5, 0.809017, 0.0, 0.5, -0.809017, -0.309017, 0.0, 0.0, 0.0, 0.0, 1.0 ], [ -0.5, 0.809017, 0.309017, 0.0, -0.809017, -0.309017, -0.5, 0.0, -0.309017, -0.5, 0.809017, 0.0, 0.0, 0.0, 0.0, 1.0 ], [ 0.309017, 0.5, -0.809017, 0.0, 0.5, -0.809017, -0.309017, 0.0, -0.809017, -0.309017, -0.5, 0.0, 0.0, 0.0, 0.0, 1.0 ], [ 0.5, 0.809017, 0.309017, 0.0, -0.809017, 0.309017, 0.5, 0.0, 0.309017, -0.5, 0.809017, 0.0, 0.0, 0.0, 0.0, 1.0 ], [ -0.309017, 0.5, -0.809017, 0.0, -0.5, -0.809017, -0.309017, 0.0, -0.809017, 0.309017, 0.5, 0.0, 0.0, 0.0, 0.0, 1.0 ], [ 0.809017, -0.309017, -0.5, 0.0, 0.309017, -0.5, 0.809017, 0.0, -0.5, -0.809017, -0.309017, 0.0, 0.0, 0.0, 0.0, 1.0 ], [ 0.5, 0.809017, -0.309017, 0.0, -0.809017, 0.309017, -0.5, 0.0, -0.309017, 0.5, 0.809017, 0.0, 0.0, 0.0, 0.0, 1.0 ], [ 0.309017, -0.5, -0.809017, 0.0, -0.5, -0.809017, 0.309017, 0.0, -0.809017, 0.309017, -0.5, 0.0, 0.0, 0.0, 0.0, 1.0 ], [ 0.809017, -0.309017, 0.5, 0.0, -0.309017, 0.5, 0.809017, 0.0, -0.5, -0.809017, 0.309017, 0.0, 0.0, 0.0, 0.0, 1.0 ], [ 0.809017, 0.309017, -0.5, 0.0, -0.309017, -0.5, -0.809017, 0.0, -0.5, 0.809017, -0.309017, 0.0, 0.0, 0.0, 0.0, 1.0 ], [ 0.5, -0.809017, 0.309017, 0.0, -0.809017, -0.309017, 0.5, 0.0, -0.309017, -0.5, -0.809017, 0.0, 0.0, 0.0, 0.0, 1.0 ], [ 0.309017, 0.5, 0.809017, 0.0, -0.5, 0.809017, -0.309017, 0.0, -0.809017, -0.309017, 0.5, 0.0, 0.0, 0.0, 0.0, 1.0 ], [ -1.0, 0.0, 0.0, 0.0, 0.0, -1.0, 0.0, 0.0, 0.0, 0.0, 1.0, 0.0, 0.0, 0.0, 0.0, 1.0 ], [ 0.0, 0.0, -1.0, 0.0, -1.0, 0.0, 0.0, 0.0, 0.0, 1.0, 0.0, 0.0, 0.0, 0.0, 0.0, 1.0 ], [ 0.0, -1.0, 0.0, 0.0, 0.0, 0.0, -1.0, 0.0, 1.0, 0.0, 0.0, 0.0, 0.0, 0.0, 0.0, 1.0 ], [ -0.809017, -0.309017, -0.5, 0.0, -0.309017, -0.5, 0.809017, 0.0, -0.5, 0.809017, 0.309017, 0.0, 0.0, 0.0, 0.0, 1.0 ], [ 0.5, -0.809017, -0.309017, 0.0, -0.809017, -0.309017, -0.5, 0.0, 0.309017, 0.5, -0.809017, 0.0, 0.0, 0.0, 0.0, 1.0 ], [ -0.309017, -0.5, 0.809017, 0.0, 0.5, -0.809017, -0.309017, 0.0, 0.809017, 0.309017, 0.5, 0.0, 0.0, 0.0, 0.0, 1.0 ], [ -0.5, -0.809017, -0.309017, 0.0, -0.809017, 0.309017, 0.5, 0.0, -0.309017, 0.5, -0.809017, 0.0, 0.0, 0.0, 0.0, 1.0 ], [ 0.309017, -0.5, 0.809017, 0.0, -0.5, -0.809017, -0.309017, 0.0, 0.809017, -0.309017, -0.5, 0.0, 0.0, 0.0, 0.0, 1.0 ], [ -0.809017, 0.309017, 0.5, 0.0, 0.309017, -0.5, 0.809017, 0.0, 0.5, 0.809017, 0.309017, 0.0, 0.0, 0.0, 0.0, 1.0 ], [ -0.5, -0.809017, 0.309017, 0.0, -0.809017, 0.309017, -0.5, 0.0, 0.309017, -0.5, -0.809017, 0.0, 0.0, 0.0, 0.0, 1.0 ], [ -0.309017, 0.5, 0.809017, 0.0, -0.5, -0.809017, 0.309017, 0.0, 0.809017, -0.309017, 0.5, 0.0, 0.0, 0.0, 0.0, 1.0 ], [ -0.809017, 0.309017, -0.5, 0.0, -0.309017, 0.5, 0.809017, 0.0, 0.5, 0.809017, -0.309017, 0.0, 0.0, 0.0, 0.0, 1.0 ], [ -0.809017, -0.309017, 0.5, 0.0, -0.309017, -0.5, -0.809017, 0.0, 0.5, -0.809017, 0.309017, 0.0, 0.0, 0.0, 0.0, 1.0 ], [ -0.5, 0.809017, -0.309017, 0.0, -0.809017, -0.309017, 0.5, 0.0, 0.309017, 0.5, 0.809017, 0.0, 0.0, 0.0, 0.0, 1.0 ], [ -0.309017, -0.5, -0.809017, 0.0, -0.5, 0.809017, -0.309017, 0.0, 0.809017, 0.309017, -0.5, 0.0, 0.0, 0.0, 0.0, 1.0 ], [ -1.0, 0.0, 0.0, 0.0, 0.0, 1.0, 0.0, 0.0, 0.0, 0.0, -1.0, 0.0, 0.0, 0.0, 0.0, 1.0 ], [ 0.0, 0.0, -1.0, 0.0, 1.0, 0.0, 0.0, 0.0, 0.0, -1.0, 0.0, 0.0, 0.0, 0.0, 0.0, 1.0 ], [ 0.0, -1.0, 0.0, 0.0, 0.0, 0.0, 1.0, 0.0, -1.0, 0.0, 0.0, 0.0, 0.0, 0.0, 0.0, 1.0 ], [ -0.809017, -0.309017, -0.5, 0.0, 0.309017, 0.5, -0.809017, 0.0, 0.5, -0.809017, -0.309017, 0.0, 0.0, 0.0, 0.0, 1.0 ], [ 0.5, -0.809017, -0.309017, 0.0, 0.809017, 0.309017, 0.5, 0.0, -0.309017, -0.5, 0.809017, 0.0, 0.0, 0.0, 0.0, 1.0 ], [ -0.309017, -0.5, 0.809017, 0.0, -0.5, 0.809017, 0.309017, 0.0, -0.809017, -0.309017, -0.5, 0.0, 0.0, 0.0, 0.0, 1.0 ], [ -0.5, -0.809017, -0.309017, 0.0, 0.809017, -0.309017, -0.5, 0.0, 0.309017, -0.5, 0.809017, 0.0, 0.0, 0.0, 0.0, 1.0 ], [ 0.309017, -0.5, 0.809017, 0.0, 0.5, 0.809017, 0.309017, 0.0, -0.809017, 0.309017, 0.5, 0.0, 0.0, 0.0, 0.0, 1.0 ], [ -0.809017, 0.309017, 0.5, 0.0, -0.309017, 0.5, -0.809017, 0.0, -0.5, -0.809017, -0.309017, 0.0, 0.0, 0.0, 0.0, 1.0 ], [ -0.5, -0.809017, 0.309017, 0.0, 0.809017, -0.309017, 0.5, 0.0, -0.309017, 0.5, 0.809017, 0.0, 0.0, 0.0, 0.0, 1.0 ], [ -0.309017, 0.5, 0.809017, 0.0, 0.5, 0.809017, -0.309017, 0.0, -0.809017, 0.309017, -0.5, 0.0, 0.0, 0.0, 0.0, 1.0 ], [ -0.809017, 0.309017, -0.5, 0.0, 0.309017, -0.5, -0.809017, 0.0, -0.5, -0.809017, 0.309017, 0.0, 0.0, 0.0, 0.0, 1.0 ], [ -0.809017, -0.309017, 0.5, 0.0, 0.309017, 0.5, 0.809017, 0.0, -0.5, 0.809017, -0.309017, 0.0, 0.0, 0.0, 0.0, 1.0 ], [ -0.5, 0.809017, -0.309017, 0.0, 0.809017, 0.309017, -0.5, 0.0, -0.309017, -0.5, -0.809017, 0.0, 0.0, 0.0, 0.0, 1.0 ], [ -0.309017, -0.5, -0.809017, 0.0, 0.5, -0.809017, 0.309017, 0.0, -0.809017, -0.309017, 0.5, 0.0, 0.0, 0.0, 0.0, 1.0 ] ],
  "lights" : {
    "directionalLights" : [ {
      "direction" : [ 1.0, -1.0, -1.0 ],
      "color" : "#EBEBE4"
    }, {
      "direction" : [ -1.0, 0.0, 0.0 ],
      "color" : "#E4E4EB"
    }, {
      "direction" : [ 0.0, 0.0, -1.0 ],
      "color" : "#1E1E1E"
    } ],
    "backgroundColor" : "#AFC8DC",
    "ambientColor" : "#292929"
  },
  "camera" : {
    "width" : 234.89357,
    "position" : {
      "x" : 105.83979,
      "y" : 82.31983,
      "z" : 192.86362
    },
    "fieldOfView" : 0.9272952,
    "lookAtPointRV" : {
      "x" : 0.0,
      "y" : 0.0,
      "z" : 0.0,
      "zero" : true
    },
    "viewDistance" : 234.89357,
    "lookDirectionRV" : {
      "x" : -0.45058614,
      "y" : -0.35045588,
      "z" : -0.8210681,
      "zero" : false
    },
    "perspective" : true,
    "upDirectionRV" : {
      "x" : -0.16860352,
      "y" : 0.9365792,
      "z" : -0.3072331,
      "zero" : false
    },
    "stereo" : false,
    "farClipDistance" : 939.5743,
    "lookAtPoint" : {
      "x" : 0.0,
      "y" : 0.0,
      "z" : 0.0
    },
    "upDirection" : {
      "x" : -0.16860352,
      "y" : 0.9365792,
      "z" : -0.3072331
    },
    "lookDirection" : {
      "x" : -0.45058614,
      "y" : -0.35045588,
      "z" : -0.8210681
    },
    "nearClipDistance" : 84.026184
  },
  "embedding" : [ 1.0, 0.0, 0.0, 0.0, 0.0, 1.0, 0.0, 0.0, 0.0, 0.0, 1.0, 0.0, 0.0, 0.0, 0.0, 1.0 ],
  "shapes" : [ {
    "id" : "4f779e96-7043-4574-a401-7abd9e9070a8",
    "orbit" : "blue",
    "orbitC" : "[[0,0,1],[0,0,1]]",
    "length" : "[\"0\",\"1\",\"1\"]",
    "name" : "b2",
    "vertices" : [ {
      "x" : 12.708204,
      "y" : 0.309017,
      "z" : 0.19098301
    }, {
      "x" : 12.708204,
      "y" : 0.309017,
      "z" : -0.19098301
    }, {
      "x" : 1.0,
      "y" : 0.309017,
      "z" : -0.19098301
    }, {
      "x" : 1.0,
      "y" : 0.309017,
      "z" : 0.19098301
    }, {
      "x" : 12.708204,
      "y" : -0.309017,
      "z" : 0.19098301
    }, {
      "x" : 1.0,
      "y" : -0.309017,
      "z" : 0.19098301
    }, {
      "x" : 1.0,
      "y" : -0.309017,
      "z" : -0.19098301
    }, {
      "x" : 12.708204,
      "y" : -0.309017,
      "z" : -0.19098301
    }, {
      "x" : 13.708204,
      "y" : 0.0,
      "z" : 0.0
    } ],
    "faces" : [ {
      "vertices" : [ 1, 7, 6, 2 ]
    }, {
      "vertices" : [ 0, 1, 2, 3 ]
    }, {
      "vertices" : [ 4, 5, 6, 7 ]
    }, {
      "vertices" : [ 0, 3, 5, 4 ]
    } ]
  }, {
    "id" : "160a9311-002b-4061-8d64-38af1d298edf",
    "orbit" : "blue",
    "orbitC" : "[[0,0,1],[0,0,1]]",
    "length" : "[\"1\",\"1\",\"1\"]",
    "name" : "b3",
    "vertices" : [ {
      "x" : 21.18034,
      "y" : 0.309017,
      "z" : 0.19098301
    }, {
      "x" : 21.18034,
      "y" : 0.309017,
      "z" : -0.19098301
    }, {
      "x" : 1.0,
      "y" : 0.309017,
      "z" : -0.19098301
    }, {
      "x" : 1.0,
      "y" : 0.309017,
      "z" : 0.19098301
    }, {
      "x" : 21.18034,
      "y" : -0.309017,
      "z" : 0.19098301
    }, {
      "x" : 1.0,
      "y" : -0.309017,
      "z" : 0.19098301
    }, {
      "x" : 1.0,
      "y" : -0.309017,
      "z" : -0.19098301
    }, {
      "x" : 21.18034,
      "y" : -0.309017,
      "z" : -0.19098301
    }, {
      "x" : 22.18034,
      "y" : 0.0,
      "z" : 0.0
    } ],
    "faces" : [ {
      "vertices" : [ 1, 7, 6, 2 ]
    }, {
      "vertices" : [ 0, 1, 2, 3 ]
    }, {
      "vertices" : [ 4, 5, 6, 7 ]
    }, {
      "vertices" : [ 0, 3, 5, 4 ]
    } ]
  }, {
    "id" : "19e43d59-7c09-45bc-aadf-8845ee4ea94a",
    "orbit" : "green",
    "orbitC" : "[[2,-1,1],[5,-3,1]]",
    "length" : "[\"1\",\"1\",\"1\"]",
    "name" : "g3",
    "vertices" : [ {
      "x" : 27.320917,
      "y" : 10.2446785,
      "z" : -4.104102
    }, {
      "x" : 28.343458,
      "y" : 10.281153,
      "z" : -4.236068
    }, {
      "x" : 27.320917,
      "y" : 10.2446785,
      "z" : -3.722136
    }, {
      "x" : 27.129932,
      "y" : 10.553696,
      "z" : -4.222136
    }, {
      "x" : 27.129932,
      "y" : 10.553696,
      "z" : -3.84017
    }, {
      "x" : 0.809017,
      "y" : 0.618034,
      "z" : 0.309017
    }, {
      "x" : 1.0,
      "y" : 0.309017,
      "z" : 0.19098301
    }, {
      "x" : 1.9045085,
      "y" : 0.5364745,
      "z" : -0.013932022
    }, {
      "x" : 28.034441,
      "y" : 10.781153,
      "z" : -4.427051
    }, {
      "x" : 28.225426,
      "y" : 10.472136,
      "z" : -4.545085
    }, {
      "x" : 28.225426,
      "y" : 10.472136,
      "z" : -3.927051
    }, {
      "x" : 28.034441,
      "y" : 10.781153,
      "z" : -4.045085
    }, {
      "x" : 1.7135255,
      "y" : 0.8454915,
      "z" : -0.13196601
    }, {
      "x" : 0.690983,
      "y" : 0.809017,
      "z" : 0.0
    }, {
      "x" : 1.9045085,
      "y" : 0.5364745,
      "z" : -0.39589804
    }, {
      "x" : 1.7135255,
      "y" : 0.8454915,
      "z" : -0.51393205
    }, {
      "x" : 0.809017,
      "y" : 0.618034,
      "z" : -0.309017
    }, {
      "x" : 1.0,
      "y" : 0.309017,
      "z" : -0.19098301
    }, {
      "x" : 29.034441,
      "y" : 11.09017,
      "z" : -4.236068
    } ],
    "faces" : [ {
      "vertices" : [ 0, 14, 15, 3 ]
    }, {
      "vertices" : [ 3, 15, 12, 4 ]
    }, {
      "vertices" : [ 0, 1, 2 ]
    }, {
      "vertices" : [ 12, 15, 13 ]
    }, {
      "vertices" : [ 0, 9, 1 ]
    }, {
      "vertices" : [ 0, 3, 9 ]
    }, {
      "vertices" : [ 13, 15, 16 ]
    }, {
      "vertices" : [ 6, 17, 14, 7 ]
    }, {
      "vertices" : [ 1, 10, 2 ]
    }, {
      "vertices" : [ 5, 6, 7 ]
    }, {
      "vertices" : [ 3, 8, 9 ]
    }, {
      "vertices" : [ 0, 2, 7, 14 ]
    }, {
      "vertices" : [ 5, 7, 12 ]
    }, {
      "vertices" : [ 2, 4, 12, 7 ]
    }, {
      "vertices" : [ 3, 4, 11, 8 ]
    }, {
      "vertices" : [ 2, 10, 11, 4 ]
    }, {
      "vertices" : [ 5, 12, 13 ]
    }, {
      "vertices" : [ 14, 17, 16, 15 ]
    } ]
  }, {
    "id" : "6251ee1b-6f32-4872-98b4-33b7b3e97384",
    "orbit" : "blue",
    "orbitC" : "[[0,0,1],[0,0,1]]",
    "length" : "[\"1\",\"2\",\"1\"]",
    "name" : " :1 +2*phi",
    "vertices" : [ {
      "x" : 34.888542,
      "y" : 0.309017,
      "z" : 0.19098301
    }, {
      "x" : 34.888542,
      "y" : 0.309017,
      "z" : -0.19098301
    }, {
      "x" : 1.0,
      "y" : 0.309017,
      "z" : -0.19098301
    }, {
      "x" : 1.0,
      "y" : 0.309017,
      "z" : 0.19098301
    }, {
      "x" : 34.888542,
      "y" : -0.309017,
      "z" : 0.19098301
    }, {
      "x" : 1.0,
      "y" : -0.309017,
      "z" : 0.19098301
    }, {
      "x" : 1.0,
      "y" : -0.309017,
      "z" : -0.19098301
    }, {
      "x" : 34.888542,
      "y" : -0.309017,
      "z" : -0.19098301
    }, {
      "x" : 35.888542,
      "y" : 0.0,
      "z" : 0.0
    } ],
    "faces" : [ {
      "vertices" : [ 1, 7, 6, 2 ]
    }, {
      "vertices" : [ 0, 1, 2, 3 ]
    }, {
      "vertices" : [ 4, 5, 6, 7 ]
    }, {
      "vertices" : [ 0, 3, 5, 4 ]
    } ]
  }, {
    "id" : "f390a10f-5d75-44dd-a528-58d92a76a3e4",
    "name" : "ball",
    "vertices" : [ {
      "x" : 0.309017,
      "y" : -0.809017,
      "z" : 0.618034
    }, {
      "x" : 0.809017,
      "y" : -0.618034,
      "z" : 0.309017
    }, {
      "x" : 0.618034,
      "y" : -0.309017,
      "z" : 0.809017
    }, {
      "x" : 1.0,
      "y" : 0.309017,
      "z" : 0.19098301
    }, {
      "x" : 0.809017,
      "y" : 0.618034,
      "z" : 0.309017
    }, {
      "x" : 0.618034,
      "y" : 0.309017,
      "z" : 0.809017
    }, {
      "x" : 0.809017,
      "y" : 0.0,
      "z" : 0.690983
    }, {
      "x" : 0.19098301,
      "y" : -1.0,
      "z" : 0.309017
    }, {
      "x" : -0.19098301,
      "y" : -1.0,
      "z" : 0.309017
    }, {
      "x" : -0.19098301,
      "y" : -1.0,
      "z" : -0.309017
    }, {
      "x" : 0.19098301,
      "y" : -1.0,
      "z" : -0.309017
    }, {
      "x" : 1.0,
      "y" : -0.309017,
      "z" : -0.19098301
    }, {
      "x" : 0.809017,
      "y" : -0.618034,
      "z" : -0.309017
    }, {
      "x" : 0.618034,
      "y" : -0.309017,
      "z" : -0.809017
    }, {
      "x" : 0.809017,
      "y" : 0.0,
      "z" : -0.690983
    }, {
      "x" : 0.0,
      "y" : 0.690983,
      "z" : -0.809017
    }, {
      "x" : 0.309017,
      "y" : 0.809017,
      "z" : -0.618034
    }, {
      "x" : 0.618034,
      "y" : 0.309017,
      "z" : -0.809017
    }, {
      "x" : 0.309017,
      "y" : 0.19098301,
      "z" : -1.0
    }, {
      "x" : 1.0,
      "y" : 0.309017,
      "z" : -0.19098301
    }, {
      "x" : -0.309017,
      "y" : -0.809017,
      "z" : 0.618034
    }, {
      "x" : 0.0,
      "y" : -0.690983,
      "z" : 0.809017
    }, {
      "x" : 0.809017,
      "y" : 0.618034,
      "z" : -0.309017
    }, {
      "x" : 0.690983,
      "y" : 0.809017,
      "z" : 0.0
    }, {
      "x" : -0.690983,
      "y" : 0.809017,
      "z" : 0.0
    }, {
      "x" : -0.809017,
      "y" : 0.618034,
      "z" : 0.309017
    }, {
      "x" : -0.309017,
      "y" : 0.809017,
      "z" : 0.618034
    }, {
      "x" : -0.19098301,
      "y" : 1.0,
      "z" : 0.309017
    }, {
      "x" : 0.309017,
      "y" : -0.19098301,
      "z" : -1.0
    }, {
      "x" : 0.19098301,
      "y" : 1.0,
      "z" : 0.309017
    }, {
      "x" : 0.309017,
      "y" : 0.809017,
      "z" : 0.618034
    }, {
      "x" : -0.809017,
      "y" : -0.618034,
      "z" : 0.309017
    }, {
      "x" : -0.690983,
      "y" : -0.809017,
      "z" : 0.0
    }, {
      "x" : 0.0,
      "y" : 0.690983,
      "z" : 0.809017
    }, {
      "x" : 0.309017,
      "y" : -0.809017,
      "z" : -0.618034
    }, {
      "x" : 0.0,
      "y" : -0.690983,
      "z" : -0.809017
    }, {
      "x" : -1.0,
      "y" : 0.309017,
      "z" : 0.19098301
    }, {
      "x" : -0.809017,
      "y" : 0.0,
      "z" : 0.690983
    }, {
      "x" : -0.618034,
      "y" : 0.309017,
      "z" : 0.809017
    }, {
      "x" : 1.0,
      "y" : -0.309017,
      "z" : 0.19098301
    }, {
      "x" : -0.309017,
      "y" : -0.809017,
      "z" : -0.618034
    }, {
      "x" : -1.0,
      "y" : 0.309017,
      "z" : -0.19098301
    }, {
      "x" : -1.0,
      "y" : -0.309017,
      "z" : -0.19098301
    }, {
      "x" : -1.0,
      "y" : -0.309017,
      "z" : 0.19098301
    }, {
      "x" : 0.19098301,
      "y" : 1.0,
      "z" : -0.309017
    }, {
      "x" : -0.809017,
      "y" : 0.618034,
      "z" : -0.309017
    }, {
      "x" : -0.19098301,
      "y" : 1.0,
      "z" : -0.309017
    }, {
      "x" : -0.309017,
      "y" : 0.809017,
      "z" : -0.618034
    }, {
      "x" : -0.618034,
      "y" : -0.309017,
      "z" : 0.809017
    }, {
      "x" : 0.309017,
      "y" : 0.19098301,
      "z" : 1.0
    }, {
      "x" : -0.309017,
      "y" : 0.19098301,
      "z" : -1.0
    }, {
      "x" : -0.309017,
      "y" : 0.19098301,
      "z" : 1.0
    }, {
      "x" : -0.309017,
      "y" : -0.19098301,
      "z" : 1.0
    }, {
      "x" : 0.309017,
      "y" : -0.19098301,
      "z" : 1.0
    }, {
      "x" : 0.690983,
      "y" : -0.809017,
      "z" : 0.0
    }, {
      "x" : -0.809017,
      "y" : 0.0,
      "z" : -0.690983
    }, {
      "x" : -0.618034,
      "y" : -0.309017,
      "z" : -0.809017
    }, {
      "x" : -0.309017,
      "y" : -0.19098301,
      "z" : -1.0
    }, {
      "x" : -0.618034,
      "y" : 0.309017,
      "z" : -0.809017
    }, {
      "x" : -0.809017,
      "y" : -0.618034,
      "z" : -0.309017
    } ],
    "faces" : [ {
      "vertices" : [ 9, 40, 35, 34, 10 ]
    }, {
      "vertices" : [ 0, 1, 2 ]
    }, {
      "vertices" : [ 33, 51, 49 ]
    }, {
      "vertices" : [ 25, 36, 37, 38 ]
    }, {
      "vertices" : [ 41, 55, 42 ]
    }, {
      "vertices" : [ 9, 32, 59, 40 ]
    }, {
      "vertices" : [ 20, 21, 52, 48 ]
    }, {
      "vertices" : [ 26, 33, 30, 29, 27 ]
    }, {
      "vertices" : [ 3, 4, 5, 6 ]
    }, {
      "vertices" : [ 27, 29, 44, 46 ]
    }, {
      "vertices" : [ 50, 57, 56, 55, 58 ]
    }, {
      "vertices" : [ 26, 38, 51, 33 ]
    }, {
      "vertices" : [ 45, 47, 58 ]
    }, {
      "vertices" : [ 18, 28, 57, 50 ]
    }, {
      "vertices" : [ 40, 59, 56 ]
    }, {
      "vertices" : [ 31, 48, 37, 43 ]
    }, {
      "vertices" : [ 7, 8, 9, 10 ]
    }, {
      "vertices" : [ 36, 41, 42, 43 ]
    }, {
      "vertices" : [ 24, 46, 47, 45 ]
    }, {
      "vertices" : [ 4, 30, 5 ]
    }, {
      "vertices" : [ 15, 47, 46, 44, 16 ]
    }, {
      "vertices" : [ 15, 50, 58, 47 ]
    }, {
      "vertices" : [ 24, 45, 41, 36, 25 ]
    }, {
      "vertices" : [ 11, 14, 19 ]
    }, {
      "vertices" : [ 3, 6, 39 ]
    }, {
      "vertices" : [ 1, 39, 6, 2 ]
    }, {
      "vertices" : [ 8, 32, 9 ]
    }, {
      "vertices" : [ 11, 12, 13, 14 ]
    }, {
      "vertices" : [ 16, 22, 17 ]
    }, {
      "vertices" : [ 0, 21, 20, 8, 7 ]
    }, {
      "vertices" : [ 12, 34, 13 ]
    }, {
      "vertices" : [ 35, 40, 56, 57 ]
    }, {
      "vertices" : [ 0, 7, 54, 1 ]
    }, {
      "vertices" : [ 15, 16, 17, 18 ]
    }, {
      "vertices" : [ 3, 19, 22, 23, 4 ]
    }, {
      "vertices" : [ 7, 10, 54 ]
    }, {
      "vertices" : [ 41, 45, 58, 55 ]
    }, {
      "vertices" : [ 3, 39, 11, 19 ]
    }, {
      "vertices" : [ 14, 17, 22, 19 ]
    }, {
      "vertices" : [ 0, 2, 53, 21 ]
    }, {
      "vertices" : [ 49, 51, 52, 53 ]
    }, {
      "vertices" : [ 31, 43, 42, 59, 32 ]
    }, {
      "vertices" : [ 15, 18, 50 ]
    }, {
      "vertices" : [ 42, 55, 56, 59 ]
    }, {
      "vertices" : [ 4, 23, 29, 30 ]
    }, {
      "vertices" : [ 25, 38, 26 ]
    }, {
      "vertices" : [ 13, 28, 18, 17, 14 ]
    }, {
      "vertices" : [ 8, 20, 31, 32 ]
    }, {
      "vertices" : [ 23, 44, 29 ]
    }, {
      "vertices" : [ 24, 27, 46 ]
    }, {
      "vertices" : [ 37, 48, 52, 51, 38 ]
    }, {
      "vertices" : [ 20, 48, 31 ]
    }, {
      "vertices" : [ 24, 25, 26, 27 ]
    }, {
      "vertices" : [ 16, 44, 23, 22 ]
    }, {
      "vertices" : [ 13, 34, 35, 28 ]
    }, {
      "vertices" : [ 10, 34, 12, 54 ]
    }, {
      "vertices" : [ 2, 6, 5, 49, 53 ]
    }, {
      "vertices" : [ 36, 43, 37 ]
    }, {
      "vertices" : [ 5, 30, 33, 49 ]
    }, {
      "vertices" : [ 1, 54, 12, 11, 39 ]
    }, {
      "vertices" : [ 28, 35, 57 ]
    }, {
      "vertices" : [ 21, 53, 52 ]
    } ]
  } ],
  "instances" : [ {
    "shape" : "4f779e96-7043-4574-a401-7abd9e9070a8",
    "color" : "#008EC2",
    "position" : {
      "x" : -17.944271,
      "y" : -24.798374,
      "z" : -22.18034
    },
    "orientation" : 21
  }, {
    "shape" : "160a9311-002b-4061-8d64-38af1d298edf",
    "color" : "#008EC2",
    "position" : {
      "x" : 0.0,
      "y" : -17.944271,
      "z" : -11.09017
    },
    "orientation" : 37
  }, {
    "shape" : "19e43d59-7c09-45bc-aadf-8845ee4ea94a",
    "color" : "#00993F",
    "position" : {
      "x" : -17.944271,
      "y" : 11.09017,
      "z" : 13.708204
    },
    "orientation" : 43
  }, {
    "shape" : "4f779e96-7043-4574-a401-7abd9e9070a8",
    "color" : "#008EC2",
    "position" : {
      "x" : 0.0,
      "y" : -17.944271,
      "z" : 11.09017
    },
    "orientation" : 47
  }, {
    "shape" : "19e43d59-7c09-45bc-aadf-8845ee4ea94a",
    "color" : "#00993F",
    "position" : {
      "x" : -4.236068,
      "y" : -11.09017,
      "z" : 13.708204
    },
    "orientation" : 20
  }, {
    "shape" : "160a9311-002b-4061-8d64-38af1d298edf",
    "color" : "#008EC2",
    "position" : {
      "x" : -6.854102,
      "y" : -29.034441,
      "z" : -29.034441
    },
    "orientation" : 9
  }, {
    "shape" : "19e43d59-7c09-45bc-aadf-8845ee4ea94a",
    "color" : "#00993F",
    "position" : {
      "x" : 0.0,
      "y" : 17.944271,
      "z" : 11.09017
    },
    "orientation" : 52
  }, {
    "shape" : "19e43d59-7c09-45bc-aadf-8845ee4ea94a",
    "color" : "#00993F",
    "position" : {
      "x" : -13.708204,
      "y" : -4.236068,
      "z" : 11.09017
    },
    "orientation" : 24
  }, {
    "shape" : "6251ee1b-6f32-4872-98b4-33b7b3e97384",
    "color" : "#008EC2",
    "position" : {
      "x" : -6.854102,
      "y" : 6.854102,
      "z" : -29.034441
    },
    "orientation" : 9
  }, {
    "shape" : "4f779e96-7043-4574-a401-7abd9e9070a8",
    "color" : "#008EC2",
    "position" : {
      "x" : -22.18034,
      "y" : 4.236068,
      "z" : 11.09017
    },
    "orientation" : 26
  }, {
    "shape" : "19e43d59-7c09-45bc-aadf-8845ee4ea94a",
    "color" : "#00993F",
    "position" : {
      "x" : -11.09017,
      "y" : 0.0,
      "z" : 40.12461
    },
    "orientation" : 0
  }, {
    "shape" : "19e43d59-7c09-45bc-aadf-8845ee4ea94a",
    "color" : "#00993F",
    "position" : {
      "x" : -40.12461,
      "y" : -24.798374,
      "z" : 0.0
    },
    "orientation" : 11
  }, {
    "shape" : "160a9311-002b-4061-8d64-38af1d298edf",
    "color" : "#008EC2",
    "position" : {
      "x" : -29.034441,
      "y" : -29.034441,
      "z" : -29.034441
    },
    "orientation" : 10
  }, {
    "shape" : "6251ee1b-6f32-4872-98b4-33b7b3e97384",
    "color" : "#008EC2",
    "position" : {
      "x" : 0.0,
      "y" : -40.12461,
      "z" : -11.09017
    },
    "orientation" : 23
  }, {
    "shape" : "f390a10f-5d75-44dd-a528-58d92a76a3e4",
    "color" : "#F2F2F2",
    "position" : {
      "x" : 0.0,
      "y" : 17.944271,
      "z" : -46.978714
    }
  }, {
    "shape" : "4f779e96-7043-4574-a401-7abd9e9070a8",
    "color" : "#008EC2",
    "position" : {
      "x" : -17.944271,
      "y" : 11.09017,
      "z" : -22.18034
    },
    "orientation" : 40
  }, {
    "shape" : "6251ee1b-6f32-4872-98b4-33b7b3e97384",
    "color" : "#008EC2",
    "position" : {
      "x" : -17.944271,
      "y" : 11.09017,
      "z" : 0.0
    },
    "orientation" : 25
  }, {
    "shape" : "160a9311-002b-4061-8d64-38af1d298edf",
    "color" : "#008EC2",
    "position" : {
      "x" : -11.09017,
      "y" : 22.18034,
      "z" : 4.236068
    },
    "orientation" : 0
  }, {
    "shape" : "4f779e96-7043-4574-a401-7abd9e9070a8",
    "color" : "#008EC2",
    "position" : {
      "x" : 4.236068,
      "y" : 11.09017,
      "z" : 13.708204
    },
    "orientation" : 0
  }, {
    "shape" : "6251ee1b-6f32-4872-98b4-33b7b3e97384",
    "color" : "#008EC2",
    "position" : {
      "x" : -17.944271,
      "y" : 24.798374,
      "z" : 22.18034
    },
    "orientation" : 26
  }, {
    "shape" : "19e43d59-7c09-45bc-aadf-8845ee4ea94a",
    "color" : "#00993F",
    "position" : {
      "x" : -22.18034,
      "y" : -17.944271,
      "z" : -24.798374
    },
    "orientation" : 8
  }, {
    "shape" : "19e43d59-7c09-45bc-aadf-8845ee4ea94a",
    "color" : "#00993F",
    "position" : {
      "x" : 0.0,
      "y" : -17.944271,
      "z" : 11.09017
    },
    "orientation" : 58
  }, {
    "shape" : "6251ee1b-6f32-4872-98b4-33b7b3e97384",
    "color" : "#008EC2",
    "position" : {
      "x" : -11.09017,
      "y" : 13.708204,
      "z" : 17.944271
    },
    "orientation" : 23
  }, {
    "shape" : "19e43d59-7c09-45bc-aadf-8845ee4ea94a",
    "color" : "#00993F",
    "position" : {
      "x" : -6.854102,
      "y" : -29.034441,
      "z" : 29.034441
    },
    "orientation" : 49
  }, {
    "shape" : "160a9311-002b-4061-8d64-38af1d298edf",
    "color" : "#008EC2",
    "position" : {
      "x" : -22.18034,
      "y" : 17.944271,
      "z" : 11.09017
    },
    "orientation" : 8
  }, {
    "shape" : "160a9311-002b-4061-8d64-38af1d298edf",
    "color" : "#008EC2",
    "position" : {
      "x" : 11.09017,
      "y" : 35.888542,
      "z" : -17.944271
    },
    "orientation" : 26
  }, {
    "shape" : "160a9311-002b-4061-8d64-38af1d298edf",
    "color" : "#008EC2",
    "position" : {
      "x" : 11.09017,
      "y" : 0.0,
      "z" : 17.944271
    },
    "orientation" : 7
  }, {
    "shape" : "19e43d59-7c09-45bc-aadf-8845ee4ea94a",
    "color" : "#00993F",
    "position" : {
      "x" : 0.0,
      "y" : -17.944271,
      "z" : -11.09017
    },
    "orientation" : 32
  }, {
    "shape" : "19e43d59-7c09-45bc-aadf-8845ee4ea94a",
    "color" : "#00993F",
    "position" : {
      "x" : 0.0,
      "y" : -40.12461,
      "z" : -11.09017
    },
    "orientation" : 3
  }, {
    "shape" : "19e43d59-7c09-45bc-aadf-8845ee4ea94a",
    "color" : "#00993F",
    "position" : {
      "x" : 0.0,
      "y" : -4.236068,
      "z" : -11.09017
    },
    "orientation" : 24
  }, {
    "shape" : "19e43d59-7c09-45bc-aadf-8845ee4ea94a",
    "color" : "#00993F",
    "position" : {
      "x" : 4.236068,
      "y" : -11.09017,
      "z" : 13.708204
    },
    "orientation" : 3
  }, {
    "shape" : "19e43d59-7c09-45bc-aadf-8845ee4ea94a",
    "color" : "#00993F",
    "position" : {
      "x" : 11.09017,
      "y" : 0.0,
      "z" : -4.236068
    },
    "orientation" : 15
  }, {
    "shape" : "160a9311-002b-4061-8d64-38af1d298edf",
    "color" : "#008EC2",
    "position" : {
      "x" : -13.708204,
      "y" : 17.944271,
      "z" : 11.09017
    },
    "orientation" : 25
  }, {
    "shape" : "19e43d59-7c09-45bc-aadf-8845ee4ea94a",
    "color" : "#00993F",
    "position" : {
      "x" : 6.854102,
      "y" : -6.854102,
      "z" : 6.854102
    },
    "orientation" : 37
  }, {
    "shape" : "f390a10f-5d75-44dd-a528-58d92a76a3e4",
    "color" : "#F2F2F2",
    "position" : {
      "x" : 15.326238,
      "y" : -6.854102,
      "z" : -6.854102
    }
  }, {
    "shape" : "160a9311-002b-4061-8d64-38af1d298edf",
    "color" : "#008EC2",
    "position" : {
      "x" : -29.034441,
      "y" : -6.854102,
      "z" : 29.034441
    },
    "orientation" : 52
  }, {
    "shape" : "19e43d59-7c09-45bc-aadf-8845ee4ea94a",
    "color" : "#00993F",
    "position" : {
      "x" : 6.854102,
      "y" : 6.854102,
      "z" : 6.854102
    },
    "orientation" : 12
  }, {
    "shape" : "6251ee1b-6f32-4872-98b4-33b7b3e97384",
    "color" : "#008EC2",
    "position" : {
      "x" : -24.798374,
      "y" : 0.0,
      "z" : -4.236068
    },
    "orientation" : 9
  }, {
    "shape" : "4f779e96-7043-4574-a401-7abd9e9070a8",
    "color" : "#008EC2",
    "position" : {
      "x" : 0.0,
      "y" : 17.944271,
      "z" : 2.618034
    },
    "orientation" : 9
  }, {
    "shape" : "160a9311-002b-4061-8d64-38af1d298edf",
    "color" : "#008EC2",
    "position" : {
      "x" : -29.034441,
      "y" : -6.854102,
      "z" : -6.854102
    },
    "orientation" : 26
  }, {
    "shape" : "160a9311-002b-4061-8d64-38af1d298edf",
    "color" : "#008EC2",
    "position" : {
      "x" : -40.12461,
      "y" : 11.09017,
      "z" : 0.0
    },
    "orientation" : 8
  }, {
    "shape" : "160a9311-002b-4061-8d64-38af1d298edf",
    "color" : "#008EC2",
    "position" : {
      "x" : -17.944271,
      "y" : 11.09017,
      "z" : -22.18034
    },
    "orientation" : 11
  }, {
    "shape" : "4f779e96-7043-4574-a401-7abd9e9070a8",
    "color" : "#008EC2",
    "position" : {
      "x" : 0.0,
      "y" : -17.944271,
      "z" : 11.09017
    },
    "orientation" : 22
  }, {
    "shape" : "160a9311-002b-4061-8d64-38af1d298edf",
    "color" : "#008EC2",
    "position" : {
      "x" : 0.0,
      "y" : -4.236068,
      "z" : 11.09017
    },
    "orientation" : 22
  }, {
    "shape" : "160a9311-002b-4061-8d64-38af1d298edf",
    "color" : "#008EC2",
    "position" : {
      "x" : 4.236068,
      "y" : 11.09017,
      "z" : -13.708204
    },
    "orientation" : 10
  }, {
    "shape" : "160a9311-002b-4061-8d64-38af1d298edf",
    "color" : "#008EC2",
    "position" : {
      "x" : 11.09017,
      "y" : 22.18034,
      "z" : 17.944271
    },
    "orientation" : 37
  }, {
    "shape" : "160a9311-002b-4061-8d64-38af1d298edf",
    "color" : "#008EC2",
    "position" : {
      "x" : 0.0,
      "y" : 4.236068,
      "z" : 24.798374
    },
    "orientation" : 52
  }, {
    "shape" : "160a9311-002b-4061-8d64-38af1d298edf",
    "color" : "#008EC2",
    "position" : {
      "x" : -17.944271,
      "y" : 11.09017,
      "z" : 0.0
    },
    "orientation" : 45
  }, {
    "shape" : "19e43d59-7c09-45bc-aadf-8845ee4ea94a",
    "color" : "#00993F",
    "position" : {
      "x" : -24.798374,
      "y" : 0.0,
      "z" : -4.236068
    },
    "orientation" : 3
  }, {
    "shape" : "4f779e96-7043-4574-a401-7abd9e9070a8",
    "color" : "#008EC2",
    "position" : {
      "x" : 29.034441,
      "y" : -6.854102,
      "z" : -6.854102
    },
    "orientation" : 7
  }, {
    "shape" : "19e43d59-7c09-45bc-aadf-8845ee4ea94a",
    "color" : "#00993F",
    "position" : {
      "x" : -24.798374,
      "y" : -22.18034,
      "z" : 17.944271
    },
    "orientation" : 0
  }, {
    "shape" : "19e43d59-7c09-45bc-aadf-8845ee4ea94a",
    "color" : "#00993F",
    "position" : {
      "x" : -4.236068,
      "y" : 11.09017,
      "z" : -22.18034
    },
    "orientation" : 15
  }, {
    "shape" : "19e43d59-7c09-45bc-aadf-8845ee4ea94a",
    "color" : "#00993F",
    "position" : {
      "x" : 11.09017,
      "y" : 0.0,
      "z" : 40.12461
    },
    "orientation" : 25
  }, {
    "shape" : "19e43d59-7c09-45bc-aadf-8845ee4ea94a",
    "color" : "#00993F",
    "position" : {
      "x" : -22.18034,
      "y" : 17.944271,
      "z" : 11.09017
    },
    "orientation" : 25
  }, {
    "shape" : "6251ee1b-6f32-4872-98b4-33b7b3e97384",
    "color" : "#008EC2",
    "position" : {
      "x" : 6.854102,
      "y" : 6.854102,
      "z" : 6.854102
    },
    "orientation" : 52
  }, {
    "shape" : "4f779e96-7043-4574-a401-7abd9e9070a8",
    "color" : "#008EC2",
    "position" : {
      "x" : 17.944271,
      "y" : 11.09017,
      "z" : 0.0
    },
    "orientation" : 26
  }, {
    "shape" : "6251ee1b-6f32-4872-98b4-33b7b3e97384",
    "color" : "#008EC2",
    "position" : {
      "x" : 11.09017,
      "y" : 0.0,
      "z" : -4.236068
    },
    "orientation" : 55
  }, {
    "shape" : "19e43d59-7c09-45bc-aadf-8845ee4ea94a",
    "color" : "#00993F",
    "position" : {
      "x" : -11.09017,
      "y" : 13.708204,
      "z" : 17.944271
    },
    "orientation" : 52
  }, {
    "shape" : "6251ee1b-6f32-4872-98b4-33b7b3e97384",
    "color" : "#008EC2",
    "position" : {
      "x" : 6.854102,
      "y" : 6.854102,
      "z" : 6.854102
    },
    "orientation" : 26
  }, {
    "shape" : "160a9311-002b-4061-8d64-38af1d298edf",
    "color" : "#008EC2",
    "position" : {
      "x" : 2.618034,
      "y" : 0.0,
      "z" : -17.944271
    },
    "orientation" : 21
  }, {
    "shape" : "6251ee1b-6f32-4872-98b4-33b7b3e97384",
    "color" : "#008EC2",
    "position" : {
      "x" : 6.854102,
      "y" : -6.854102,
      "z" : -6.854102
    },
    "orientation" : 8
  }, {
    "shape" : "19e43d59-7c09-45bc-aadf-8845ee4ea94a",
    "color" : "#00993F",
    "position" : {
      "x" : -29.034441,
      "y" : 29.034441,
      "z" : -6.854102
    },
    "orientation" : 34
  }, {
    "shape" : "4f779e96-7043-4574-a401-7abd9e9070a8",
    "color" : "#008EC2",
    "position" : {
      "x" : -11.09017,
      "y" : -22.18034,
      "z" : 17.944271
    },
    "orientation" : 23
  }, {
    "shape" : "160a9311-002b-4061-8d64-38af1d298edf",
    "color" : "#008EC2",
    "position" : {
      "x" : -4.236068,
      "y" : 11.09017,
      "z" : 35.888542
    },
    "orientation" : 24
  }, {
    "shape" : "6251ee1b-6f32-4872-98b4-33b7b3e97384",
    "color" : "#008EC2",
    "position" : {
      "x" : 0.0,
      "y" : -17.944271,
      "z" : 11.09017
    },
    "orientation" : 22
  }, {
    "shape" : "160a9311-002b-4061-8d64-38af1d298edf",
    "color" : "#008EC2",
    "position" : {
      "x" : 17.944271,
      "y" : -11.09017,
      "z" : -22.18034
    },
    "orientation" : 52
  }, {
    "shape" : "4f779e96-7043-4574-a401-7abd9e9070a8",
    "color" : "#008EC2",
    "position" : {
      "x" : 0.0,
      "y" : -17.944271,
      "z" : -11.09017
    },
    "orientation" : 56
  }, {
    "shape" : "6251ee1b-6f32-4872-98b4-33b7b3e97384",
    "color" : "#008EC2",
    "position" : {
      "x" : -11.09017,
      "y" : 35.888542,
      "z" : -4.236068
    },
    "orientation" : 37
  }, {
    "shape" : "4f779e96-7043-4574-a401-7abd9e9070a8",
    "color" : "#008EC2",
    "position" : {
      "x" : -6.854102,
      "y" : -29.034441,
      "z" : 6.854102
    },
    "orientation" : 0
  }, {
    "shape" : "160a9311-002b-4061-8d64-38af1d298edf",
    "color" : "#008EC2",
    "position" : {
      "x" : 17.944271,
      "y" : 11.09017,
      "z" : -35.888542
    },
    "orientation" : 2
  }, {
    "shape" : "4f779e96-7043-4574-a401-7abd9e9070a8",
    "color" : "#008EC2",
    "position" : {
      "x" : -29.034441,
      "y" : 6.854102,
      "z" : -29.034441
    },
    "orientation" : 9
  }, {
    "shape" : "19e43d59-7c09-45bc-aadf-8845ee4ea94a",
    "color" : "#00993F",
    "position" : {
      "x" : 11.09017,
      "y" : -22.18034,
      "z" : -4.236068
    },
    "orientation" : 58
  }, {
    "shape" : "19e43d59-7c09-45bc-aadf-8845ee4ea94a",
    "color" : "#00993F",
    "position" : {
      "x" : 13.708204,
      "y" : 4.236068,
      "z" : -11.09017
    },
    "orientation" : 8
  }, {
    "shape" : "160a9311-002b-4061-8d64-38af1d298edf",
    "color" : "#008EC2",
    "position" : {
      "x" : 22.18034,
      "y" : -17.944271,
      "z" : 11.09017
    },
    "orientation" : 10
  }, {
    "shape" : "160a9311-002b-4061-8d64-38af1d298edf",
    "color" : "#008EC2",
    "position" : {
      "x" : 6.854102,
      "y" : -6.854102,
      "z" : -6.854102
    },
    "orientation" : 0
  }, {
    "shape" : "19e43d59-7c09-45bc-aadf-8845ee4ea94a",
    "color" : "#00993F",
    "position" : {
      "x" : -11.09017,
      "y" : -22.18034,
      "z" : 4.236068
    },
    "orientation" : 0
  }, {
    "shape" : "19e43d59-7c09-45bc-aadf-8845ee4ea94a",
    "color" : "#00993F",
    "position" : {
      "x" : -6.854102,
      "y" : -29.034441,
      "z" : 29.034441
    },
    "orientation" : 26
  }, {
    "shape" : "4f779e96-7043-4574-a401-7abd9e9070a8",
    "color" : "#008EC2",
    "position" : {
      "x" : 0.0,
      "y" : -17.944271,
      "z" : 24.798374
    },
    "orientation" : 55
  }, {
    "shape" : "6251ee1b-6f32-4872-98b4-33b7b3e97384",
    "color" : "#008EC2",
    "position" : {
      "x" : 0.0,
      "y" : 17.944271,
      "z" : 2.618034
    },
    "orientation" : 21
  }, {
    "shape" : "6251ee1b-6f32-4872-98b4-33b7b3e97384",
    "color" : "#008EC2",
    "position" : {
      "x" : 29.034441,
      "y" : 6.854102,
      "z" : -6.854102
    },
    "orientation" : 7
  }, {
    "shape" : "160a9311-002b-4061-8d64-38af1d298edf",
    "color" : "#008EC2",
    "position" : {
      "x" : -4.236068,
      "y" : 11.09017,
      "z" : 13.708204
    },
    "orientation" : 0
  }, {
    "shape" : "f390a10f-5d75-44dd-a528-58d92a76a3e4",
    "color" : "#F2F2F2",
    "position" : {
      "x" : -17.944271,
      "y" : 24.798374,
      "z" : 22.18034
    }
  }, {
    "shape" : "160a9311-002b-4061-8d64-38af1d298edf",
    "color" : "#008EC2",
    "position" : {
      "x" : 15.326238,
      "y" : 6.854102,
      "z" : 6.854102
    },
    "orientation" : 10
  }, {
    "shape" : "19e43d59-7c09-45bc-aadf-8845ee4ea94a",
    "color" : "#00993F",
    "position" : {
      "x" : -13.708204,
      "y" : 17.944271,
      "z" : 11.09017
    },
    "orientation" : 9
  }, {
    "shape" : "f390a10f-5d75-44dd-a528-58d92a76a3e4",
    "color" : "#F2F2F2",
    "position" : {
      "x" : -17.944271,
      "y" : -24.798374,
      "z" : -22.18034
    }
  }, {
    "shape" : "160a9311-002b-4061-8d64-38af1d298edf",
    "color" : "#008EC2",
    "position" : {
      "x" : 11.09017,
      "y" : 13.708204,
      "z" : -4.236068
    },
    "orientation" : 1
  }, {
    "shape" : "6251ee1b-6f32-4872-98b4-33b7b3e97384",
    "color" : "#008EC2",
    "position" : {
      "x" : 0.0,
      "y" : 17.944271,
      "z" : 11.09017
    },
    "orientation" : 11
  }, {
