{
  "polygons" : "true",
  "field" : "golden",
  "symmetry" : "icosahedral",
  "orientations" : [ [ 1.0, 0.0, 0.0, 0.0, 0.0, 1.0, 0.0, 0.0, 0.0, 0.0, 1.0, 0.0, 0.0, 0.0, 0.0, 1.0 ], [ 0.0, 0.0, 1.0, 0.0, 1.0, 0.0, 0.0, 0.0, 0.0, 1.0, 0.0, 0.0, 0.0, 0.0, 0.0, 1.0 ], [ 0.0, 1.0, 0.0, 0.0, 0.0, 0.0, 1.0, 0.0, 1.0, 0.0, 0.0, 0.0, 0.0, 0.0, 0.0, 1.0 ], [ 0.809017, 0.309017, 0.5, 0.0, 0.309017, 0.5, -0.809017, 0.0, -0.5, 0.809017, 0.309017, 0.0, 0.0, 0.0, 0.0, 1.0 ], [ -0.5, 0.809017, 0.309017, 0.0, 0.809017, 0.309017, 0.5, 0.0, 0.309017, 0.5, -0.809017, 0.0, 0.0, 0.0, 0.0, 1.0 ], [ 0.309017, 0.5, -0.809017, 0.0, -0.5, 0.809017, 0.309017, 0.0, 0.809017, 0.309017, 0.5, 0.0, 0.0, 0.0, 0.0, 1.0 ], [ 0.5, 0.809017, 0.309017, 0.0, 0.809017, -0.309017, -0.5, 0.0, -0.309017, 0.5, -0.809017, 0.0, 0.0, 0.0, 0.0, 1.0 ], [ -0.309017, 0.5, -0.809017, 0.0, 0.5, 0.809017, 0.309017, 0.0, 0.809017, -0.309017, -0.5, 0.0, 0.0, 0.0, 0.0, 1.0 ], [ 0.809017, -0.309017, -0.5, 0.0, -0.309017, 0.5, -0.809017, 0.0, 0.5, 0.809017, 0.309017, 0.0, 0.0, 0.0, 0.0, 1.0 ], [ 0.5, 0.809017, -0.309017, 0.0, 0.809017, -0.309017, 0.5, 0.0, 0.309017, -0.5, -0.809017, 0.0, 0.0, 0.0, 0.0, 1.0 ], [ 0.309017, -0.5, -0.809017, 0.0, 0.5, 0.809017, -0.309017, 0.0, 0.809017, -0.309017, 0.5, 0.0, 0.0, 0.0, 0.0, 1.0 ], [ 0.809017, -0.309017, 0.5, 0.0, 0.309017, -0.5, -0.809017, 0.0, 0.5, 0.809017, -0.309017, 0.0, 0.0, 0.0, 0.0, 1.0 ], [ 0.809017, 0.309017, -0.5, 0.0, 0.309017, 0.5, 0.809017, 0.0, 0.5, -0.809017, 0.309017, 0.0, 0.0, 0.0, 0.0, 1.0 ], [ 0.5, -0.809017, 0.309017, 0.0, 0.809017, 0.309017, -0.5, 0.0, 0.309017, 0.5, 0.809017, 0.0, 0.0, 0.0, 0.0, 1.0 ], [ 0.309017, 0.5, 0.809017, 0.0, 0.5, -0.809017, 0.309017, 0.0, 0.809017, 0.309017, -0.5, 0.0, 0.0, 0.0, 0.0, 1.0 ], [ 1.0, 0.0, 0.0, 0.0, 0.0, -1.0, 0.0, 0.0, 0.0, 0.0, -1.0, 0.0, 0.0, 0.0, 0.0, 1.0 ], [ 0.0, 0.0, 1.0, 0.0, -1.0, 0.0, 0.0, 0.0, 0.0, -1.0, 0.0, 0.0, 0.0, 0.0, 0.0, 1.0 ], [ 0.0, 1.0, 0.0, 0.0, 0.0, 0.0, -1.0, 0.0, -1.0, 0.0, 0.0, 0.0, 0.0, 0.0, 0.0, 1.0 ], [ 0.809017, 0.309017, 0.5, 0.0, -0.309017, -0.5, 0.809017, 0.0, 0.5, -0.809017, -0.309017, 0.0, 0.0, 0.0, 0.0, 1.0 ], [ -0.5, 0.809017, 0.309017, 0.0, -0.809017, -0.309017, -0.5, 0.0, -0.309017, -0.5, 0.809017, 0.0, 0.0, 0.0, 0.0, 1.0 ], [ 0.309017, 0.5, -0.809017, 0.0, 0.5, -0.809017, -0.309017, 0.0, -0.809017, -0.309017, -0.5, 0.0, 0.0, 0.0, 0.0, 1.0 ], [ 0.5, 0.809017, 0.309017, 0.0, -0.809017, 0.309017, 0.5, 0.0, 0.309017, -0.5, 0.809017, 0.0, 0.0, 0.0, 0.0, 1.0 ], [ -0.309017, 0.5, -0.809017, 0.0, -0.5, -0.809017, -0.309017, 0.0, -0.809017, 0.309017, 0.5, 0.0, 0.0, 0.0, 0.0, 1.0 ], [ 0.809017, -0.309017, -0.5, 0.0, 0.309017, -0.5, 0.809017, 0.0, -0.5, -0.809017, -0.309017, 0.0, 0.0, 0.0, 0.0, 1.0 ], [ 0.5, 0.809017, -0.309017, 0.0, -0.809017, 0.309017, -0.5, 0.0, -0.309017, 0.5, 0.809017, 0.0, 0.0, 0.0, 0.0, 1.0 ], [ 0.309017, -0.5, -0.809017, 0.0, -0.5, -0.809017, 0.309017, 0.0, -0.809017, 0.309017, -0.5, 0.0, 0.0, 0.0, 0.0, 1.0 ], [ 0.809017, -0.309017, 0.5, 0.0, -0.309017, 0.5, 0.809017, 0.0, -0.5, -0.809017, 0.309017, 0.0, 0.0, 0.0, 0.0, 1.0 ], [ 0.809017, 0.309017, -0.5, 0.0, -0.309017, -0.5, -0.809017, 0.0, -0.5, 0.809017, -0.309017, 0.0, 0.0, 0.0, 0.0, 1.0 ], [ 0.5, -0.809017, 0.309017, 0.0, -0.809017, -0.309017, 0.5, 0.0, -0.309017, -0.5, -0.809017, 0.0, 0.0, 0.0, 0.0, 1.0 ], [ 0.309017, 0.5, 0.809017, 0.0, -0.5, 0.809017, -0.309017, 0.0, -0.809017, -0.309017, 0.5, 0.0, 0.0, 0.0, 0.0, 1.0 ], [ -1.0, 0.0, 0.0, 0.0, 0.0, -1.0, 0.0, 0.0, 0.0, 0.0, 1.0, 0.0, 0.0, 0.0, 0.0, 1.0 ], [ 0.0, 0.0, -1.0, 0.0, -1.0, 0.0, 0.0, 0.0, 0.0, 1.0, 0.0, 0.0, 0.0, 0.0, 0.0, 1.0 ], [ 0.0, -1.0, 0.0, 0.0, 0.0, 0.0, -1.0, 0.0, 1.0, 0.0, 0.0, 0.0, 0.0, 0.0, 0.0, 1.0 ], [ -0.809017, -0.309017, -0.5, 0.0, -0.309017, -0.5, 0.809017, 0.0, -0.5, 0.809017, 0.309017, 0.0, 0.0, 0.0, 0.0, 1.0 ], [ 0.5, -0.809017, -0.309017, 0.0, -0.809017, -0.309017, -0.5, 0.0, 0.309017, 0.5, -0.809017, 0.0, 0.0, 0.0, 0.0, 1.0 ], [ -0.309017, -0.5, 0.809017, 0.0, 0.5, -0.809017, -0.309017, 0.0, 0.809017, 0.309017, 0.5, 0.0, 0.0, 0.0, 0.0, 1.0 ], [ -0.5, -0.809017, -0.309017, 0.0, -0.809017, 0.309017, 0.5, 0.0, -0.309017, 0.5, -0.809017, 0.0, 0.0, 0.0, 0.0, 1.0 ], [ 0.309017, -0.5, 0.809017, 0.0, -0.5, -0.809017, -0.309017, 0.0, 0.809017, -0.309017, -0.5, 0.0, 0.0, 0.0, 0.0, 1.0 ], [ -0.809017, 0.309017, 0.5, 0.0, 0.309017, -0.5, 0.809017, 0.0, 0.5, 0.809017, 0.309017, 0.0, 0.0, 0.0, 0.0, 1.0 ], [ -0.5, -0.809017, 0.309017, 0.0, -0.809017, 0.309017, -0.5, 0.0, 0.309017, -0.5, -0.809017, 0.0, 0.0, 0.0, 0.0, 1.0 ], [ -0.309017, 0.5, 0.809017, 0.0, -0.5, -0.809017, 0.309017, 0.0, 0.809017, -0.309017, 0.5, 0.0, 0.0, 0.0, 0.0, 1.0 ], [ -0.809017, 0.309017, -0.5, 0.0, -0.309017, 0.5, 0.809017, 0.0, 0.5, 0.809017, -0.309017, 0.0, 0.0, 0.0, 0.0, 1.0 ], [ -0.809017, -0.309017, 0.5, 0.0, -0.309017, -0.5, -0.809017, 0.0, 0.5, -0.809017, 0.309017, 0.0, 0.0, 0.0, 0.0, 1.0 ], [ -0.5, 0.809017, -0.309017, 0.0, -0.809017, -0.309017, 0.5, 0.0, 0.309017, 0.5, 0.809017, 0.0, 0.0, 0.0, 0.0, 1.0 ], [ -0.309017, -0.5, -0.809017, 0.0, -0.5, 0.809017, -0.309017, 0.0, 0.809017, 0.309017, -0.5, 0.0, 0.0, 0.0, 0.0, 1.0 ], [ -1.0, 0.0, 0.0, 0.0, 0.0, 1.0, 0.0, 0.0, 0.0, 0.0, -1.0, 0.0, 0.0, 0.0, 0.0, 1.0 ], [ 0.0, 0.0, -1.0, 0.0, 1.0, 0.0, 0.0, 0.0, 0.0, -1.0, 0.0, 0.0, 0.0, 0.0, 0.0, 1.0 ], [ 0.0, -1.0, 0.0, 0.0, 0.0, 0.0, 1.0, 0.0, -1.0, 0.0, 0.0, 0.0, 0.0, 0.0, 0.0, 1.0 ], [ -0.809017, -0.309017, -0.5, 0.0, 0.309017, 0.5, -0.809017, 0.0, 0.5, -0.809017, -0.309017, 0.0, 0.0, 0.0, 0.0, 1.0 ], [ 0.5, -0.809017, -0.309017, 0.0, 0.809017, 0.309017, 0.5, 0.0, -0.309017, -0.5, 0.809017, 0.0, 0.0, 0.0, 0.0, 1.0 ], [ -0.309017, -0.5, 0.809017, 0.0, -0.5, 0.809017, 0.309017, 0.0, -0.809017, -0.309017, -0.5, 0.0, 0.0, 0.0, 0.0, 1.0 ], [ -0.5, -0.809017, -0.309017, 0.0, 0.809017, -0.309017, -0.5, 0.0, 0.309017, -0.5, 0.809017, 0.0, 0.0, 0.0, 0.0, 1.0 ], [ 0.309017, -0.5, 0.809017, 0.0, 0.5, 0.809017, 0.309017, 0.0, -0.809017, 0.309017, 0.5, 0.0, 0.0, 0.0, 0.0, 1.0 ], [ -0.809017, 0.309017, 0.5, 0.0, -0.309017, 0.5, -0.809017, 0.0, -0.5, -0.809017, -0.309017, 0.0, 0.0, 0.0, 0.0, 1.0 ], [ -0.5, -0.809017, 0.309017, 0.0, 0.809017, -0.309017, 0.5, 0.0, -0.309017, 0.5, 0.809017, 0.0, 0.0, 0.0, 0.0, 1.0 ], [ -0.309017, 0.5, 0.809017, 0.0, 0.5, 0.809017, -0.309017, 0.0, -0.809017, 0.309017, -0.5, 0.0, 0.0, 0.0, 0.0, 1.0 ], [ -0.809017, 0.309017, -0.5, 0.0, 0.309017, -0.5, -0.809017, 0.0, -0.5, -0.809017, 0.309017, 0.0, 0.0, 0.0, 0.0, 1.0 ], [ -0.809017, -0.309017, 0.5, 0.0, 0.309017, 0.5, 0.809017, 0.0, -0.5, 0.809017, -0.309017, 0.0, 0.0, 0.0, 0.0, 1.0 ], [ -0.5, 0.809017, -0.309017, 0.0, 0.809017, 0.309017, -0.5, 0.0, -0.309017, -0.5, -0.809017, 0.0, 0.0, 0.0, 0.0, 1.0 ], [ -0.309017, -0.5, -0.809017, 0.0, 0.5, -0.809017, 0.309017, 0.0, -0.809017, -0.309017, 0.5, 0.0, 0.0, 0.0, 0.0, 1.0 ] ],
  "lights" : {
    "directionalLights" : [ {
      "direction" : [ 1.0, -1.0, -1.0 ],
      "color" : "#EBEBE4"
    }, {
      "direction" : [ -1.0, 0.0, 0.0 ],
      "color" : "#E4E4EB"
    }, {
      "direction" : [ 0.0, 0.0, -1.0 ],
      "color" : "#1E1E1E"
    } ],
    "ambientColor" : "#292929",
    "backgroundColor" : "#AFC8DC"
  },
  "camera" : {
    "width" : 1310.0,
    "position" : {
      "x" : 0.0,
      "y" : 0.0,
      "z" : 1310.0
    },
    "lookAtPointRV" : {
      "x" : 0.0,
      "y" : 0.0,
      "z" : 0.0,
      "zero" : true
    },
    "fieldOfView" : 0.9272952,
    "viewDistance" : 1310.0,
    "upDirectionRV" : {
      "x" : 0.0,
      "y" : 1.0,
      "z" : 0.0,
      "zero" : false
    },
    "lookDirectionRV" : {
      "x" : 0.0,
      "y" : 0.0,
      "z" : -1.0,
      "zero" : false
    },
    "perspective" : true,
    "upDirection" : {
      "x" : 0.0,
      "y" : 1.0,
      "z" : 0.0
    },
    "lookDirection" : {
      "x" : 0.0,
      "y" : 0.0,
      "z" : -1.0
    },
    "lookAtPoint" : {
      "x" : 0.0,
      "y" : 0.0,
      "z" : 0.0
    },
    "farClipDistance" : 1820.0,
    "nearClipDistance" : 0.5,
    "stereo" : false
  },
  "embedding" : [ 1.0, 0.0, 0.0, 0.0, 0.0, 1.0, 0.0, 0.0, 0.0, 0.0, 1.0, 0.0, 0.0, 0.0, 0.0, 1.0 ],
  "shapes" : [ {
    "id" : "24befdcf-a425-4680-9e7b-c4eb594d9701",
    "name" : "ball",
    "vertices" : [ {
      "x" : 0.309017,
      "y" : -0.809017,
      "z" : 0.618034
    }, {
      "x" : 0.809017,
      "y" : -0.618034,
      "z" : 0.309017
    }, {
      "x" : 0.618034,
      "y" : -0.309017,
      "z" : 0.809017
    }, {
      "x" : 1.0,
      "y" : 0.309017,
      "z" : 0.19098301
    }, {
      "x" : 0.809017,
      "y" : 0.618034,
      "z" : 0.309017
    }, {
      "x" : 0.618034,
      "y" : 0.309017,
      "z" : 0.809017
    }, {
      "x" : 0.809017,
      "y" : 0.0,
      "z" : 0.690983
    }, {
      "x" : 0.19098301,
      "y" : -1.0,
      "z" : 0.309017
    }, {
      "x" : -0.19098301,
      "y" : -1.0,
      "z" : 0.309017
    }, {
      "x" : -0.19098301,
      "y" : -1.0,
      "z" : -0.309017
    }, {
      "x" : 0.19098301,
      "y" : -1.0,
      "z" : -0.309017
    }, {
      "x" : 1.0,
      "y" : -0.309017,
      "z" : -0.19098301
    }, {
      "x" : 0.809017,
      "y" : -0.618034,
      "z" : -0.309017
    }, {
      "x" : 0.618034,
      "y" : -0.309017,
      "z" : -0.809017
    }, {
      "x" : 0.809017,
      "y" : 0.0,
      "z" : -0.690983
    }, {
      "x" : 0.0,
      "y" : 0.690983,
      "z" : -0.809017
    }, {
      "x" : 0.309017,
      "y" : 0.809017,
      "z" : -0.618034
    }, {
      "x" : 0.618034,
      "y" : 0.309017,
      "z" : -0.809017
    }, {
      "x" : 0.309017,
      "y" : 0.19098301,
      "z" : -1.0
    }, {
      "x" : 1.0,
      "y" : 0.309017,
      "z" : -0.19098301
    }, {
      "x" : -0.309017,
      "y" : -0.809017,
      "z" : 0.618034
    }, {
      "x" : 0.0,
      "y" : -0.690983,
      "z" : 0.809017
    }, {
      "x" : 0.809017,
      "y" : 0.618034,
      "z" : -0.309017
    }, {
      "x" : 0.690983,
      "y" : 0.809017,
      "z" : 0.0
    }, {
      "x" : -0.690983,
      "y" : 0.809017,
      "z" : 0.0
    }, {
      "x" : -0.809017,
      "y" : 0.618034,
      "z" : 0.309017
    }, {
      "x" : -0.309017,
      "y" : 0.809017,
      "z" : 0.618034
    }, {
      "x" : -0.19098301,
      "y" : 1.0,
      "z" : 0.309017
    }, {
      "x" : 0.309017,
      "y" : -0.19098301,
      "z" : -1.0
    }, {
      "x" : 0.19098301,
      "y" : 1.0,
      "z" : 0.309017
    }, {
      "x" : 0.309017,
      "y" : 0.809017,
      "z" : 0.618034
    }, {
      "x" : -0.809017,
      "y" : -0.618034,
      "z" : 0.309017
    }, {
      "x" : -0.690983,
      "y" : -0.809017,
      "z" : 0.0
    }, {
      "x" : 0.0,
      "y" : 0.690983,
      "z" : 0.809017
    }, {
      "x" : 0.309017,
      "y" : -0.809017,
      "z" : -0.618034
    }, {
      "x" : 0.0,
      "y" : -0.690983,
      "z" : -0.809017
    }, {
      "x" : -1.0,
      "y" : 0.309017,
      "z" : 0.19098301
    }, {
      "x" : -0.809017,
      "y" : 0.0,
      "z" : 0.690983
    }, {
      "x" : -0.618034,
      "y" : 0.309017,
      "z" : 0.809017
    }, {
      "x" : 1.0,
      "y" : -0.309017,
      "z" : 0.19098301
    }, {
      "x" : -0.309017,
      "y" : -0.809017,
      "z" : -0.618034
    }, {
      "x" : -1.0,
      "y" : 0.309017,
      "z" : -0.19098301
    }, {
      "x" : -1.0,
      "y" : -0.309017,
      "z" : -0.19098301
    }, {
      "x" : -1.0,
      "y" : -0.309017,
      "z" : 0.19098301
    }, {
      "x" : 0.19098301,
      "y" : 1.0,
      "z" : -0.309017
    }, {
      "x" : -0.809017,
      "y" : 0.618034,
      "z" : -0.309017
    }, {
      "x" : -0.19098301,
      "y" : 1.0,
      "z" : -0.309017
    }, {
      "x" : -0.309017,
      "y" : 0.809017,
      "z" : -0.618034
    }, {
      "x" : -0.618034,
      "y" : -0.309017,
      "z" : 0.809017
    }, {
      "x" : 0.309017,
      "y" : 0.19098301,
      "z" : 1.0
    }, {
      "x" : -0.309017,
      "y" : 0.19098301,
      "z" : -1.0
    }, {
      "x" : -0.309017,
      "y" : 0.19098301,
      "z" : 1.0
    }, {
      "x" : -0.309017,
      "y" : -0.19098301,
      "z" : 1.0
    }, {
      "x" : 0.309017,
      "y" : -0.19098301,
      "z" : 1.0
    }, {
      "x" : 0.690983,
      "y" : -0.809017,
      "z" : 0.0
    }, {
      "x" : -0.809017,
      "y" : 0.0,
      "z" : -0.690983
    }, {
      "x" : -0.618034,
      "y" : -0.309017,
      "z" : -0.809017
    }, {
      "x" : -0.309017,
      "y" : -0.19098301,
      "z" : -1.0
    }, {
      "x" : -0.618034,
      "y" : 0.309017,
      "z" : -0.809017
    }, {
      "x" : -0.809017,
      "y" : -0.618034,
      "z" : -0.309017
    } ],
    "faces" : [ {
      "vertices" : [ 9, 40, 35, 34, 10 ]
    }, {
      "vertices" : [ 0, 1, 2 ]
    }, {
      "vertices" : [ 33, 51, 49 ]
    }, {
      "vertices" : [ 25, 36, 37, 38 ]
    }, {
      "vertices" : [ 41, 55, 42 ]
    }, {
      "vertices" : [ 9, 32, 59, 40 ]
    }, {
      "vertices" : [ 20, 21, 52, 48 ]
    }, {
      "vertices" : [ 26, 33, 30, 29, 27 ]
    }, {
      "vertices" : [ 3, 4, 5, 6 ]
    }, {
      "vertices" : [ 27, 29, 44, 46 ]
    }, {
      "vertices" : [ 50, 57, 56, 55, 58 ]
    }, {
      "vertices" : [ 26, 38, 51, 33 ]
    }, {
      "vertices" : [ 45, 47, 58 ]
    }, {
      "vertices" : [ 18, 28, 57, 50 ]
    }, {
      "vertices" : [ 40, 59, 56 ]
    }, {
      "vertices" : [ 31, 48, 37, 43 ]
    }, {
      "vertices" : [ 7, 8, 9, 10 ]
    }, {
      "vertices" : [ 36, 41, 42, 43 ]
    }, {
      "vertices" : [ 24, 46, 47, 45 ]
    }, {
      "vertices" : [ 4, 30, 5 ]
    }, {
      "vertices" : [ 15, 47, 46, 44, 16 ]
    }, {
      "vertices" : [ 15, 50, 58, 47 ]
    }, {
      "vertices" : [ 24, 45, 41, 36, 25 ]
    }, {
      "vertices" : [ 11, 14, 19 ]
    }, {
      "vertices" : [ 3, 6, 39 ]
    }, {
      "vertices" : [ 1, 39, 6, 2 ]
    }, {
      "vertices" : [ 8, 32, 9 ]
    }, {
      "vertices" : [ 11, 12, 13, 14 ]
    }, {
      "vertices" : [ 16, 22, 17 ]
    }, {
      "vertices" : [ 0, 21, 20, 8, 7 ]
    }, {
      "vertices" : [ 12, 34, 13 ]
    }, {
      "vertices" : [ 35, 40, 56, 57 ]
    }, {
      "vertices" : [ 0, 7, 54, 1 ]
    }, {
      "vertices" : [ 15, 16, 17, 18 ]
    }, {
      "vertices" : [ 3, 19, 22, 23, 4 ]
    }, {
      "vertices" : [ 7, 10, 54 ]
    }, {
      "vertices" : [ 41, 45, 58, 55 ]
    }, {
      "vertices" : [ 3, 39, 11, 19 ]
    }, {
      "vertices" : [ 14, 17, 22, 19 ]
    }, {
      "vertices" : [ 0, 2, 53, 21 ]
    }, {
      "vertices" : [ 49, 51, 52, 53 ]
    }, {
      "vertices" : [ 31, 43, 42, 59, 32 ]
    }, {
      "vertices" : [ 15, 18, 50 ]
    }, {
      "vertices" : [ 42, 55, 56, 59 ]
    }, {
      "vertices" : [ 4, 23, 29, 30 ]
    }, {
      "vertices" : [ 25, 38, 26 ]
    }, {
      "vertices" : [ 13, 28, 18, 17, 14 ]
    }, {
      "vertices" : [ 8, 20, 31, 32 ]
    }, {
      "vertices" : [ 23, 44, 29 ]
    }, {
      "vertices" : [ 24, 27, 46 ]
    }, {
      "vertices" : [ 37, 48, 52, 51, 38 ]
    }, {
      "vertices" : [ 20, 48, 31 ]
    }, {
      "vertices" : [ 24, 25, 26, 27 ]
    }, {
      "vertices" : [ 16, 44, 23, 22 ]
    }, {
      "vertices" : [ 13, 34, 35, 28 ]
    }, {
      "vertices" : [ 10, 34, 12, 54 ]
    }, {
      "vertices" : [ 2, 6, 5, 49, 53 ]
    }, {
      "vertices" : [ 36, 43, 37 ]
    }, {
      "vertices" : [ 5, 30, 33, 49 ]
    }, {
      "vertices" : [ 1, 54, 12, 11, 39 ]
    }, {
      "vertices" : [ 28, 35, 57 ]
    }, {
      "vertices" : [ 21, 53, 52 ]
    } ]
  }, {
    "id" : "2679f7fb-1ee4-4da1-9322-8cab8e9da881",
    "orbit" : "yellow",
    "orbitC" : "[[0,0,1],[2,-1,1]]",
    "length" : "[\"0\",\"2\",\"1\"]",
    "name" : " :2*phi",
    "vertices" : [ {
      "x" : 0.809017,
      "y" : 0.0,
      "z" : -0.690983
    }, {
      "x" : 1.0,
      "y" : 0.309017,
      "z" : -0.19098301
    }, {
      "x" : 10.281153,
      "y" : 0.309017,
      "z" : -3.736068
    }, {
      "x" : 10.09017,
      "y" : 0.0,
      "z" : -4.236068
    }, {
      "x" : 21.18034,
      "y" : 0.309017,
      "z" : -8.281153
    }, {
      "x" : 1.0,
      "y" : -0.309017,
      "z" : -0.19098301
    }, {
      "x" : 10.281153,
      "y" : -0.309017,
      "z" : -3.736068
    }, {
      "x" : 11.899187,
      "y" : 0.309017,
      "z" : -4.736068
    }, {
      "x" : 12.09017,
      "y" : 0.0,
      "z" : -4.236068
    }, {
      "x" : 22.18034,
      "y" : 0.0,
      "z" : -8.472136
    }, {
      "x" : 11.899187,
      "y" : -0.309017,
      "z" : -4.736068
    }, {
      "x" : 21.371323,
      "y" : 0.0,
      "z" : -7.7811527
    }, {
      "x" : 21.18034,
      "y" : -0.309017,
      "z" : -8.281153
    } ],
    "faces" : [ {
      "vertices" : [ 2, 6, 8 ]
    }, {
      "vertices" : [ 4, 12, 10, 7 ]
    }, {
      "vertices" : [ 2, 8, 7 ]
    }, {
      "vertices" : [ 3, 10, 6 ]
    }, {
      "vertices" : [ 3, 7, 10 ]
    }, {
      "vertices" : [ 0, 1, 2, 3 ]
    }, {
      "vertices" : [ 6, 10, 8 ]
    }, {
      "vertices" : [ 8, 10, 12, 11 ]
    }, {
      "vertices" : [ 2, 7, 3 ]
    }, {
      "vertices" : [ 0, 3, 6, 5 ]
    }, {
      "vertices" : [ 1, 5, 6, 2 ]
    }, {
      "vertices" : [ 4, 7, 8, 11 ]
    } ]
  }, {
    "id" : "8bcf34f5-b108-4a9e-a17c-91aa1f3b97f9",
    "orbit" : "blue",
    "orbitC" : "[[0,0,1],[0,0,1]]",
    "length" : "[\"0\",\"2\",\"1\"]",
    "name" : " :2*phi",
    "vertices" : [ {
      "x" : 26.416409,
      "y" : 0.309017,
      "z" : 0.19098301
    }, {
      "x" : 26.416409,
      "y" : 0.309017,
      "z" : -0.19098301
    }, {
      "x" : 1.0,
      "y" : 0.309017,
      "z" : -0.19098301
    }, {
      "x" : 1.0,
      "y" : 0.309017,
      "z" : 0.19098301
    }, {
      "x" : 26.416409,
      "y" : -0.309017,
      "z" : 0.19098301
    }, {
      "x" : 1.0,
      "y" : -0.309017,
      "z" : 0.19098301
    }, {
      "x" : 1.0,
      "y" : -0.309017,
      "z" : -0.19098301
    }, {
      "x" : 26.416409,
      "y" : -0.309017,
      "z" : -0.19098301
    }, {
      "x" : 27.416409,
      "y" : 0.0,
      "z" : 0.0
    } ],
    "faces" : [ {
      "vertices" : [ 1, 7, 6, 2 ]
    }, {
      "vertices" : [ 0, 1, 2, 3 ]
    }, {
      "vertices" : [ 4, 5, 6, 7 ]
    }, {
      "vertices" : [ 0, 3, 5, 4 ]
    } ]
  }, {
    "id" : "2acdb1aa-4e45-4add-a19a-bf776f7e1959",
    "orbit" : "red",
    "orbitC" : "[[-1,1,1],[0,0,1]]",
    "length" : "[\"0\",\"2\",\"1\"]",
    "name" : " :2*phi",
    "vertices" : [ {
      "x" : 10.281153,
      "y" : 6.472136,
      "z" : 0.309017
    }, {
      "x" : 11.899187,
      "y" : 7.236068,
      "z" : 0.309017
    }, {
      "x" : 11.708204,
      "y" : 7.545085,
      "z" : 0.19098301
    }, {
      "x" : 0.809017,
      "y" : 0.618034,
      "z" : -0.309017
    }, {
      "x" : 0.690983,
      "y" : 0.809017,
      "z" : 0.0
    }, {
      "x" : 10.163119,
      "y" : 6.663119,
      "z" : 0.0
    }, {
      "x" : 10.281153,
      "y" : 6.472136,
      "z" : -0.309017
    }, {
      "x" : 21.371323,
      "y" : 13.09017,
      "z" : 0.309017
    }, {
      "x" : 10.472136,
      "y" : 6.163119,
      "z" : 0.19098301
    }, {
      "x" : 10.472136,
      "y" : 6.163119,
      "z" : -0.19098301
    }, {
      "x" : 12.0172205,
      "y" : 7.045085,
      "z" : 0.0
    }, {
      "x" : 11.899187,
      "y" : 7.236068,
      "z" : -0.309017
    }, {
      "x" : 21.489357,
      "y" : 12.899187,
      "z" : 0.0
    }, {
      "x" : 1.0,
      "y" : 0.309017,
      "z" : 0.19098301
    }, {
      "x" : 1.0,
      "y" : 0.309017,
      "z" : -0.19098301
    }, {
      "x" : 0.809017,
      "y" : 0.618034,
      "z" : 0.309017
    }, {
      "x" : 21.18034,
      "y" : 13.399187,
      "z" : 0.19098301
    }, {
      "x" : 21.371323,
      "y" : 13.09017,
      "z" : -0.309017
    }, {
      "x" : 21.18034,
      "y" : 13.399187,
      "z" : -0.19098301
    }, {
      "x" : 22.18034,
      "y" : 13.708204,
      "z" : 0.0
    }, {
      "x" : 11.708204,
      "y" : 7.545085,
      "z" : -0.19098301
    } ],
    "faces" : [ {
      "vertices" : [ 3, 6, 9, 14 ]
    }, {
      "vertices" : [ 11, 20, 18, 17 ]
    }, {
      "vertices" : [ 0, 1, 2 ]
    }, {
      "vertices" : [ 0, 15, 13, 8 ]
    }, {
      "vertices" : [ 6, 20, 11 ]
    }, {
      "vertices" : [ 0, 2, 5 ]
    }, {
      "vertices" : [ 0, 8, 1 ]
    }, {
      "vertices" : [ 8, 13, 14, 9 ]
    }, {
      "vertices" : [ 3, 4, 5, 6 ]
    }, {
      "vertices" : [ 10, 11, 17, 12 ]
    }, {
      "vertices" : [ 1, 8, 10 ]
    }, {
      "vertices" : [ 0, 5, 4, 15 ]
    }, {
      "vertices" : [ 2, 16, 18, 20 ]
    }, {
      "vertices" : [ 1, 7, 16, 2 ]
    }, {
      "vertices" : [ 6, 11, 9 ]
    }, {
      "vertices" : [ 8, 9, 10 ]
    }, {
      "vertices" : [ 2, 20, 5 ]
    }, {
      "vertices" : [ 9, 11, 10 ]
    }, {
      "vertices" : [ 1, 10, 12, 7 ]
    }, {
      "vertices" : [ 5, 20, 6 ]
    } ]
  }, {
    "id" : "f039b9e6-e7b6-48a7-b386-95b6b03413a8",
    "orbit" : "red",
    "orbitC" : "[[-1,1,1],[0,0,1]]",
    "length" : "[\"2\",\"0\",\"1\"]",
    "name" : " :2",
    "vertices" : [ {
      "x" : 6.045085,
      "y" : 3.854102,
      "z" : 0.309017
    }, {
      "x" : 7.663119,
      "y" : 4.618034,
      "z" : 0.309017
    }, {
      "x" : 7.472136,
      "y" : 4.927051,
      "z" : 0.19098301
    }, {
      "x" : 0.809017,
      "y" : 0.618034,
      "z" : -0.309017
    }, {
      "x" : 0.690983,
      "y" : 0.809017,
      "z" : 0.0
    }, {
      "x" : 5.927051,
      "y" : 4.045085,
      "z" : 0.0
    }, {
      "x" : 6.045085,
      "y" : 3.854102,
      "z" : -0.309017
    }, {
      "x" : 12.899187,
      "y" : 7.854102,
      "z" : 0.309017
    }, {
      "x" : 6.236068,
      "y" : 3.545085,
      "z" : 0.19098301
    }, {
      "x" : 6.236068,
      "y" : 3.545085,
      "z" : -0.19098301
    }, {
      "x" : 7.7811527,
      "y" : 4.427051,
      "z" : 0.0
    }, {
      "x" : 7.663119,
      "y" : 4.618034,
      "z" : -0.309017
    }, {
      "x" : 13.0172205,
      "y" : 7.663119,
      "z" : 0.0
    }, {
      "x" : 1.0,
      "y" : 0.309017,
      "z" : 0.19098301
    }, {
      "x" : 1.0,
      "y" : 0.309017,
      "z" : -0.19098301
    }, {
      "x" : 0.809017,
      "y" : 0.618034,
      "z" : 0.309017
    }, {
      "x" : 12.708204,
      "y" : 8.163119,
      "z" : 0.19098301
    }, {
      "x" : 12.899187,
      "y" : 7.854102,
      "z" : -0.309017
    }, {
      "x" : 12.708204,
      "y" : 8.163119,
      "z" : -0.19098301
    }, {
      "x" : 13.708204,
      "y" : 8.472136,
      "z" : 0.0
    }, {
      "x" : 7.472136,
      "y" : 4.927051,
      "z" : -0.19098301
    } ],
    "faces" : [ {
      "vertices" : [ 3, 6, 9, 14 ]
    }, {
      "vertices" : [ 11, 20, 18, 17 ]
    }, {
      "vertices" : [ 0, 1, 2 ]
    }, {
      "vertices" : [ 0, 15, 13, 8 ]
    }, {
      "vertices" : [ 6, 20, 11 ]
    }, {
      "vertices" : [ 0, 2, 5 ]
    }, {
      "vertices" : [ 0, 8, 1 ]
    }, {
      "vertices" : [ 8, 13, 14, 9 ]
    }, {
      "vertices" : [ 3, 4, 5, 6 ]
    }, {
      "vertices" : [ 10, 11, 17, 12 ]
    }, {
      "vertices" : [ 1, 8, 10 ]
    }, {
      "vertices" : [ 0, 5, 4, 15 ]
    }, {
      "vertices" : [ 2, 16, 18, 20 ]
    }, {
      "vertices" : [ 1, 7, 16, 2 ]
    }, {
      "vertices" : [ 6, 11, 9 ]
    }, {
      "vertices" : [ 8, 9, 10 ]
    }, {
      "vertices" : [ 2, 20, 5 ]
    }, {
      "vertices" : [ 9, 11, 10 ]
    }, {
      "vertices" : [ 1, 10, 12, 7 ]
    }, {
      "vertices" : [ 5, 20, 6 ]
    } ]
  } ],
  "instances" : [ {
    "shape" : "24befdcf-a425-4680-9e7b-c4eb594d9701",
    "color" : "#F2F2F2",
    "position" : {
      "x" : 0.0,
      "y" : -110.9017,
      "z" : 13.708204
    }
  }, {
    "shape" : "2679f7fb-1ee4-4da1-9322-8cab8e9da881",
    "color" : "#FFB31A",
    "position" : {
      "x" : -85.48529,
      "y" : 66.54102,
      "z" : 124.6099
    },
    "orientation" : 2
  }, {
    "shape" : "24befdcf-a425-4680-9e7b-c4eb594d9701",
    "color" : "#F2F2F2",
    "position" : {
      "x" : -124.6099,
      "y" : 215.33127,
      "z" : 13.708204
    }
  }, {
    "shape" : "24befdcf-a425-4680-9e7b-c4eb594d9701",
    "color" : "#F2F2F2",
    "position" : {
      "x" : -165.73451,
      "y" : 135.08205,
      "z" : 129.84598
    }
  }, {
    "shape" : "24befdcf-a425-4680-9e7b-c4eb594d9701",
    "color" : "#F2F2F2",
    "position" : {
      "x" : 174.20665,
      "y" : 157.26237,
      "z" : -85.48529
    }
  }, {
    "shape" : "8bcf34f5-b108-4a9e-a17c-91aa1f3b97f9",
    "color" : "#008EC2",
    "position" : {
      "x" : 22.18034,
      "y" : 174.20665,
      "z" : 116.137764
    },
    "orientation" : 41
  }, {
    "shape" : "24befdcf-a425-4680-9e7b-c4eb594d9701",
    "color" : "#F2F2F2",
    "position" : {
      "x" : -107.665634,
      "y" : 215.33127,
      "z" : 13.708204
    }
  }, {
    "shape" : "8bcf34f5-b108-4a9e-a17c-91aa1f3b97f9",
    "color" : "#008EC2",
    "position" : {
      "x" : 0.0,
      "y" : -223.8034,
      "z" : 110.9017
    },
    "orientation" : 38
  }, {
    "shape" : "8bcf34f5-b108-4a9e-a17c-91aa1f3b97f9",
    "color" : "#008EC2",
    "position" : {
      "x" : -110.9017,
      "y" : -116.137764,
      "z" : 80.24922
    },
    "orientation" : 8
  }, {
    "shape" : "24befdcf-a425-4680-9e7b-c4eb594d9701",
    "color" : "#F2F2F2",
    "position" : {
      "x" : 58.068882,
      "y" : 85.48529,
      "z" : 174.20665
    }
  }, {
    "shape" : "24befdcf-a425-4680-9e7b-c4eb594d9701",
    "color" : "#F2F2F2",
    "position" : {
      "x" : 187.91486,
      "y" : 41.12461,
      "z" : 152.0263
    }
  }, {
    "shape" : "2acdb1aa-4e45-4add-a19a-bf776f7e1959",
    "color" : "#D91218",
    "position" : {
      "x" : 146.79024,
      "y" : -107.665634,
      "z" : -44.36068
    },
    "orientation" : 2
  }, {
    "shape" : "24befdcf-a425-4680-9e7b-c4eb594d9701",
    "color" : "#F2F2F2",
    "position" : {
      "x" : -41.12461,
      "y" : -93.95743,
      "z" : 223.8034
    }
  }, {
    "shape" : "8bcf34f5-b108-4a9e-a17c-91aa1f3b97f9",
    "color" : "#008EC2",
    "position" : {
      "x" : -80.24922,
      "y" : -93.95743,
      "z" : 160.49844
    },
    "orientation" : 24
  }, {
    "shape" : "2679f7fb-1ee4-4da1-9322-8cab8e9da881",
    "color" : "#FFB31A",
    "position" : {
      "x" : -44.36068,
      "y" : -124.6099,
      "z" : 121.37383
    },
    "orientation" : 38
  }, {
    "shape" : "24befdcf-a425-4680-9e7b-c4eb594d9701",
    "color" : "#F2F2F2",
    "position" : {
      "x" : -85.48529,
      "y" : -174.20665,
      "z" : -157.26237
    }
  }, {
    "shape" : "24befdcf-a425-4680-9e7b-c4eb594d9701",
    "color" : "#F2F2F2",
    "position" : {
      "x" : 85.48529,
      "y" : 13.708204,
      "z" : 174.20665
    }
  }, {
    "shape" : "2679f7fb-1ee4-4da1-9322-8cab8e9da881",
    "color" : "#FFB31A",
    "position" : {
      "x" : -27.416409,
      "y" : 187.91486,
      "z" : -160.49844
    },
    "orientation" : 9
  }, {
    "shape" : "8bcf34f5-b108-4a9e-a17c-91aa1f3b97f9",
    "color" : "#008EC2",
    "position" : {
      "x" : -174.20665,
      "y" : 80.24922,
      "z" : -116.137764
    },
    "orientation" : 39
  }, {
    "shape" : "2679f7fb-1ee4-4da1-9322-8cab8e9da881",
    "color" : "#FFB31A",
    "position" : {
      "x" : -110.9017,
      "y" : -80.24922,
      "z" : -174.20665
    },
    "orientation" : 4
  }, {
    "shape" : "24befdcf-a425-4680-9e7b-c4eb594d9701",
    "color" : "#F2F2F2",
    "position" : {
      "x" : 63.30495,
      "y" : 66.54102,
      "z" : -116.137764
    }
  }, {
    "shape" : "2acdb1aa-4e45-4add-a19a-bf776f7e1959",
    "color" : "#D91218",
    "position" : {
      "x" : -116.137764,
      "y" : 201.62306,
      "z" : -63.30495
    },
    "orientation" : 32
  }, {
    "shape" : "2679f7fb-1ee4-4da1-9322-8cab8e9da881",
    "color" : "#FFB31A",
    "position" : {
      "x" : -107.665634,
      "y" : -165.73451,
      "z" : -44.36068
    },
    "orientation" : 7
  }, {
    "shape" : "f039b9e6-e7b6-48a7-b386-95b6b03413a8",
    "color" : "#D91218",
    "position" : {
      "x" : -22.18034,
      "y" : 13.708204,
      "z" : -215.33127
    },
    "orientation" : 2
  }, {
    "shape" : "8bcf34f5-b108-4a9e-a17c-91aa1f3b97f9",
    "color" : "#008EC2",
    "position" : {
      "x" : 44.36068,
      "y" : 223.8034,
      "z" : -93.95743
    },
    "orientation" : 38
  }, {
    "shape" : "2679f7fb-1ee4-4da1-9322-8cab8e9da881",
    "color" : "#FFB31A",
    "position" : {
      "x" : 160.49844,
      "y" : -66.54102,
      "z" : -129.84598
    },
    "orientation" : 5
  }, {
    "shape" : "f039b9e6-e7b6-48a7-b386-95b6b03413a8",
    "color" : "#D91218",
    "position" : {
      "x" : 223.8034,
      "y" : -44.36068,
      "z" : -41.12461
    },
    "orientation" : 32
  }, {
    "shape" : "24befdcf-a425-4680-9e7b-c4eb594d9701",
    "color" : "#F2F2F2",
    "position" : {
      "x" : 152.0263,
      "y" : 146.79024,
      "z" : -66.54102
    }
  }, {
    "shape" : "24befdcf-a425-4680-9e7b-c4eb594d9701",
    "color" : "#F2F2F2",
    "position" : {
      "x" : -240.74767,
      "y" : -13.708204,
      "z" : 66.54102
    }
  }, {
    "shape" : "2679f7fb-1ee4-4da1-9322-8cab8e9da881",
    "color" : "#FFB31A",
    "position" : {
      "x" : 49.59675,
      "y" : -80.24922,
      "z" : 85.48529
    },
    "orientation" : 2
  }, {
    "shape" : "2acdb1aa-4e45-4add-a19a-bf776f7e1959",
    "color" : "#D91218",
    "position" : {
      "x" : 49.59675,
      "y" : -215.33127,
      "z" : -80.24922
    },
    "orientation" : 2
  }, {
    "shape" : "24befdcf-a425-4680-9e7b-c4eb594d9701",
    "color" : "#F2F2F2",
    "position" : {
      "x" : 215.33127,
      "y" : 44.36068,
      "z" : 27.416409
    }
  }, {
    "shape" : "f039b9e6-e7b6-48a7-b386-95b6b03413a8",
    "color" : "#D91218",
    "position" : {
      "x" : -41.12461,
      "y" : 152.0263,
      "z" : -187.91486
    },
    "orientation" : 0
  }, {
    "shape" : "2679f7fb-1ee4-4da1-9322-8cab8e9da881",
    "color" : "#FFB31A",
    "position" : {
      "x" : -232.27553,
      "y" : 88.72136,
      "z" : 0.0
    },
    "orientation" : 2
  }, {
    "shape" : "2679f7fb-1ee4-4da1-9322-8cab8e9da881",
    "color" : "#FFB31A",
    "position" : {
      "x" : 0.0,
      "y" : -232.27553,
      "z" : -88.72136
    },
    "orientation" : 2
  }, {
    "shape" : "8bcf34f5-b108-4a9e-a17c-91aa1f3b97f9",
    "color" : "#008EC2",
    "position" : {
      "x" : -223.8034,
      "y" : -44.36068,
      "z" : 41.12461
    },
    "orientation" : 37
  }, {
    "shape" : "24befdcf-a425-4680-9e7b-c4eb594d9701",
    "color" : "#F2F2F2",
    "position" : {
      "x" : -93.95743,
      "y" : 80.24922,
      "z" : -146.79024
    }
  }, {
    "shape" : "24befdcf-a425-4680-9e7b-c4eb594d9701",
    "color" : "#F2F2F2",
    "position" : {
      "x" : 13.708204,
      "y" : 41.12461,
      "z" : 174.20665
    }
  }, {
    "shape" : "f039b9e6-e7b6-48a7-b386-95b6b03413a8",
    "color" : "#D91218",
    "position" : {
      "x" : -232.27553,
      "y" : -27.416409,
      "z" : -88.72136
    },
    "orientation" : 31
  }, {
    "shape" : "8bcf34f5-b108-4a9e-a17c-91aa1f3b97f9",
    "color" : "#008EC2",
    "position" : {
      "x" : -116.137764,
      "y" : -174.20665,
      "z" : -80.24922
    },
    "orientation" : 37
  }, {
    "shape" : "2acdb1aa-4e45-4add-a19a-bf776f7e1959",
    "color" : "#D91218",
    "position" : {
      "x" : 0.0,
      "y" : -13.708204,
      "z" : 240.74767
    },
    "orientation" : 15
  }, {
    "shape" : "f039b9e6-e7b6-48a7-b386-95b6b03413a8",
    "color" : "#D91218",
    "position" : {
      "x" : -22.18034,
      "y" : 41.12461,
      "z" : 232.27553
    },
    "orientation" : 31
  }, {
    "shape" : "24befdcf-a425-4680-9e7b-c4eb594d9701",
    "color" : "#F2F2F2",
    "position" : {
      "x" : -27.416409,
      "y" : 187.91486,
      "z" : -160.49844
    }
  }, {
    "shape" : "8bcf34f5-b108-4a9e-a17c-91aa1f3b97f9",
    "color" : "#008EC2",
    "position" : {
      "x" : -27.416409,
      "y" : -58.068882,
      "z" : -240.74767
    },
    "orientation" : 39
  }, {
    "shape" : "2679f7fb-1ee4-4da1-9322-8cab8e9da881",
    "color" : "#FFB31A",
    "position" : {
      "x" : -63.30495,
      "y" : 165.73451,
      "z" : 27.416409
    },
    "orientation" : 5
  }, {
    "shape" : "24befdcf-a425-4680-9e7b-c4eb594d9701",
    "color" : "#F2F2F2",
    "position" : {
      "x" : 157.26237,
      "y" : 160.49844,
      "z" : 22.18034
    }
  }, {
    "shape" : "2679f7fb-1ee4-4da1-9322-8cab8e9da881",
    "color" : "#FFB31A",
    "position" : {
      "x" : 0.0,
      "y" : 13.708204,
      "z" : -223.8034
    },
    "orientation" : 8
  }, {
    "shape" : "2679f7fb-1ee4-4da1-9322-8cab8e9da881",
    "color" : "#FFB31A",
    "position" : {
      "x" : -27.416409,
      "y" : -80.24922,
      "z" : 121.37383
    },
    "orientation" : 5
  }, {
    "shape" : "8bcf34f5-b108-4a9e-a17c-91aa1f3b97f9",
    "color" : "#008EC2",
    "position" : {
      "x" : 13.708204,
      "y" : -49.59675,
      "z" : 240.74767
    },
    "orientation" : 45
  }, {
    "shape" : "24befdcf-a425-4680-9e7b-c4eb594d9701",
    "color" : "#F2F2F2",
    "position" : {
      "x" : 110.9017,
      "y" : -107.665634,
      "z" : -58.068882
    }
  }, {
    "shape" : "24befdcf-a425-4680-9e7b-c4eb594d9701",
    "color" : "#F2F2F2",
    "position" : {
      "x" : -174.20665,
      "y" : -85.48529,
      "z" : 146.79024
    }
  }, {
    "shape" : "2679f7fb-1ee4-4da1-9322-8cab8e9da881",
    "color" : "#FFB31A",
    "position" : {
      "x" : 63.30495,
      "y" : 66.54102,
      "z" : -232.27553
    },
    "orientation" : 8
  }, {
    "shape" : "2679f7fb-1ee4-4da1-9322-8cab8e9da881",
    "color" : "#FFB31A",
    "position" : {
      "x" : 201.62306,
      "y" : 58.068882,
      "z" : -41.12461
    },
    "orientation" : 5
  }, {
    "shape" : "f039b9e6-e7b6-48a7-b386-95b6b03413a8",
    "color" : "#D91218",
    "position" : {
      "x" : 88.72136,
      "y" : -201.62306,
      "z" : 107.665634
    },
    "orientation" : 32
  }, {
    "shape" : "2acdb1aa-4e45-4add-a19a-bf776f7e1959",
    "color" : "#D91218",
    "position" : {
      "x" : -66.54102,
      "y" : -85.48529,
      "z" : 27.416409
    },
    "orientation" : 32
  }, {
    "shape" : "24befdcf-a425-4680-9e7b-c4eb594d9701",
    "color" : "#F2F2F2",
    "position" : {
      "x" : 174.20665,
      "y" : 44.36068,
      "z" : 121.37383
    }
  }, {
    "shape" : "8bcf34f5-b108-4a9e-a17c-91aa1f3b97f9",
    "color" : "#008EC2",
    "position" : {
      "x" : -27.416409,
      "y" : -85.48529,
      "z" : 223.8034
    },
    "orientation" : 24
  }, {
    "shape" : "24befdcf-a425-4680-9e7b-c4eb594d9701",
    "color" : "#F2F2F2",
    "position" : {
      "x" : 88.72136,
      "y" : -93.95743,
      "z" : 174.20665
    }
  }, {
    "shape" : "f039b9e6-e7b6-48a7-b386-95b6b03413a8",
    "color" : "#D91218",
    "position" : {
      "x" : -80.24922,
      "y" : -49.59675,
      "z" : -215.33127
    },
    "orientation" : 32
  }, {
    "shape" : "f039b9e6-e7b6-48a7-b386-95b6b03413a8",
    "color" : "#D91218",
    "position" : {
      "x" : -116.137764,
      "y" : 215.33127,
      "z" : -27.416409
    },
    "orientation" : 32
  }, {
    "shape" : "2679f7fb-1ee4-4da1-9322-8cab8e9da881",
    "color" : "#FFB31A",
    "position" : {
      "x" : 146.79024,
      "y" : -44.36068,
      "z" : 165.73451
    },
    "orientation" : 38
  }, {
    "shape" : "2679f7fb-1ee4-4da1-9322-8cab8e9da881",
    "color" : "#FFB31A",
    "position" : {
      "x" : 66.54102,
      "y" : 124.6099,
      "z" : -85.48529
    },
    "orientation" : 2
  }, {
    "shape" : "8bcf34f5-b108-4a9e-a17c-91aa1f3b97f9",
    "color" : "#008EC2",
    "position" : {
      "x" : 80.24922,
      "y" : 49.59675,
      "z" : 215.33127
    },
    "orientation" : 39
  }, {
    "shape" : "24befdcf-a425-4680-9e7b-c4eb594d9701",
    "color" : "#F2F2F2",
    "position" : {
      "x" : -49.59675,
      "y" : 215.33127,
      "z" : -80.24922
    }
  }, {
    "shape" : "24befdcf-a425-4680-9e7b-c4eb594d9701",
    "color" : "#F2F2F2",
    "position" : {
      "x" : 146.79024,
      "y" : 13.708204,
      "z" : 201.62306
    }
  }, {
    "shape" : "24befdcf-a425-4680-9e7b-c4eb594d9701",
    "color" : "#F2F2F2",
    "position" : {
      "x" : -174.20665,
      "y" : -58.068882,
      "z" : 85.48529
    }
  }, {
    "shape" : "24befdcf-a425-4680-9e7b-c4eb594d9701",
    "color" : "#F2F2F2",
    "position" : {
      "x" : 13.708204,
      "y" : 232.27553,
      "z" : -66.54102
    }
  }, {
    "shape" : "2acdb1aa-4e45-4add-a19a-bf776f7e1959",
    "color" : "#D91218",
    "position" : {
      "x" : 110.9017,
      "y" : 80.24922,
      "z" : -174.20665
    },
    "orientation" : 16
  }, {
    "shape" : "2acdb1aa-4e45-4add-a19a-bf776f7e1959",
    "color" : "#D91218",
    "position" : {
      "x" : 66.54102,
      "y" : 63.30495,
      "z" : 13.708204
    },
    "orientation" : 1
  }, {
    "shape" : "24befdcf-a425-4680-9e7b-c4eb594d9701",
    "color" : "#F2F2F2",
    "position" : {
      "x" : 116.137764,
      "y" : 201.62306,
      "z" : -63.30495
    }
  }, {
    "shape" : "24befdcf-a425-4680-9e7b-c4eb594d9701",
    "color" : "#F2F2F2",
    "position" : {
      "x" : -13.708204,
      "y" : -41.12461,
      "z" : 174.20665
    }
  }, {
    "shape" : "24befdcf-a425-4680-9e7b-c4eb594d9701",
    "color" : "#F2F2F2",
    "position" : {
      "x" : -174.20665,
      "y" : 160.49844,
      "z" : 49.59675
    }
  }, {
    "shape" : "24befdcf-a425-4680-9e7b-c4eb594d9701",
    "color" : "#F2F2F2",
    "position" : {
      "x" : 80.24922,
      "y" : -27.416409,
      "z" : -201.62306
    }
  }, {
    "shape" : "2679f7fb-1ee4-4da1-9322-8cab8e9da881",
    "color" : "#FFB31A",
    "position" : {
      "x" : -88.72136,
      "y" : 107.665634,
      "z" : 49.59675
    },
    "orientation" : 38
  }, {
    "shape" : "2acdb1aa-4e45-4add-a19a-bf776f7e1959",
    "color" : "#D91218",
    "position" : {
      "x" : -88.72136,
      "y" : 201.62306,
      "z" : 107.665634
    },
    "orientation" : 30
  }, {
    "shape" : "24befdcf-a425-4680-9e7b-c4eb594d9701",
    "color" : "#F2F2F2",
    "position" : {
      "x" : 116.137764,
      "y" : 110.9017,
      "z" : -174.20665
    }
  }, {
    "shape" : "24befdcf-a425-4680-9e7b-c4eb594d9701",
    "color" : "#F2F2F2",
    "position" : {
      "x" : -110.9017,
      "y" : 187.91486,
      "z" : -107.665634
    }
  }, {
    "shape" : "f039b9e6-e7b6-48a7-b386-95b6b03413a8",
    "color" : "#D91218",
    "position" : {
      "x" : 49.59675,
      "y" : 215.33127,
      "z" : 80.24922
    },
