{
  "polygons" : "true",
  "field" : "golden",
  "symmetry" : "icosahedral",
  "orientations" : [ [ 1.0, 0.0, 0.0, 0.0, 0.0, 1.0, 0.0, 0.0, 0.0, 0.0, 1.0, 0.0, 0.0, 0.0, 0.0, 1.0 ], [ 0.0, 0.0, 1.0, 0.0, 1.0, 0.0, 0.0, 0.0, 0.0, 1.0, 0.0, 0.0, 0.0, 0.0, 0.0, 1.0 ], [ 0.0, 1.0, 0.0, 0.0, 0.0, 0.0, 1.0, 0.0, 1.0, 0.0, 0.0, 0.0, 0.0, 0.0, 0.0, 1.0 ], [ 0.809017, 0.309017, 0.5, 0.0, 0.309017, 0.5, -0.809017, 0.0, -0.5, 0.809017, 0.309017, 0.0, 0.0, 0.0, 0.0, 1.0 ], [ -0.5, 0.809017, 0.309017, 0.0, 0.809017, 0.309017, 0.5, 0.0, 0.309017, 0.5, -0.809017, 0.0, 0.0, 0.0, 0.0, 1.0 ], [ 0.309017, 0.5, -0.809017, 0.0, -0.5, 0.809017, 0.309017, 0.0, 0.809017, 0.309017, 0.5, 0.0, 0.0, 0.0, 0.0, 1.0 ], [ 0.5, 0.809017, 0.309017, 0.0, 0.809017, -0.309017, -0.5, 0.0, -0.309017, 0.5, -0.809017, 0.0, 0.0, 0.0, 0.0, 1.0 ], [ -0.309017, 0.5, -0.809017, 0.0, 0.5, 0.809017, 0.309017, 0.0, 0.809017, -0.309017, -0.5, 0.0, 0.0, 0.0, 0.0, 1.0 ], [ 0.809017, -0.309017, -0.5, 0.0, -0.309017, 0.5, -0.809017, 0.0, 0.5, 0.809017, 0.309017, 0.0, 0.0, 0.0, 0.0, 1.0 ], [ 0.5, 0.809017, -0.309017, 0.0, 0.809017, -0.309017, 0.5, 0.0, 0.309017, -0.5, -0.809017, 0.0, 0.0, 0.0, 0.0, 1.0 ], [ 0.309017, -0.5, -0.809017, 0.0, 0.5, 0.809017, -0.309017, 0.0, 0.809017, -0.309017, 0.5, 0.0, 0.0, 0.0, 0.0, 1.0 ], [ 0.809017, -0.309017, 0.5, 0.0, 0.309017, -0.5, -0.809017, 0.0, 0.5, 0.809017, -0.309017, 0.0, 0.0, 0.0, 0.0, 1.0 ], [ 0.809017, 0.309017, -0.5, 0.0, 0.309017, 0.5, 0.809017, 0.0, 0.5, -0.809017, 0.309017, 0.0, 0.0, 0.0, 0.0, 1.0 ], [ 0.5, -0.809017, 0.309017, 0.0, 0.809017, 0.309017, -0.5, 0.0, 0.309017, 0.5, 0.809017, 0.0, 0.0, 0.0, 0.0, 1.0 ], [ 0.309017, 0.5, 0.809017, 0.0, 0.5, -0.809017, 0.309017, 0.0, 0.809017, 0.309017, -0.5, 0.0, 0.0, 0.0, 0.0, 1.0 ], [ 1.0, 0.0, 0.0, 0.0, 0.0, -1.0, 0.0, 0.0, 0.0, 0.0, -1.0, 0.0, 0.0, 0.0, 0.0, 1.0 ], [ 0.0, 0.0, 1.0, 0.0, -1.0, 0.0, 0.0, 0.0, 0.0, -1.0, 0.0, 0.0, 0.0, 0.0, 0.0, 1.0 ], [ 0.0, 1.0, 0.0, 0.0, 0.0, 0.0, -1.0, 0.0, -1.0, 0.0, 0.0, 0.0, 0.0, 0.0, 0.0, 1.0 ], [ 0.809017, 0.309017, 0.5, 0.0, -0.309017, -0.5, 0.809017, 0.0, 0.5, -0.809017, -0.309017, 0.0, 0.0, 0.0, 0.0, 1.0 ], [ -0.5, 0.809017, 0.309017, 0.0, -0.809017, -0.309017, -0.5, 0.0, -0.309017, -0.5, 0.809017, 0.0, 0.0, 0.0, 0.0, 1.0 ], [ 0.309017, 0.5, -0.809017, 0.0, 0.5, -0.809017, -0.309017, 0.0, -0.809017, -0.309017, -0.5, 0.0, 0.0, 0.0, 0.0, 1.0 ], [ 0.5, 0.809017, 0.309017, 0.0, -0.809017, 0.309017, 0.5, 0.0, 0.309017, -0.5, 0.809017, 0.0, 0.0, 0.0, 0.0, 1.0 ], [ -0.309017, 0.5, -0.809017, 0.0, -0.5, -0.809017, -0.309017, 0.0, -0.809017, 0.309017, 0.5, 0.0, 0.0, 0.0, 0.0, 1.0 ], [ 0.809017, -0.309017, -0.5, 0.0, 0.309017, -0.5, 0.809017, 0.0, -0.5, -0.809017, -0.309017, 0.0, 0.0, 0.0, 0.0, 1.0 ], [ 0.5, 0.809017, -0.309017, 0.0, -0.809017, 0.309017, -0.5, 0.0, -0.309017, 0.5, 0.809017, 0.0, 0.0, 0.0, 0.0, 1.0 ], [ 0.309017, -0.5, -0.809017, 0.0, -0.5, -0.809017, 0.309017, 0.0, -0.809017, 0.309017, -0.5, 0.0, 0.0, 0.0, 0.0, 1.0 ], [ 0.809017, -0.309017, 0.5, 0.0, -0.309017, 0.5, 0.809017, 0.0, -0.5, -0.809017, 0.309017, 0.0, 0.0, 0.0, 0.0, 1.0 ], [ 0.809017, 0.309017, -0.5, 0.0, -0.309017, -0.5, -0.809017, 0.0, -0.5, 0.809017, -0.309017, 0.0, 0.0, 0.0, 0.0, 1.0 ], [ 0.5, -0.809017, 0.309017, 0.0, -0.809017, -0.309017, 0.5, 0.0, -0.309017, -0.5, -0.809017, 0.0, 0.0, 0.0, 0.0, 1.0 ], [ 0.309017, 0.5, 0.809017, 0.0, -0.5, 0.809017, -0.309017, 0.0, -0.809017, -0.309017, 0.5, 0.0, 0.0, 0.0, 0.0, 1.0 ], [ -1.0, 0.0, 0.0, 0.0, 0.0, -1.0, 0.0, 0.0, 0.0, 0.0, 1.0, 0.0, 0.0, 0.0, 0.0, 1.0 ], [ 0.0, 0.0, -1.0, 0.0, -1.0, 0.0, 0.0, 0.0, 0.0, 1.0, 0.0, 0.0, 0.0, 0.0, 0.0, 1.0 ], [ 0.0, -1.0, 0.0, 0.0, 0.0, 0.0, -1.0, 0.0, 1.0, 0.0, 0.0, 0.0, 0.0, 0.0, 0.0, 1.0 ], [ -0.809017, -0.309017, -0.5, 0.0, -0.309017, -0.5, 0.809017, 0.0, -0.5, 0.809017, 0.309017, 0.0, 0.0, 0.0, 0.0, 1.0 ], [ 0.5, -0.809017, -0.309017, 0.0, -0.809017, -0.309017, -0.5, 0.0, 0.309017, 0.5, -0.809017, 0.0, 0.0, 0.0, 0.0, 1.0 ], [ -0.309017, -0.5, 0.809017, 0.0, 0.5, -0.809017, -0.309017, 0.0, 0.809017, 0.309017, 0.5, 0.0, 0.0, 0.0, 0.0, 1.0 ], [ -0.5, -0.809017, -0.309017, 0.0, -0.809017, 0.309017, 0.5, 0.0, -0.309017, 0.5, -0.809017, 0.0, 0.0, 0.0, 0.0, 1.0 ], [ 0.309017, -0.5, 0.809017, 0.0, -0.5, -0.809017, -0.309017, 0.0, 0.809017, -0.309017, -0.5, 0.0, 0.0, 0.0, 0.0, 1.0 ], [ -0.809017, 0.309017, 0.5, 0.0, 0.309017, -0.5, 0.809017, 0.0, 0.5, 0.809017, 0.309017, 0.0, 0.0, 0.0, 0.0, 1.0 ], [ -0.5, -0.809017, 0.309017, 0.0, -0.809017, 0.309017, -0.5, 0.0, 0.309017, -0.5, -0.809017, 0.0, 0.0, 0.0, 0.0, 1.0 ], [ -0.309017, 0.5, 0.809017, 0.0, -0.5, -0.809017, 0.309017, 0.0, 0.809017, -0.309017, 0.5, 0.0, 0.0, 0.0, 0.0, 1.0 ], [ -0.809017, 0.309017, -0.5, 0.0, -0.309017, 0.5, 0.809017, 0.0, 0.5, 0.809017, -0.309017, 0.0, 0.0, 0.0, 0.0, 1.0 ], [ -0.809017, -0.309017, 0.5, 0.0, -0.309017, -0.5, -0.809017, 0.0, 0.5, -0.809017, 0.309017, 0.0, 0.0, 0.0, 0.0, 1.0 ], [ -0.5, 0.809017, -0.309017, 0.0, -0.809017, -0.309017, 0.5, 0.0, 0.309017, 0.5, 0.809017, 0.0, 0.0, 0.0, 0.0, 1.0 ], [ -0.309017, -0.5, -0.809017, 0.0, -0.5, 0.809017, -0.309017, 0.0, 0.809017, 0.309017, -0.5, 0.0, 0.0, 0.0, 0.0, 1.0 ], [ -1.0, 0.0, 0.0, 0.0, 0.0, 1.0, 0.0, 0.0, 0.0, 0.0, -1.0, 0.0, 0.0, 0.0, 0.0, 1.0 ], [ 0.0, 0.0, -1.0, 0.0, 1.0, 0.0, 0.0, 0.0, 0.0, -1.0, 0.0, 0.0, 0.0, 0.0, 0.0, 1.0 ], [ 0.0, -1.0, 0.0, 0.0, 0.0, 0.0, 1.0, 0.0, -1.0, 0.0, 0.0, 0.0, 0.0, 0.0, 0.0, 1.0 ], [ -0.809017, -0.309017, -0.5, 0.0, 0.309017, 0.5, -0.809017, 0.0, 0.5, -0.809017, -0.309017, 0.0, 0.0, 0.0, 0.0, 1.0 ], [ 0.5, -0.809017, -0.309017, 0.0, 0.809017, 0.309017, 0.5, 0.0, -0.309017, -0.5, 0.809017, 0.0, 0.0, 0.0, 0.0, 1.0 ], [ -0.309017, -0.5, 0.809017, 0.0, -0.5, 0.809017, 0.309017, 0.0, -0.809017, -0.309017, -0.5, 0.0, 0.0, 0.0, 0.0, 1.0 ], [ -0.5, -0.809017, -0.309017, 0.0, 0.809017, -0.309017, -0.5, 0.0, 0.309017, -0.5, 0.809017, 0.0, 0.0, 0.0, 0.0, 1.0 ], [ 0.309017, -0.5, 0.809017, 0.0, 0.5, 0.809017, 0.309017, 0.0, -0.809017, 0.309017, 0.5, 0.0, 0.0, 0.0, 0.0, 1.0 ], [ -0.809017, 0.309017, 0.5, 0.0, -0.309017, 0.5, -0.809017, 0.0, -0.5, -0.809017, -0.309017, 0.0, 0.0, 0.0, 0.0, 1.0 ], [ -0.5, -0.809017, 0.309017, 0.0, 0.809017, -0.309017, 0.5, 0.0, -0.309017, 0.5, 0.809017, 0.0, 0.0, 0.0, 0.0, 1.0 ], [ -0.309017, 0.5, 0.809017, 0.0, 0.5, 0.809017, -0.309017, 0.0, -0.809017, 0.309017, -0.5, 0.0, 0.0, 0.0, 0.0, 1.0 ], [ -0.809017, 0.309017, -0.5, 0.0, 0.309017, -0.5, -0.809017, 0.0, -0.5, -0.809017, 0.309017, 0.0, 0.0, 0.0, 0.0, 1.0 ], [ -0.809017, -0.309017, 0.5, 0.0, 0.309017, 0.5, 0.809017, 0.0, -0.5, 0.809017, -0.309017, 0.0, 0.0, 0.0, 0.0, 1.0 ], [ -0.5, 0.809017, -0.309017, 0.0, 0.809017, 0.309017, -0.5, 0.0, -0.309017, -0.5, -0.809017, 0.0, 0.0, 0.0, 0.0, 1.0 ], [ -0.309017, -0.5, -0.809017, 0.0, 0.5, -0.809017, 0.309017, 0.0, -0.809017, -0.309017, 0.5, 0.0, 0.0, 0.0, 0.0, 1.0 ] ],
  "lights" : {
    "directionalLights" : [ {
      "direction" : [ 1.0, -1.0, -1.0 ],
      "color" : "#EBEBE4"
    }, {
      "direction" : [ -1.0, 0.0, 0.0 ],
      "color" : "#E4E4EB"
    }, {
      "direction" : [ 0.0, 0.0, -1.0 ],
      "color" : "#1E1E1E"
    } ],
    "ambientColor" : "#292929",
    "backgroundColor" : "#AFC8DC"
  },
  "camera" : {
    "width" : 186.86238,
    "position" : {
      "x" : 219.04639,
      "y" : -0.69248873,
      "z" : 352.77512
    },
    "lookAtPointRV" : {
      "x" : 0.0,
      "y" : 0.0,
      "z" : 0.0,
      "zero" : true
    },
    "upDirectionRV" : {
      "x" : 0.6840865,
      "y" : 0.5937924,
      "z" : -0.4235984,
      "zero" : false
    },
    "perspective" : true,
    "lookDirectionRV" : {
      "x" : -0.52750546,
      "y" : 0.0016676448,
      "z" : -0.8495497,
      "zero" : false
    },
    "fieldOfView" : 0.44262913,
    "viewDistance" : 415.2495,
    "lookDirection" : {
      "x" : -0.52750546,
      "y" : 0.0016676448,
      "z" : -0.8495497
    },
    "lookAtPoint" : {
      "x" : 0.0,
      "y" : 0.0,
      "z" : 0.0
    },
    "farClipDistance" : 830.4981,
    "upDirection" : {
      "x" : 0.6840865,
      "y" : 0.5937924,
      "z" : -0.4235984
    },
    "stereo" : false,
    "nearClipDistance" : 1.0381244
  },
  "embedding" : [ 1.0, 0.0, 0.0, 0.0, 0.0, 1.0, 0.0, 0.0, 0.0, 0.0, 1.0, 0.0, 0.0, 0.0, 0.0, 1.0 ],
  "shapes" : [ {
    "id" : "33b97af3-95e2-46db-91ff-60f4e947e885",
    "name" : "ball",
    "vertices" : [ {
      "x" : 0.309017,
      "y" : -0.809017,
      "z" : 0.618034
    }, {
      "x" : 0.809017,
      "y" : -0.618034,
      "z" : 0.309017
    }, {
      "x" : 0.618034,
      "y" : -0.309017,
      "z" : 0.809017
    }, {
      "x" : 1.0,
      "y" : 0.309017,
      "z" : 0.19098301
    }, {
      "x" : 0.809017,
      "y" : 0.618034,
      "z" : 0.309017
    }, {
      "x" : 0.618034,
      "y" : 0.309017,
      "z" : 0.809017
    }, {
      "x" : 0.809017,
      "y" : 0.0,
      "z" : 0.690983
    }, {
      "x" : 0.19098301,
      "y" : -1.0,
      "z" : 0.309017
    }, {
      "x" : -0.19098301,
      "y" : -1.0,
      "z" : 0.309017
    }, {
      "x" : -0.19098301,
      "y" : -1.0,
      "z" : -0.309017
    }, {
      "x" : 0.19098301,
      "y" : -1.0,
      "z" : -0.309017
    }, {
      "x" : 1.0,
      "y" : -0.309017,
      "z" : -0.19098301
    }, {
      "x" : 0.809017,
      "y" : -0.618034,
      "z" : -0.309017
    }, {
      "x" : 0.618034,
      "y" : -0.309017,
      "z" : -0.809017
    }, {
      "x" : 0.809017,
      "y" : 0.0,
      "z" : -0.690983
    }, {
      "x" : 0.0,
      "y" : 0.690983,
      "z" : -0.809017
    }, {
      "x" : 0.309017,
      "y" : 0.809017,
      "z" : -0.618034
    }, {
      "x" : 0.618034,
      "y" : 0.309017,
      "z" : -0.809017
    }, {
      "x" : 0.309017,
      "y" : 0.19098301,
      "z" : -1.0
    }, {
      "x" : 1.0,
      "y" : 0.309017,
      "z" : -0.19098301
    }, {
      "x" : -0.309017,
      "y" : -0.809017,
      "z" : 0.618034
    }, {
      "x" : 0.0,
      "y" : -0.690983,
      "z" : 0.809017
    }, {
      "x" : 0.809017,
      "y" : 0.618034,
      "z" : -0.309017
    }, {
      "x" : 0.690983,
      "y" : 0.809017,
      "z" : 0.0
    }, {
      "x" : -0.690983,
      "y" : 0.809017,
      "z" : 0.0
    }, {
      "x" : -0.809017,
      "y" : 0.618034,
      "z" : 0.309017
    }, {
      "x" : -0.309017,
      "y" : 0.809017,
      "z" : 0.618034
    }, {
      "x" : -0.19098301,
      "y" : 1.0,
      "z" : 0.309017
    }, {
      "x" : 0.309017,
      "y" : -0.19098301,
      "z" : -1.0
    }, {
      "x" : 0.19098301,
      "y" : 1.0,
      "z" : 0.309017
    }, {
      "x" : 0.309017,
      "y" : 0.809017,
      "z" : 0.618034
    }, {
      "x" : -0.809017,
      "y" : -0.618034,
      "z" : 0.309017
    }, {
      "x" : -0.690983,
      "y" : -0.809017,
      "z" : 0.0
    }, {
      "x" : 0.0,
      "y" : 0.690983,
      "z" : 0.809017
    }, {
      "x" : 0.309017,
      "y" : -0.809017,
      "z" : -0.618034
    }, {
      "x" : 0.0,
      "y" : -0.690983,
      "z" : -0.809017
    }, {
      "x" : -1.0,
      "y" : 0.309017,
      "z" : 0.19098301
    }, {
      "x" : -0.809017,
      "y" : 0.0,
      "z" : 0.690983
    }, {
      "x" : -0.618034,
      "y" : 0.309017,
      "z" : 0.809017
    }, {
      "x" : 1.0,
      "y" : -0.309017,
      "z" : 0.19098301
    }, {
      "x" : -0.309017,
      "y" : -0.809017,
      "z" : -0.618034
    }, {
      "x" : -1.0,
      "y" : 0.309017,
      "z" : -0.19098301
    }, {
      "x" : -1.0,
      "y" : -0.309017,
      "z" : -0.19098301
    }, {
      "x" : -1.0,
      "y" : -0.309017,
      "z" : 0.19098301
    }, {
      "x" : 0.19098301,
      "y" : 1.0,
      "z" : -0.309017
    }, {
      "x" : -0.809017,
      "y" : 0.618034,
      "z" : -0.309017
    }, {
      "x" : -0.19098301,
      "y" : 1.0,
      "z" : -0.309017
    }, {
      "x" : -0.309017,
      "y" : 0.809017,
      "z" : -0.618034
    }, {
      "x" : -0.618034,
      "y" : -0.309017,
      "z" : 0.809017
    }, {
      "x" : 0.309017,
      "y" : 0.19098301,
      "z" : 1.0
    }, {
      "x" : -0.309017,
      "y" : 0.19098301,
      "z" : -1.0
    }, {
      "x" : -0.309017,
      "y" : 0.19098301,
      "z" : 1.0
    }, {
      "x" : -0.309017,
      "y" : -0.19098301,
      "z" : 1.0
    }, {
      "x" : 0.309017,
      "y" : -0.19098301,
      "z" : 1.0
    }, {
      "x" : 0.690983,
      "y" : -0.809017,
      "z" : 0.0
    }, {
      "x" : -0.809017,
      "y" : 0.0,
      "z" : -0.690983
    }, {
      "x" : -0.618034,
      "y" : -0.309017,
      "z" : -0.809017
    }, {
      "x" : -0.309017,
      "y" : -0.19098301,
      "z" : -1.0
    }, {
      "x" : -0.618034,
      "y" : 0.309017,
      "z" : -0.809017
    }, {
      "x" : -0.809017,
      "y" : -0.618034,
      "z" : -0.309017
    } ],
    "faces" : [ {
      "vertices" : [ 9, 40, 35, 34, 10 ]
    }, {
      "vertices" : [ 0, 1, 2 ]
    }, {
      "vertices" : [ 33, 51, 49 ]
    }, {
      "vertices" : [ 25, 36, 37, 38 ]
    }, {
      "vertices" : [ 41, 55, 42 ]
    }, {
      "vertices" : [ 9, 32, 59, 40 ]
    }, {
      "vertices" : [ 20, 21, 52, 48 ]
    }, {
      "vertices" : [ 26, 33, 30, 29, 27 ]
    }, {
      "vertices" : [ 3, 4, 5, 6 ]
    }, {
      "vertices" : [ 27, 29, 44, 46 ]
    }, {
      "vertices" : [ 50, 57, 56, 55, 58 ]
    }, {
      "vertices" : [ 26, 38, 51, 33 ]
    }, {
      "vertices" : [ 45, 47, 58 ]
    }, {
      "vertices" : [ 18, 28, 57, 50 ]
    }, {
      "vertices" : [ 40, 59, 56 ]
    }, {
      "vertices" : [ 31, 48, 37, 43 ]
    }, {
      "vertices" : [ 7, 8, 9, 10 ]
    }, {
      "vertices" : [ 36, 41, 42, 43 ]
    }, {
      "vertices" : [ 24, 46, 47, 45 ]
    }, {
      "vertices" : [ 4, 30, 5 ]
    }, {
      "vertices" : [ 15, 47, 46, 44, 16 ]
    }, {
      "vertices" : [ 15, 50, 58, 47 ]
    }, {
      "vertices" : [ 24, 45, 41, 36, 25 ]
    }, {
      "vertices" : [ 11, 14, 19 ]
    }, {
      "vertices" : [ 3, 6, 39 ]
    }, {
      "vertices" : [ 1, 39, 6, 2 ]
    }, {
      "vertices" : [ 8, 32, 9 ]
    }, {
      "vertices" : [ 11, 12, 13, 14 ]
    }, {
      "vertices" : [ 16, 22, 17 ]
    }, {
      "vertices" : [ 0, 21, 20, 8, 7 ]
    }, {
      "vertices" : [ 12, 34, 13 ]
    }, {
      "vertices" : [ 35, 40, 56, 57 ]
    }, {
      "vertices" : [ 0, 7, 54, 1 ]
    }, {
      "vertices" : [ 15, 16, 17, 18 ]
    }, {
      "vertices" : [ 3, 19, 22, 23, 4 ]
    }, {
      "vertices" : [ 7, 10, 54 ]
    }, {
      "vertices" : [ 41, 45, 58, 55 ]
    }, {
      "vertices" : [ 3, 39, 11, 19 ]
    }, {
      "vertices" : [ 14, 17, 22, 19 ]
    }, {
      "vertices" : [ 0, 2, 53, 21 ]
    }, {
      "vertices" : [ 49, 51, 52, 53 ]
    }, {
      "vertices" : [ 31, 43, 42, 59, 32 ]
    }, {
      "vertices" : [ 15, 18, 50 ]
    }, {
      "vertices" : [ 42, 55, 56, 59 ]
    }, {
      "vertices" : [ 4, 23, 29, 30 ]
    }, {
      "vertices" : [ 25, 38, 26 ]
    }, {
      "vertices" : [ 13, 28, 18, 17, 14 ]
    }, {
      "vertices" : [ 8, 20, 31, 32 ]
    }, {
      "vertices" : [ 23, 44, 29 ]
    }, {
      "vertices" : [ 24, 27, 46 ]
    }, {
      "vertices" : [ 37, 48, 52, 51, 38 ]
    }, {
      "vertices" : [ 20, 48, 31 ]
    }, {
      "vertices" : [ 24, 25, 26, 27 ]
    }, {
      "vertices" : [ 16, 44, 23, 22 ]
    }, {
      "vertices" : [ 13, 34, 35, 28 ]
    }, {
      "vertices" : [ 10, 34, 12, 54 ]
    }, {
      "vertices" : [ 2, 6, 5, 49, 53 ]
    }, {
      "vertices" : [ 36, 43, 37 ]
    }, {
      "vertices" : [ 5, 30, 33, 49 ]
    }, {
      "vertices" : [ 1, 54, 12, 11, 39 ]
    }, {
      "vertices" : [ 28, 35, 57 ]
    }, {
      "vertices" : [ 21, 53, 52 ]
    } ]
  }, {
    "id" : "fa257cc9-303a-4968-8599-0bd388da07a8",
    "orbit" : "red",
    "orbitC" : "[[-1,1,1],[0,0,1]]",
    "length" : "[\"1\",\"1\",\"1\"]",
    "name" : "r3",
    "vertices" : [ {
      "x" : 8.163119,
      "y" : 5.163119,
      "z" : 0.309017
    }, {
      "x" : 9.781153,
      "y" : 5.927051,
      "z" : 0.309017
    }, {
      "x" : 9.59017,
      "y" : 6.236068,
      "z" : 0.19098301
    }, {
      "x" : 0.809017,
      "y" : 0.618034,
      "z" : -0.309017
    }, {
      "x" : 0.690983,
      "y" : 0.809017,
      "z" : 0.0
    }, {
      "x" : 8.045085,
      "y" : 5.354102,
      "z" : 0.0
    }, {
      "x" : 8.163119,
      "y" : 5.163119,
      "z" : -0.309017
    }, {
      "x" : 17.135256,
      "y" : 10.472136,
      "z" : 0.309017
    }, {
      "x" : 8.354102,
      "y" : 4.854102,
      "z" : 0.19098301
    }, {
      "x" : 8.354102,
      "y" : 4.854102,
      "z" : -0.19098301
    }, {
      "x" : 9.899187,
      "y" : 5.736068,
      "z" : 0.0
    }, {
      "x" : 9.781153,
      "y" : 5.927051,
      "z" : -0.309017
    }, {
      "x" : 17.253288,
      "y" : 10.281153,
      "z" : 0.0
    }, {
      "x" : 1.0,
      "y" : 0.309017,
      "z" : 0.19098301
    }, {
      "x" : 1.0,
      "y" : 0.309017,
      "z" : -0.19098301
    }, {
      "x" : 0.809017,
      "y" : 0.618034,
      "z" : 0.309017
    }, {
      "x" : 16.944271,
      "y" : 10.781153,
      "z" : 0.19098301
    }, {
      "x" : 17.135256,
      "y" : 10.472136,
      "z" : -0.309017
    }, {
      "x" : 16.944271,
      "y" : 10.781153,
      "z" : -0.19098301
    }, {
      "x" : 17.944271,
      "y" : 11.09017,
      "z" : 0.0
    }, {
      "x" : 9.59017,
      "y" : 6.236068,
      "z" : -0.19098301
    } ],
    "faces" : [ {
      "vertices" : [ 3, 6, 9, 14 ]
    }, {
      "vertices" : [ 11, 20, 18, 17 ]
    }, {
      "vertices" : [ 0, 1, 2 ]
    }, {
      "vertices" : [ 0, 15, 13, 8 ]
    }, {
      "vertices" : [ 6, 20, 11 ]
    }, {
      "vertices" : [ 0, 2, 5 ]
    }, {
      "vertices" : [ 0, 8, 1 ]
    }, {
      "vertices" : [ 8, 13, 14, 9 ]
    }, {
      "vertices" : [ 3, 4, 5, 6 ]
    }, {
      "vertices" : [ 10, 11, 17, 12 ]
    }, {
      "vertices" : [ 1, 8, 10 ]
    }, {
      "vertices" : [ 0, 5, 4, 15 ]
    }, {
      "vertices" : [ 2, 16, 18, 20 ]
    }, {
      "vertices" : [ 1, 7, 16, 2 ]
    }, {
      "vertices" : [ 6, 11, 9 ]
    }, {
      "vertices" : [ 8, 9, 10 ]
    }, {
      "vertices" : [ 2, 20, 5 ]
    }, {
      "vertices" : [ 9, 11, 10 ]
    }, {
      "vertices" : [ 1, 10, 12, 7 ]
    }, {
      "vertices" : [ 5, 20, 6 ]
    } ]
  } ],
  "instances" : [ {
    "shape" : "33b97af3-95e2-46db-91ff-60f4e947e885",
    "color" : "#F2F2F2",
    "position" : {
      "x" : 29.034441,
      "y" : 0.0,
      "z" : -11.09017
    }
  }, {
    "shape" : "fa257cc9-303a-4968-8599-0bd388da07a8",
    "color" : "#D91218",
    "position" : {
      "x" : 11.09017,
      "y" : -11.09017,
      "z" : -11.09017
    },
    "orientation" : 45
  }, {
    "shape" : "fa257cc9-303a-4968-8599-0bd388da07a8",
    "color" : "#D91218",
    "position" : {
      "x" : -6.854102,
      "y" : 0.0,
      "z" : 11.09017
    },
    "orientation" : 46
  }, {
    "shape" : "fa257cc9-303a-4968-8599-0bd388da07a8",
    "color" : "#D91218",
    "position" : {
      "x" : -17.944271,
      "y" : -17.944271,
      "z" : 17.944271
    },
    "orientation" : 1
  }, {
    "shape" : "fa257cc9-303a-4968-8599-0bd388da07a8",
    "color" : "#D91218",
    "position" : {
      "x" : 0.0,
      "y" : -11.09017,
      "z" : 6.854102
    },
    "orientation" : 45
  }, {
    "shape" : "fa257cc9-303a-4968-8599-0bd388da07a8",
    "color" : "#D91218",
    "position" : {
      "x" : 11.09017,
      "y" : -6.854102,
      "z" : 0.0
    },
    "orientation" : 1
  }, {
    "shape" : "fa257cc9-303a-4968-8599-0bd388da07a8",
    "color" : "#D91218",
    "position" : {
      "x" : -17.944271,
      "y" : 0.0,
      "z" : 29.034441
    },
    "orientation" : 46
  }, {
    "shape" : "fa257cc9-303a-4968-8599-0bd388da07a8",
    "color" : "#D91218",
    "position" : {
      "x" : -17.944271,
      "y" : -17.944271,
      "z" : -17.944271
    },
    "orientation" : 32
  }, {
    "shape" : "fa257cc9-303a-4968-8599-0bd388da07a8",
    "color" : "#D91218",
    "position" : {
      "x" : -17.944271,
      "y" : 17.944271,
      "z" : 17.944271
    },
    "orientation" : 0
  }, {
    "shape" : "fa257cc9-303a-4968-8599-0bd388da07a8",
    "color" : "#D91218",
    "position" : {
      "x" : 11.09017,
      "y" : -11.09017,
      "z" : -11.09017
    },
    "orientation" : 1
  }, {
    "shape" : "fa257cc9-303a-4968-8599-0bd388da07a8",
    "color" : "#D91218",
    "position" : {
      "x" : 0.0,
      "y" : 11.09017,
      "z" : -29.034441
    },
    "orientation" : 1
  }, {
    "shape" : "33b97af3-95e2-46db-91ff-60f4e947e885",
    "color" : "#F2F2F2",
    "position" : {
      "x" : -17.944271,
      "y" : -17.944271,
      "z" : -17.944271
    }
  }, {
    "shape" : "33b97af3-95e2-46db-91ff-60f4e947e885",
    "color" : "#F2F2F2",
    "position" : {
      "x" : 17.944271,
      "y" : 17.944271,
      "z" : -17.944271
    }
  }, {
    "shape" : "33b97af3-95e2-46db-91ff-60f4e947e885",
    "color" : "#F2F2F2",
    "position" : {
      "x" : 11.09017,
      "y" : -11.09017,
      "z" : 11.09017
    }
  }, {
    "shape" : "fa257cc9-303a-4968-8599-0bd388da07a8",
    "color" : "#D91218",
    "position" : {
      "x" : 0.0,
      "y" : 11.09017,
      "z" : -6.854102
    },
    "orientation" : 46
  }, {
    "shape" : "fa257cc9-303a-4968-8599-0bd388da07a8",
    "color" : "#D91218",
    "position" : {
      "x" : 0.0,
      "y" : -11.09017,
      "z" : -6.854102
    },
    "orientation" : 0
  }, {
    "shape" : "fa257cc9-303a-4968-8599-0bd388da07a8",
    "color" : "#D91218",
    "position" : {
      "x" : 29.034441,
      "y" : -17.944271,
      "z" : 0.0
    },
    "orientation" : 32
  }, {
    "shape" : "fa257cc9-303a-4968-8599-0bd388da07a8",
    "color" : "#D91218",
    "position" : {
      "x" : -11.09017,
      "y" : -6.854102,
      "z" : 0.0
    },
    "orientation" : 46
  }, {
    "shape" : "33b97af3-95e2-46db-91ff-60f4e947e885",
    "color" : "#F2F2F2",
    "position" : {
      "x" : 11.09017,
      "y" : -6.854102,
      "z" : 0.0
    }
  }, {
    "shape" : "fa257cc9-303a-4968-8599-0bd388da07a8",
    "color" : "#D91218",
    "position" : {
      "x" : 17.944271,
      "y" : 0.0,
      "z" : -29.034441
    },
    "orientation" : 32
  }, {
    "shape" : "fa257cc9-303a-4968-8599-0bd388da07a8",
    "color" : "#D91218",
    "position" : {
      "x" : 0.0,
      "y" : -29.034441,
      "z" : 17.944271
    },
    "orientation" : 45
  }, {
    "shape" : "33b97af3-95e2-46db-91ff-60f4e947e885",
    "color" : "#F2F2F2",
    "position" : {
      "x" : 11.09017,
      "y" : 11.09017,
      "z" : -11.09017
    }
  }, {
    "shape" : "fa257cc9-303a-4968-8599-0bd388da07a8",
    "color" : "#D91218",
    "position" : {
      "x" : 29.034441,
      "y" : 0.0,
      "z" : 11.09017
    },
    "orientation" : 45
  }, {
    "shape" : "fa257cc9-303a-4968-8599-0bd388da07a8",
    "color" : "#D91218",
    "position" : {
      "x" : -11.09017,
      "y" : -6.854102,
      "z" : 0.0
    },
    "orientation" : 2
  }, {
    "shape" : "fa257cc9-303a-4968-8599-0bd388da07a8",
    "color" : "#D91218",
    "position" : {
      "x" : 0.0,
      "y" : -29.034441,
      "z" : 17.944271
    },
    "orientation" : 46
  }, {
    "shape" : "fa257cc9-303a-4968-8599-0bd388da07a8",
    "color" : "#D91218",
    "position" : {
      "x" : 11.09017,
      "y" : -11.09017,
      "z" : 11.09017
    },
    "orientation" : 46
  }, {
    "shape" : "fa257cc9-303a-4968-8599-0bd388da07a8",
    "color" : "#D91218",
    "position" : {
      "x" : 0.0,
      "y" : -29.034441,
      "z" : -17.944271
    },
    "orientation" : 45
  }, {
    "shape" : "fa257cc9-303a-4968-8599-0bd388da07a8",
    "color" : "#D91218",
    "position" : {
      "x" : -11.09017,
      "y" : -29.034441,
      "z" : 0.0
    },
    "orientation" : 2
  }, {
    "shape" : "fa257cc9-303a-4968-8599-0bd388da07a8",
    "color" : "#D91218",
    "position" : {
      "x" : -11.09017,
      "y" : -29.034441,
      "z" : 0.0
    },
    "orientation" : 46
  }, {
    "shape" : "fa257cc9-303a-4968-8599-0bd388da07a8",
    "color" : "#D91218",
    "position" : {
      "x" : 17.944271,
      "y" : -17.944271,
      "z" : -17.944271
    },
    "orientation" : 1
  }, {
    "shape" : "fa257cc9-303a-4968-8599-0bd388da07a8",
    "color" : "#D91218",
    "position" : {
      "x" : 29.034441,
      "y" : 17.944271,
      "z" : 0.0
    },
    "orientation" : 45
  }, {
    "shape" : "fa257cc9-303a-4968-8599-0bd388da07a8",
    "color" : "#D91218",
    "position" : {
      "x" : 0.0,
      "y" : 11.09017,
      "z" : -29.034441
    },
    "orientation" : 32
  }, {
    "shape" : "fa257cc9-303a-4968-8599-0bd388da07a8",
    "color" : "#D91218",
    "position" : {
      "x" : -17.944271,
      "y" : 0.0,
      "z" : -29.034441
    },
    "orientation" : 0
  }, {
    "shape" : "fa257cc9-303a-4968-8599-0bd388da07a8",
    "color" : "#D91218",
    "position" : {
      "x" : -29.034441,
      "y" : -17.944271,
      "z" : 0.0
    },
    "orientation" : 46
  }, {
    "shape" : "fa257cc9-303a-4968-8599-0bd388da07a8",
    "color" : "#D91218",
    "position" : {
      "x" : 0.0,
      "y" : -11.09017,
      "z" : -29.034441
    },
    "orientation" : 0
  }, {
    "shape" : "fa257cc9-303a-4968-8599-0bd388da07a8",
    "color" : "#D91218",
    "position" : {
      "x" : -17.944271,
      "y" : 0.0,
      "z" : -29.034441
    },
    "orientation" : 1
  }, {
    "shape" : "fa257cc9-303a-4968-8599-0bd388da07a8",
    "color" : "#D91218",
    "position" : {
      "x" : -17.944271,
      "y" : -17.944271,
      "z" : -17.944271
    },
    "orientation" : 46
  }, {
    "shape" : "33b97af3-95e2-46db-91ff-60f4e947e885",
    "color" : "#F2F2F2",
    "position" : {
      "x" : -6.854102,
      "y" : 17.944271,
      "z" : 0.0
    }
  }, {
    "shape" : "fa257cc9-303a-4968-8599-0bd388da07a8",
    "color" : "#D91218",
    "position" : {
      "x" : 29.034441,
      "y" : 17.944271,
      "z" : 0.0
    },
    "orientation" : 32
  }, {
    "shape" : "33b97af3-95e2-46db-91ff-60f4e947e885",
    "color" : "#F2F2F2",
    "position" : {
      "x" : 0.0,
      "y" : -29.034441,
      "z" : -17.944271
    }
  }, {
    "shape" : "33b97af3-95e2-46db-91ff-60f4e947e885",
    "color" : "#F2F2F2",
    "position" : {
      "x" : 0.0,
      "y" : 29.034441,
      "z" : 17.944271
    }
  }, {
    "shape" : "fa257cc9-303a-4968-8599-0bd388da07a8",
    "color" : "#D91218",
    "position" : {
      "x" : 11.09017,
      "y" : 11.09017,
      "z" : -11.09017
    },
    "orientation" : 32
  }, {
    "shape" : "33b97af3-95e2-46db-91ff-60f4e947e885",
    "color" : "#F2F2F2",
    "position" : {
      "x" : -6.854102,
      "y" : 0.0,
      "z" : -11.09017
    }
  }, {
    "shape" : "fa257cc9-303a-4968-8599-0bd388da07a8",
    "color" : "#D91218",
    "position" : {
      "x" : -29.034441,
      "y" : 0.0,
      "z" : -11.09017
    },
    "orientation" : 2
  }, {
    "shape" : "33b97af3-95e2-46db-91ff-60f4e947e885",
    "color" : "#F2F2F2",
    "position" : {
      "x" : 0.0,
      "y" : 6.854102,
      "z" : 17.944271
    }
  }, {
    "shape" : "fa257cc9-303a-4968-8599-0bd388da07a8",
    "color" : "#D91218",
    "position" : {
      "x" : 17.944271,
      "y" : 0.0,
      "z" : 6.854102
    },
    "orientation" : 1
  }, {
    "shape" : "fa257cc9-303a-4968-8599-0bd388da07a8",
    "color" : "#D91218",
    "position" : {
      "x" : 29.034441,
      "y" : 0.0,
      "z" : 11.09017
    },
    "orientation" : 46
  }, {
    "shape" : "fa257cc9-303a-4968-8599-0bd388da07a8",
    "color" : "#D91218",
    "position" : {
      "x" : 17.944271,
      "y" : 0.0,
      "z" : -6.854102
    },
    "orientation" : 32
  }, {
    "shape" : "fa257cc9-303a-4968-8599-0bd388da07a8",
    "color" : "#D91218",
    "position" : {
      "x" : 0.0,
      "y" : -6.854102,
      "z" : -17.944271
    },
    "orientation" : 1
  }, {
    "shape" : "fa257cc9-303a-4968-8599-0bd388da07a8",
    "color" : "#D91218",
    "position" : {
      "x" : 0.0,
      "y" : -29.034441,
      "z" : -17.944271
    },
    "orientation" : 2
  }, {
    "shape" : "33b97af3-95e2-46db-91ff-60f4e947e885",
    "color" : "#F2F2F2",
    "position" : {
      "x" : -29.034441,
      "y" : 0.0,
      "z" : 11.09017
    }
  }, {
    "shape" : "33b97af3-95e2-46db-91ff-60f4e947e885",
    "color" : "#F2F2F2",
    "position" : {
      "x" : -11.09017,
      "y" : 11.09017,
      "z" : -11.09017
    }
  }, {
    "shape" : "fa257cc9-303a-4968-8599-0bd388da07a8",
    "color" : "#D91218",
    "position" : {
      "x" : 11.09017,
      "y" : -11.09017,
      "z" : 11.09017
    },
    "orientation" : 0
  }, {
    "shape" : "fa257cc9-303a-4968-8599-0bd388da07a8",
    "color" : "#D91218",
    "position" : {
      "x" : 0.0,
      "y" : 11.09017,
      "z" : 29.034441
    },
    "orientation" : 46
  }, {
    "shape" : "33b97af3-95e2-46db-91ff-60f4e947e885",
    "color" : "#F2F2F2",
    "position" : {
      "x" : 17.944271,
      "y" : 0.0,
      "z" : 29.034441
    }
  }, {
    "shape" : "fa257cc9-303a-4968-8599-0bd388da07a8",
    "color" : "#D91218",
    "position" : {
      "x" : -6.854102,
      "y" : 17.944271,
      "z" : 0.0
    },
    "orientation" : 0
  }, {
    "shape" : "fa257cc9-303a-4968-8599-0bd388da07a8",
    "color" : "#D91218",
    "position" : {
      "x" : 0.0,
      "y" : -11.09017,
      "z" : -6.854102
    },
    "orientation" : 45
  }, {
    "shape" : "fa257cc9-303a-4968-8599-0bd388da07a8",
    "color" : "#D91218",
    "position" : {
      "x" : -11.09017,
      "y" : -29.034441,
      "z" : 0.0
    },
    "orientation" : 45
  }, {
    "shape" : "fa257cc9-303a-4968-8599-0bd388da07a8",
    "color" : "#D91218",
    "position" : {
      "x" : 17.944271,
      "y" : 0.0,
      "z" : -6.854102
    },
    "orientation" : 46
  }, {
    "shape" : "fa257cc9-303a-4968-8599-0bd388da07a8",
    "color" : "#D91218",
    "position" : {
      "x" : 6.854102,
      "y" : 0.0,
      "z" : -11.09017
    },
    "orientation" : 1
  }, {
    "shape" : "fa257cc9-303a-4968-8599-0bd388da07a8",
    "color" : "#D91218",
    "position" : {
      "x" : -11.09017,
      "y" : -11.09017,
      "z" : 11.09017
    },
    "orientation" : 2
  }, {
    "shape" : "fa257cc9-303a-4968-8599-0bd388da07a8",
    "color" : "#D91218",
    "position" : {
      "x" : 6.854102,
      "y" : 0.0,
      "z" : -11.09017
    },
    "orientation" : 45
  }, {
    "shape" : "fa257cc9-303a-4968-8599-0bd388da07a8",
    "color" : "#D91218",
    "position" : {
      "x" : -11.09017,
      "y" : -11.09017,
      "z" : -11.09017
    },
    "orientation" : 0
  }, {
    "shape" : "fa257cc9-303a-4968-8599-0bd388da07a8",
    "color" : "#D91218",
    "position" : {
      "x" : -6.854102,
      "y" : 0.0,
      "z" : -11.09017
    },
    "orientation" : 0
  }, {
    "shape" : "33b97af3-95e2-46db-91ff-60f4e947e885",
    "color" : "#F2F2F2",
    "position" : {
      "x" : 0.0,
      "y" : -11.09017,
      "z" : 29.034441
    }
  }, {
    "shape" : "33b97af3-95e2-46db-91ff-60f4e947e885",
    "color" : "#F2F2F2",
    "position" : {
      "x" : -6.854102,
      "y" : -17.944271,
      "z" : 0.0
    }
  }, {
    "shape" : "33b97af3-95e2-46db-91ff-60f4e947e885",
    "color" : "#F2F2F2",
    "position" : {
      "x" : -6.854102,
      "y" : 0.0,
      "z" : 11.09017
    }
  }, {
    "shape" : "33b97af3-95e2-46db-91ff-60f4e947e885",
    "color" : "#F2F2F2",
    "position" : {
      "x" : -17.944271,
      "y" : 0.0,
      "z" : 6.854102
    }
  }, {
    "shape" : "fa257cc9-303a-4968-8599-0bd388da07a8",
    "color" : "#D91218",
    "position" : {
      "x" : 0.0,
      "y" : 11.09017,
      "z" : -6.854102
    },
    "orientation" : 2
  }, {
    "shape" : "33b97af3-95e2-46db-91ff-60f4e947e885",
    "color" : "#F2F2F2",
    "position" : {
      "x" : -11.09017,
      "y" : -11.09017,
      "z" : -11.09017
    }
  }, {
    "shape" : "fa257cc9-303a-4968-8599-0bd388da07a8",
    "color" : "#D91218",
    "position" : {
      "x" : -17.944271,
      "y" : -17.944271,
      "z" : 17.944271
    },
    "orientation" : 0
  }, {
    "shape" : "fa257cc9-303a-4968-8599-0bd388da07a8",
    "color" : "#D91218",
    "position" : {
      "x" : -11.09017,
      "y" : 6.854102,
      "z" : 0.0
    },
    "orientation" : 45
  }, {
    "shape" : "33b97af3-95e2-46db-91ff-60f4e947e885",
    "color" : "#F2F2F2",
    "position" : {
      "x" : 0.0,
      "y" : -29.034441,
      "z" : 17.944271
    }
  }, {
    "shape" : "fa257cc9-303a-4968-8599-0bd388da07a8",
    "color" : "#D91218",
    "position" : {
      "x" : -11.09017,
      "y" : -29.034441,
      "z" : 0.0
    },
    "orientation" : 0
  }, {
    "shape" : "fa257cc9-303a-4968-8599-0bd388da07a8",
    "color" : "#D91218",
    "position" : {
      "x" : 11.09017,
      "y" : -6.854102,
      "z" : 0.0
    },
    "orientation" : 32
  }, {
    "shape" : "fa257cc9-303a-4968-8599-0bd388da07a8",
    "color" : "#D91218",
    "position" : {
      "x" : 0.0,
      "y" : -29.034441,
      "z" : -17.944271
    },
    "orientation" : 1
  }, {
    "shape" : "fa257cc9-303a-4968-8599-0bd388da07a8",
    "color" : "#D91218",
    "position" : {
      "x" : 11.09017,
      "y" : -11.09017,
      "z" : 11.09017
    },
    "orientation" : 45
  }, {
    "shape" : "fa257cc9-303a-4968-8599-0bd388da07a8",
    "color" : "#D91218",
    "position" : {
      "x" : -17.944271,
      "y" : 0.0,
      "z" : -6.854102
    },
    "orientation" : 32
  }, {
    "shape" : "fa257cc9-303a-4968-8599-0bd388da07a8",
    "color" : "#D91218",
    "position" : {
      "x" : 17.944271,
      "y" : 0.0,
      "z" : -29.034441
    },
    "orientation" : 1
  }, {
    "shape" : "fa257cc9-303a-4968-8599-0bd388da07a8",
    "color" : "#D91218",
    "position" : {
      "x" : -11.09017,
      "y" : 11.09017,
      "z" : -11.09017
    },
    "orientation" : 1
  }, {
    "shape" : "fa257cc9-303a-4968-8599-0bd388da07a8",
    "color" : "#D91218",
    "position" : {
      "x" : -6.854102,
      "y" : 0.0,
      "z" : 11.09017
    },
    "orientation" : 32
  }, {
    "shape" : "fa257cc9-303a-4968-8599-0bd388da07a8",
    "color" : "#D91218",
    "position" : {
      "x" : -17.944271,
      "y" : 17.944271,
      "z" : -17.944271
    },
    "orientation" : 0
  }, {
    "shape" : "fa257cc9-303a-4968-8599-0bd388da07a8",
    "color" : "#D91218",
    "position" : {
      "x" : 6.854102,
      "y" : 0.0,
      "z" : 11.09017
    },
    "orientation" : 2
  }, {
    "shape" : "fa257cc9-303a-4968-8599-0bd388da07a8",
    "color" : "#D91218",
    "position" : {
      "x" : 0.0,
      "y" : -29.034441,
      "z" : 17.944271
    },
    "orientation" : 1
  }, {
    "shape" : "33b97af3-95e2-46db-91ff-60f4e947e885",
    "color" : "#F2F2F2",
    "position" : {
      "x" : 0.0,
      "y" : -6.854102,
      "z" : 17.944271
    }
  }, {
    "shape" : "fa257cc9-303a-4968-8599-0bd388da07a8",
    "color" : "#D91218",
    "position" : {
      "x" : 6.854102,
      "y" : -17.944271,
      "z" : 0.0
    },
    "orientation" : 46
  }, {
    "shape" : "fa257cc9-303a-4968-8599-0bd388da07a8",
    "color" : "#D91218",
    "position" : {
      "x" : 17.944271,
      "y" : -17.944271,
      "z" : -17.944271
    },
    "orientation" : 46
  }, {
    "shape" : "fa257cc9-303a-4968-8599-0bd388da07a8",
    "color" : "#D91218",
    "position" : {
      "x" : -6.854102,
      "y" : 0.0,
      "z" : -11.09017
    },
    "orientation" : 1
  }, {
    "shape" : "33b97af3-95e2-46db-91ff-60f4e947e885",
    "color" : "#F2F2F2",
    "position" : {
      "x" : 0.0,
      "y" : -11.09017,
      "z" : -29.034441
    }
  }, {
    "shape" : "fa257cc9-303a-4968-8599-0bd388da07a8",
    "color" : "#D91218",
    "position" : {
      "x" : 6.854102,
      "y" : 0.0,
      "z" : 11.09017
    },
    "orientation" : 46
  }, {
    "shape" : "fa257cc9-303a-4968-8599-0bd388da07a8",
    "color" : "#D91218",
    "position" : {
      "x" : 17.944271,
      "y" : 0.0,
      "z" : 6.854102
    },
    "orientation" : 45
  }, {
    "shape" : "fa257cc9-303a-4968-8599-0bd388da07a8",
    "color" : "#D91218",
    "position" : {
      "x" : -11.09017,
      "y" : 11.09017,
      "z" : 11.09017
    },
    "orientation" : 46
  }, {
    "shape" : "fa257cc9-303a-4968-8599-0bd388da07a8",
    "color" : "#D91218",
    "position" : {
      "x" : 6.854102,
      "y" : 17.944271,
      "z" : 0.0
    },
    "orientation" : 45
  }, {
    "shape" : "33b97af3-95e2-46db-91ff-60f4e947e885",
    "color" : "#F2F2F2",
    "position" : {
      "x" : 11.09017,
      "y" : 29.034441,
      "z" : 0.0
    }
  }, {
    "shape" : "fa257cc9-303a-4968-8599-0bd388da07a8",
    "color" : "#D91218",
    "position" : {
      "x" : -6.854102,
      "y" : -17.944271,
      "z" : 0.0
    },
    "orientation" : 32
  }, {
    "shape" : "fa257cc9-303a-4968-8599-0bd388da07a8",
    "color" : "#D91218",
    "position" : {
      "x" : -11.09017,
      "y" : 29.034441,
      "z" : 0.0
    },
    "orientation" : 2
  }, {
    "shape" : "fa257cc9-303a-4968-8599-0bd388da07a8",
    "color" : "#D91218",
    "position" : {
      "x" : -29.034441,
      "y" : -17.944271,
      "z" : 0.0
    },
    "orientation" : 1
  }, {
    "shape" : "fa257cc9-303a-4968-8599-0bd388da07a8",
    "color" : "#D91218",
    "position" : {
      "x" : -11.09017,
      "y" : 6.854102,
      "z" : 0.0
    },
    "orientation" : 0
  }, {
    "shape" : "fa257cc9-303a-4968-8599-0bd388da07a8",
    "color" : "#D91218",
    "position" : {
      "x" : -17.944271,
      "y" : 17.944271,
      "z" : -17.944271
    },
    "orientation" : 2
  }, {
    "shape" : "fa257cc9-303a-4968-8599-0bd388da07a8",
    "color" : "#D91218",
    "position" : {
      "x" : 11.09017,
      "y" : -29.034441,
      "z" : 0.0
    },
    "orientation" : 45
  }, {
    "shape" : "fa257cc9-303a-4968-8599-0bd388da07a8",
    "color" : "#D91218",
    "position" : {
      "x" : -11.09017,
      "y" : -6.854102,
      "z" : 0.0
    },
    "orientation" : 1
  }, {
    "shape" : "fa257cc9-303a-4968-8599-0bd388da07a8",
    "color" : "#D91218",
    "position" : {
      "x" : 29.034441,
      "y" : 0.0,
      "z" : -11.09017
    },
    "orientation" : 32
  }, {
    "shape" : "fa257cc9-303a-4968-8599-0bd388da07a8",
    "color" : "#D91218",
    "position" : {
      "x" : 11.09017,
      "y" : -29.034441,
      "z" : 0.0
    },
    "orientation" : 46
  }, {
    "shape" : "fa257cc9-303a-4968-8599-0bd388da07a8",
    "color" : "#D91218",
    "position" : {
      "x" : 29.034441,
      "y" : -17.944271,
      "z" : 0.0
    },
    "orientation" : 45
  }, {
    "shape" : "fa257cc9-303a-4968-8599-0bd388da07a8",
    "color" : "#D91218",
    "position" : {
      "x" : 0.0,
      "y" : -6.854102,
      "z" : -17.944271
    },
    "orientation" : 46
  }, {
