{
  "polygons" : "true",
  "field" : "golden",
  "symmetry" : "icosahedral",
  "orientations" : [ [ 1.0, 0.0, 0.0, 0.0, 0.0, 1.0, 0.0, 0.0, 0.0, 0.0, 1.0, 0.0, 0.0, 0.0, 0.0, 1.0 ], [ 0.0, 0.0, 1.0, 0.0, 1.0, 0.0, 0.0, 0.0, 0.0, 1.0, 0.0, 0.0, 0.0, 0.0, 0.0, 1.0 ], [ 0.0, 1.0, 0.0, 0.0, 0.0, 0.0, 1.0, 0.0, 1.0, 0.0, 0.0, 0.0, 0.0, 0.0, 0.0, 1.0 ], [ 0.809017, 0.309017, 0.5, 0.0, 0.309017, 0.5, -0.809017, 0.0, -0.5, 0.809017, 0.309017, 0.0, 0.0, 0.0, 0.0, 1.0 ], [ -0.5, 0.809017, 0.309017, 0.0, 0.809017, 0.309017, 0.5, 0.0, 0.309017, 0.5, -0.809017, 0.0, 0.0, 0.0, 0.0, 1.0 ], [ 0.309017, 0.5, -0.809017, 0.0, -0.5, 0.809017, 0.309017, 0.0, 0.809017, 0.309017, 0.5, 0.0, 0.0, 0.0, 0.0, 1.0 ], [ 0.5, 0.809017, 0.309017, 0.0, 0.809017, -0.309017, -0.5, 0.0, -0.309017, 0.5, -0.809017, 0.0, 0.0, 0.0, 0.0, 1.0 ], [ -0.309017, 0.5, -0.809017, 0.0, 0.5, 0.809017, 0.309017, 0.0, 0.809017, -0.309017, -0.5, 0.0, 0.0, 0.0, 0.0, 1.0 ], [ 0.809017, -0.309017, -0.5, 0.0, -0.309017, 0.5, -0.809017, 0.0, 0.5, 0.809017, 0.309017, 0.0, 0.0, 0.0, 0.0, 1.0 ], [ 0.5, 0.809017, -0.309017, 0.0, 0.809017, -0.309017, 0.5, 0.0, 0.309017, -0.5, -0.809017, 0.0, 0.0, 0.0, 0.0, 1.0 ], [ 0.309017, -0.5, -0.809017, 0.0, 0.5, 0.809017, -0.309017, 0.0, 0.809017, -0.309017, 0.5, 0.0, 0.0, 0.0, 0.0, 1.0 ], [ 0.809017, -0.309017, 0.5, 0.0, 0.309017, -0.5, -0.809017, 0.0, 0.5, 0.809017, -0.309017, 0.0, 0.0, 0.0, 0.0, 1.0 ], [ 0.809017, 0.309017, -0.5, 0.0, 0.309017, 0.5, 0.809017, 0.0, 0.5, -0.809017, 0.309017, 0.0, 0.0, 0.0, 0.0, 1.0 ], [ 0.5, -0.809017, 0.309017, 0.0, 0.809017, 0.309017, -0.5, 0.0, 0.309017, 0.5, 0.809017, 0.0, 0.0, 0.0, 0.0, 1.0 ], [ 0.309017, 0.5, 0.809017, 0.0, 0.5, -0.809017, 0.309017, 0.0, 0.809017, 0.309017, -0.5, 0.0, 0.0, 0.0, 0.0, 1.0 ], [ 1.0, 0.0, 0.0, 0.0, 0.0, -1.0, 0.0, 0.0, 0.0, 0.0, -1.0, 0.0, 0.0, 0.0, 0.0, 1.0 ], [ 0.0, 0.0, 1.0, 0.0, -1.0, 0.0, 0.0, 0.0, 0.0, -1.0, 0.0, 0.0, 0.0, 0.0, 0.0, 1.0 ], [ 0.0, 1.0, 0.0, 0.0, 0.0, 0.0, -1.0, 0.0, -1.0, 0.0, 0.0, 0.0, 0.0, 0.0, 0.0, 1.0 ], [ 0.809017, 0.309017, 0.5, 0.0, -0.309017, -0.5, 0.809017, 0.0, 0.5, -0.809017, -0.309017, 0.0, 0.0, 0.0, 0.0, 1.0 ], [ -0.5, 0.809017, 0.309017, 0.0, -0.809017, -0.309017, -0.5, 0.0, -0.309017, -0.5, 0.809017, 0.0, 0.0, 0.0, 0.0, 1.0 ], [ 0.309017, 0.5, -0.809017, 0.0, 0.5, -0.809017, -0.309017, 0.0, -0.809017, -0.309017, -0.5, 0.0, 0.0, 0.0, 0.0, 1.0 ], [ 0.5, 0.809017, 0.309017, 0.0, -0.809017, 0.309017, 0.5, 0.0, 0.309017, -0.5, 0.809017, 0.0, 0.0, 0.0, 0.0, 1.0 ], [ -0.309017, 0.5, -0.809017, 0.0, -0.5, -0.809017, -0.309017, 0.0, -0.809017, 0.309017, 0.5, 0.0, 0.0, 0.0, 0.0, 1.0 ], [ 0.809017, -0.309017, -0.5, 0.0, 0.309017, -0.5, 0.809017, 0.0, -0.5, -0.809017, -0.309017, 0.0, 0.0, 0.0, 0.0, 1.0 ], [ 0.5, 0.809017, -0.309017, 0.0, -0.809017, 0.309017, -0.5, 0.0, -0.309017, 0.5, 0.809017, 0.0, 0.0, 0.0, 0.0, 1.0 ], [ 0.309017, -0.5, -0.809017, 0.0, -0.5, -0.809017, 0.309017, 0.0, -0.809017, 0.309017, -0.5, 0.0, 0.0, 0.0, 0.0, 1.0 ], [ 0.809017, -0.309017, 0.5, 0.0, -0.309017, 0.5, 0.809017, 0.0, -0.5, -0.809017, 0.309017, 0.0, 0.0, 0.0, 0.0, 1.0 ], [ 0.809017, 0.309017, -0.5, 0.0, -0.309017, -0.5, -0.809017, 0.0, -0.5, 0.809017, -0.309017, 0.0, 0.0, 0.0, 0.0, 1.0 ], [ 0.5, -0.809017, 0.309017, 0.0, -0.809017, -0.309017, 0.5, 0.0, -0.309017, -0.5, -0.809017, 0.0, 0.0, 0.0, 0.0, 1.0 ], [ 0.309017, 0.5, 0.809017, 0.0, -0.5, 0.809017, -0.309017, 0.0, -0.809017, -0.309017, 0.5, 0.0, 0.0, 0.0, 0.0, 1.0 ], [ -1.0, 0.0, 0.0, 0.0, 0.0, -1.0, 0.0, 0.0, 0.0, 0.0, 1.0, 0.0, 0.0, 0.0, 0.0, 1.0 ], [ 0.0, 0.0, -1.0, 0.0, -1.0, 0.0, 0.0, 0.0, 0.0, 1.0, 0.0, 0.0, 0.0, 0.0, 0.0, 1.0 ], [ 0.0, -1.0, 0.0, 0.0, 0.0, 0.0, -1.0, 0.0, 1.0, 0.0, 0.0, 0.0, 0.0, 0.0, 0.0, 1.0 ], [ -0.809017, -0.309017, -0.5, 0.0, -0.309017, -0.5, 0.809017, 0.0, -0.5, 0.809017, 0.309017, 0.0, 0.0, 0.0, 0.0, 1.0 ], [ 0.5, -0.809017, -0.309017, 0.0, -0.809017, -0.309017, -0.5, 0.0, 0.309017, 0.5, -0.809017, 0.0, 0.0, 0.0, 0.0, 1.0 ], [ -0.309017, -0.5, 0.809017, 0.0, 0.5, -0.809017, -0.309017, 0.0, 0.809017, 0.309017, 0.5, 0.0, 0.0, 0.0, 0.0, 1.0 ], [ -0.5, -0.809017, -0.309017, 0.0, -0.809017, 0.309017, 0.5, 0.0, -0.309017, 0.5, -0.809017, 0.0, 0.0, 0.0, 0.0, 1.0 ], [ 0.309017, -0.5, 0.809017, 0.0, -0.5, -0.809017, -0.309017, 0.0, 0.809017, -0.309017, -0.5, 0.0, 0.0, 0.0, 0.0, 1.0 ], [ -0.809017, 0.309017, 0.5, 0.0, 0.309017, -0.5, 0.809017, 0.0, 0.5, 0.809017, 0.309017, 0.0, 0.0, 0.0, 0.0, 1.0 ], [ -0.5, -0.809017, 0.309017, 0.0, -0.809017, 0.309017, -0.5, 0.0, 0.309017, -0.5, -0.809017, 0.0, 0.0, 0.0, 0.0, 1.0 ], [ -0.309017, 0.5, 0.809017, 0.0, -0.5, -0.809017, 0.309017, 0.0, 0.809017, -0.309017, 0.5, 0.0, 0.0, 0.0, 0.0, 1.0 ], [ -0.809017, 0.309017, -0.5, 0.0, -0.309017, 0.5, 0.809017, 0.0, 0.5, 0.809017, -0.309017, 0.0, 0.0, 0.0, 0.0, 1.0 ], [ -0.809017, -0.309017, 0.5, 0.0, -0.309017, -0.5, -0.809017, 0.0, 0.5, -0.809017, 0.309017, 0.0, 0.0, 0.0, 0.0, 1.0 ], [ -0.5, 0.809017, -0.309017, 0.0, -0.809017, -0.309017, 0.5, 0.0, 0.309017, 0.5, 0.809017, 0.0, 0.0, 0.0, 0.0, 1.0 ], [ -0.309017, -0.5, -0.809017, 0.0, -0.5, 0.809017, -0.309017, 0.0, 0.809017, 0.309017, -0.5, 0.0, 0.0, 0.0, 0.0, 1.0 ], [ -1.0, 0.0, 0.0, 0.0, 0.0, 1.0, 0.0, 0.0, 0.0, 0.0, -1.0, 0.0, 0.0, 0.0, 0.0, 1.0 ], [ 0.0, 0.0, -1.0, 0.0, 1.0, 0.0, 0.0, 0.0, 0.0, -1.0, 0.0, 0.0, 0.0, 0.0, 0.0, 1.0 ], [ 0.0, -1.0, 0.0, 0.0, 0.0, 0.0, 1.0, 0.0, -1.0, 0.0, 0.0, 0.0, 0.0, 0.0, 0.0, 1.0 ], [ -0.809017, -0.309017, -0.5, 0.0, 0.309017, 0.5, -0.809017, 0.0, 0.5, -0.809017, -0.309017, 0.0, 0.0, 0.0, 0.0, 1.0 ], [ 0.5, -0.809017, -0.309017, 0.0, 0.809017, 0.309017, 0.5, 0.0, -0.309017, -0.5, 0.809017, 0.0, 0.0, 0.0, 0.0, 1.0 ], [ -0.309017, -0.5, 0.809017, 0.0, -0.5, 0.809017, 0.309017, 0.0, -0.809017, -0.309017, -0.5, 0.0, 0.0, 0.0, 0.0, 1.0 ], [ -0.5, -0.809017, -0.309017, 0.0, 0.809017, -0.309017, -0.5, 0.0, 0.309017, -0.5, 0.809017, 0.0, 0.0, 0.0, 0.0, 1.0 ], [ 0.309017, -0.5, 0.809017, 0.0, 0.5, 0.809017, 0.309017, 0.0, -0.809017, 0.309017, 0.5, 0.0, 0.0, 0.0, 0.0, 1.0 ], [ -0.809017, 0.309017, 0.5, 0.0, -0.309017, 0.5, -0.809017, 0.0, -0.5, -0.809017, -0.309017, 0.0, 0.0, 0.0, 0.0, 1.0 ], [ -0.5, -0.809017, 0.309017, 0.0, 0.809017, -0.309017, 0.5, 0.0, -0.309017, 0.5, 0.809017, 0.0, 0.0, 0.0, 0.0, 1.0 ], [ -0.309017, 0.5, 0.809017, 0.0, 0.5, 0.809017, -0.309017, 0.0, -0.809017, 0.309017, -0.5, 0.0, 0.0, 0.0, 0.0, 1.0 ], [ -0.809017, 0.309017, -0.5, 0.0, 0.309017, -0.5, -0.809017, 0.0, -0.5, -0.809017, 0.309017, 0.0, 0.0, 0.0, 0.0, 1.0 ], [ -0.809017, -0.309017, 0.5, 0.0, 0.309017, 0.5, 0.809017, 0.0, -0.5, 0.809017, -0.309017, 0.0, 0.0, 0.0, 0.0, 1.0 ], [ -0.5, 0.809017, -0.309017, 0.0, 0.809017, 0.309017, -0.5, 0.0, -0.309017, -0.5, -0.809017, 0.0, 0.0, 0.0, 0.0, 1.0 ], [ -0.309017, -0.5, -0.809017, 0.0, 0.5, -0.809017, 0.309017, 0.0, -0.809017, -0.309017, 0.5, 0.0, 0.0, 0.0, 0.0, 1.0 ] ],
  "lights" : {
    "ambientColor" : "#292929",
    "backgroundColor" : "#AFC8DC",
    "directionalLights" : [ {
      "direction" : [ 1.0, -1.0, -1.0 ],
      "color" : "#EBEBE4"
    }, {
      "direction" : [ -1.0, 0.0, 0.0 ],
      "color" : "#E4E4EB"
    }, {
      "direction" : [ 0.0, 0.0, -1.0 ],
      "color" : "#1E1E1E"
    } ]
  },
  "camera" : {
    "position" : {
      "x" : 0.0,
      "y" : 218.57426,
      "z" : 135.08632
    },
    "perspective" : false,
    "lookAtPointRV" : {
      "x" : 0.0,
      "y" : 0.0,
      "z" : 0.0,
      "zero" : true
    },
    "viewDistance" : 256.94946,
    "fieldOfView" : 0.92729443,
    "lookDirectionRV" : {
      "x" : 0.0,
      "y" : -0.8506508,
      "z" : -0.5257311,
      "zero" : false
    },
    "upDirectionRV" : {
      "x" : -0.58778524,
      "y" : -0.4253254,
      "z" : 0.688191,
      "zero" : false
    },
    "stereo" : false,
    "nearClipDistance" : 2.5694957,
    "lookAtPoint" : {
      "x" : 0.0,
      "y" : 0.0,
      "z" : 0.0
    },
    "lookDirection" : {
      "x" : 0.0,
      "y" : -0.8506508,
      "z" : -0.5257311
    },
    "upDirection" : {
      "x" : -0.58778524,
      "y" : -0.4253254,
      "z" : 0.688191
    },
    "farClipDistance" : 1027.7969,
    "width" : 256.94922
  },
  "embedding" : [ 1.0, 0.0, 0.0, 0.0, 0.0, 1.0, 0.0, 0.0, 0.0, 0.0, 1.0, 0.0, 0.0, 0.0, 0.0, 1.0 ],
  "shapes" : [ {
    "id" : "5032776d-b06a-4d08-9b16-99f9427a8bfa",
    "name" : "ball",
    "vertices" : [ {
      "x" : 0.309017,
      "y" : -0.809017,
      "z" : 0.618034
    }, {
      "x" : 0.809017,
      "y" : -0.618034,
      "z" : 0.309017
    }, {
      "x" : 0.618034,
      "y" : -0.309017,
      "z" : 0.809017
    }, {
      "x" : 1.0,
      "y" : 0.309017,
      "z" : 0.19098301
    }, {
      "x" : 0.809017,
      "y" : 0.618034,
      "z" : 0.309017
    }, {
      "x" : 0.618034,
      "y" : 0.309017,
      "z" : 0.809017
    }, {
      "x" : 0.809017,
      "y" : 0.0,
      "z" : 0.690983
    }, {
      "x" : 0.19098301,
      "y" : -1.0,
      "z" : 0.309017
    }, {
      "x" : -0.19098301,
      "y" : -1.0,
      "z" : 0.309017
    }, {
      "x" : -0.19098301,
      "y" : -1.0,
      "z" : -0.309017
    }, {
      "x" : 0.19098301,
      "y" : -1.0,
      "z" : -0.309017
    }, {
      "x" : 1.0,
      "y" : -0.309017,
      "z" : -0.19098301
    }, {
      "x" : 0.809017,
      "y" : -0.618034,
      "z" : -0.309017
    }, {
      "x" : 0.618034,
      "y" : -0.309017,
      "z" : -0.809017
    }, {
      "x" : 0.809017,
      "y" : 0.0,
      "z" : -0.690983
    }, {
      "x" : 0.0,
      "y" : 0.690983,
      "z" : -0.809017
    }, {
      "x" : 0.309017,
      "y" : 0.809017,
      "z" : -0.618034
    }, {
      "x" : 0.618034,
      "y" : 0.309017,
      "z" : -0.809017
    }, {
      "x" : 0.309017,
      "y" : 0.19098301,
      "z" : -1.0
    }, {
      "x" : 1.0,
      "y" : 0.309017,
      "z" : -0.19098301
    }, {
      "x" : -0.309017,
      "y" : -0.809017,
      "z" : 0.618034
    }, {
      "x" : 0.0,
      "y" : -0.690983,
      "z" : 0.809017
    }, {
      "x" : 0.809017,
      "y" : 0.618034,
      "z" : -0.309017
    }, {
      "x" : 0.690983,
      "y" : 0.809017,
      "z" : 0.0
    }, {
      "x" : -0.690983,
      "y" : 0.809017,
      "z" : 0.0
    }, {
      "x" : -0.809017,
      "y" : 0.618034,
      "z" : 0.309017
    }, {
      "x" : -0.309017,
      "y" : 0.809017,
      "z" : 0.618034
    }, {
      "x" : -0.19098301,
      "y" : 1.0,
      "z" : 0.309017
    }, {
      "x" : 0.309017,
      "y" : -0.19098301,
      "z" : -1.0
    }, {
      "x" : 0.19098301,
      "y" : 1.0,
      "z" : 0.309017
    }, {
      "x" : 0.309017,
      "y" : 0.809017,
      "z" : 0.618034
    }, {
      "x" : -0.809017,
      "y" : -0.618034,
      "z" : 0.309017
    }, {
      "x" : -0.690983,
      "y" : -0.809017,
      "z" : 0.0
    }, {
      "x" : 0.0,
      "y" : 0.690983,
      "z" : 0.809017
    }, {
      "x" : 0.309017,
      "y" : -0.809017,
      "z" : -0.618034
    }, {
      "x" : 0.0,
      "y" : -0.690983,
      "z" : -0.809017
    }, {
      "x" : -1.0,
      "y" : 0.309017,
      "z" : 0.19098301
    }, {
      "x" : -0.809017,
      "y" : 0.0,
      "z" : 0.690983
    }, {
      "x" : -0.618034,
      "y" : 0.309017,
      "z" : 0.809017
    }, {
      "x" : 1.0,
      "y" : -0.309017,
      "z" : 0.19098301
    }, {
      "x" : -0.309017,
      "y" : -0.809017,
      "z" : -0.618034
    }, {
      "x" : -1.0,
      "y" : 0.309017,
      "z" : -0.19098301
    }, {
      "x" : -1.0,
      "y" : -0.309017,
      "z" : -0.19098301
    }, {
      "x" : -1.0,
      "y" : -0.309017,
      "z" : 0.19098301
    }, {
      "x" : 0.19098301,
      "y" : 1.0,
      "z" : -0.309017
    }, {
      "x" : -0.809017,
      "y" : 0.618034,
      "z" : -0.309017
    }, {
      "x" : -0.19098301,
      "y" : 1.0,
      "z" : -0.309017
    }, {
      "x" : -0.309017,
      "y" : 0.809017,
      "z" : -0.618034
    }, {
      "x" : -0.618034,
      "y" : -0.309017,
      "z" : 0.809017
    }, {
      "x" : 0.309017,
      "y" : 0.19098301,
      "z" : 1.0
    }, {
      "x" : -0.309017,
      "y" : 0.19098301,
      "z" : -1.0
    }, {
      "x" : -0.309017,
      "y" : 0.19098301,
      "z" : 1.0
    }, {
      "x" : -0.309017,
      "y" : -0.19098301,
      "z" : 1.0
    }, {
      "x" : 0.309017,
      "y" : -0.19098301,
      "z" : 1.0
    }, {
      "x" : 0.690983,
      "y" : -0.809017,
      "z" : 0.0
    }, {
      "x" : -0.809017,
      "y" : 0.0,
      "z" : -0.690983
    }, {
      "x" : -0.618034,
      "y" : -0.309017,
      "z" : -0.809017
    }, {
      "x" : -0.309017,
      "y" : -0.19098301,
      "z" : -1.0
    }, {
      "x" : -0.618034,
      "y" : 0.309017,
      "z" : -0.809017
    }, {
      "x" : -0.809017,
      "y" : -0.618034,
      "z" : -0.309017
    } ],
    "faces" : [ {
      "vertices" : [ 9, 40, 35, 34, 10 ]
    }, {
      "vertices" : [ 0, 1, 2 ]
    }, {
      "vertices" : [ 33, 51, 49 ]
    }, {
      "vertices" : [ 25, 36, 37, 38 ]
    }, {
      "vertices" : [ 41, 55, 42 ]
    }, {
      "vertices" : [ 9, 32, 59, 40 ]
    }, {
      "vertices" : [ 20, 21, 52, 48 ]
    }, {
      "vertices" : [ 26, 33, 30, 29, 27 ]
    }, {
      "vertices" : [ 3, 4, 5, 6 ]
    }, {
      "vertices" : [ 27, 29, 44, 46 ]
    }, {
      "vertices" : [ 50, 57, 56, 55, 58 ]
    }, {
      "vertices" : [ 26, 38, 51, 33 ]
    }, {
      "vertices" : [ 45, 47, 58 ]
    }, {
      "vertices" : [ 18, 28, 57, 50 ]
    }, {
      "vertices" : [ 40, 59, 56 ]
    }, {
      "vertices" : [ 31, 48, 37, 43 ]
    }, {
      "vertices" : [ 7, 8, 9, 10 ]
    }, {
      "vertices" : [ 36, 41, 42, 43 ]
    }, {
      "vertices" : [ 24, 46, 47, 45 ]
    }, {
      "vertices" : [ 4, 30, 5 ]
    }, {
      "vertices" : [ 15, 47, 46, 44, 16 ]
    }, {
      "vertices" : [ 15, 50, 58, 47 ]
    }, {
      "vertices" : [ 24, 45, 41, 36, 25 ]
    }, {
      "vertices" : [ 11, 14, 19 ]
    }, {
      "vertices" : [ 3, 6, 39 ]
    }, {
      "vertices" : [ 1, 39, 6, 2 ]
    }, {
      "vertices" : [ 8, 32, 9 ]
    }, {
      "vertices" : [ 11, 12, 13, 14 ]
    }, {
      "vertices" : [ 16, 22, 17 ]
    }, {
      "vertices" : [ 0, 21, 20, 8, 7 ]
    }, {
      "vertices" : [ 12, 34, 13 ]
    }, {
      "vertices" : [ 35, 40, 56, 57 ]
    }, {
      "vertices" : [ 0, 7, 54, 1 ]
    }, {
      "vertices" : [ 15, 16, 17, 18 ]
    }, {
      "vertices" : [ 3, 19, 22, 23, 4 ]
    }, {
      "vertices" : [ 7, 10, 54 ]
    }, {
      "vertices" : [ 41, 45, 58, 55 ]
    }, {
      "vertices" : [ 3, 39, 11, 19 ]
    }, {
      "vertices" : [ 14, 17, 22, 19 ]
    }, {
      "vertices" : [ 0, 2, 53, 21 ]
    }, {
      "vertices" : [ 49, 51, 52, 53 ]
    }, {
      "vertices" : [ 31, 43, 42, 59, 32 ]
    }, {
      "vertices" : [ 15, 18, 50 ]
    }, {
      "vertices" : [ 42, 55, 56, 59 ]
    }, {
      "vertices" : [ 4, 23, 29, 30 ]
    }, {
      "vertices" : [ 25, 38, 26 ]
    }, {
      "vertices" : [ 13, 28, 18, 17, 14 ]
    }, {
      "vertices" : [ 8, 20, 31, 32 ]
    }, {
      "vertices" : [ 23, 44, 29 ]
    }, {
      "vertices" : [ 24, 27, 46 ]
    }, {
      "vertices" : [ 37, 48, 52, 51, 38 ]
    }, {
      "vertices" : [ 20, 48, 31 ]
    }, {
      "vertices" : [ 24, 25, 26, 27 ]
    }, {
      "vertices" : [ 16, 44, 23, 22 ]
    }, {
      "vertices" : [ 13, 34, 35, 28 ]
    }, {
      "vertices" : [ 10, 34, 12, 54 ]
    }, {
      "vertices" : [ 2, 6, 5, 49, 53 ]
    }, {
      "vertices" : [ 36, 43, 37 ]
    }, {
      "vertices" : [ 5, 30, 33, 49 ]
    }, {
      "vertices" : [ 1, 54, 12, 11, 39 ]
    }, {
      "vertices" : [ 28, 35, 57 ]
    }, {
      "vertices" : [ 21, 53, 52 ]
    } ]
  }, {
    "id" : "8c7a6299-1c9f-4816-a4df-5b8d28f86a05",
    "orbit" : "blue",
    "orbitC" : "[[0,0,1],[0,0,1]]",
    "length" : "[\"0\",\"1\",\"1\"]",
    "name" : "b2",
    "vertices" : [ {
      "x" : 12.708204,
      "y" : 0.309017,
      "z" : 0.19098301
    }, {
      "x" : 12.708204,
      "y" : 0.309017,
      "z" : -0.19098301
    }, {
      "x" : 1.0,
      "y" : 0.309017,
      "z" : -0.19098301
    }, {
      "x" : 1.0,
      "y" : 0.309017,
      "z" : 0.19098301
    }, {
      "x" : 12.708204,
      "y" : -0.309017,
      "z" : 0.19098301
    }, {
      "x" : 1.0,
      "y" : -0.309017,
      "z" : 0.19098301
    }, {
      "x" : 1.0,
      "y" : -0.309017,
      "z" : -0.19098301
    }, {
      "x" : 12.708204,
      "y" : -0.309017,
      "z" : -0.19098301
    }, {
      "x" : 13.708204,
      "y" : 0.0,
      "z" : 0.0
    } ],
    "faces" : [ {
      "vertices" : [ 1, 7, 6, 2 ]
    }, {
      "vertices" : [ 0, 1, 2, 3 ]
    }, {
      "vertices" : [ 4, 5, 6, 7 ]
    }, {
      "vertices" : [ 0, 3, 5, 4 ]
    } ]
  } ],
  "instances" : [ {
    "shape" : "5032776d-b06a-4d08-9b16-99f9427a8bfa",
    "color" : "#F2F2F2",
    "position" : {
      "x" : -2.118034,
      "y" : -14.5172205,
      "z" : 30.343458
    }
  }, {
    "shape" : "8c7a6299-1c9f-4816-a4df-5b8d28f86a05",
    "color" : "#008EC2",
    "position" : {
      "x" : 60.186916,
      "y" : 14.5172205,
      "z" : -16.635256
    },
    "orientation" : 53
  }, {
    "shape" : "8c7a6299-1c9f-4816-a4df-5b8d28f86a05",
    "color" : "#008EC2",
    "position" : {
      "x" : -78.13119,
      "y" : -7.663119,
      "z" : 5.545085
    },
    "orientation" : 54
  }, {
    "shape" : "5032776d-b06a-4d08-9b16-99f9427a8bfa",
    "color" : "#F2F2F2",
    "position" : {
      "x" : 78.13119,
      "y" : -14.5172205,
      "z" : 16.635256
    }
  }, {
    "shape" : "8c7a6299-1c9f-4816-a4df-5b8d28f86a05",
    "color" : "#008EC2",
    "position" : {
      "x" : 31.152475,
      "y" : 3.427051,
      "z" : -12.399187
    },
    "orientation" : 55
  }, {
    "shape" : "5032776d-b06a-4d08-9b16-99f9427a8bfa",
    "color" : "#F2F2F2",
    "position" : {
      "x" : -91.83939,
      "y" : 14.5172205,
      "z" : -30.343458
    }
  }, {
    "shape" : "8c7a6299-1c9f-4816-a4df-5b8d28f86a05",
    "color" : "#008EC2",
    "position" : {
      "x" : -2.118034,
      "y" : -36.69756,
      "z" : 52.5238
    },
    "orientation" : 37
  }, {
    "shape" : "5032776d-b06a-4d08-9b16-99f9427a8bfa",
    "color" : "#F2F2F2",
    "position" : {
      "x" : -26.916409,
      "y" : 39.315594,
      "z" : -70.46807
    }
  }, {
    "shape" : "5032776d-b06a-4d08-9b16-99f9427a8bfa",
    "color" : "#F2F2F2",
    "position" : {
      "x" : -20.062305,
      "y" : 36.69756,
      "z" : -52.5238
    }
  }, {
    "shape" : "8c7a6299-1c9f-4816-a4df-5b8d28f86a05",
    "color" : "#008EC2",
    "position" : {
      "x" : -78.13119,
      "y" : 14.5172205,
      "z" : -30.343458
    },
    "orientation" : 45
  }, {
    "shape" : "5032776d-b06a-4d08-9b16-99f9427a8bfa",
    "color" : "#F2F2F2",
    "position" : {
      "x" : 78.13119,
      "y" : 7.663119,
      "z" : -5.545085
    }
  }, {
    "shape" : "8c7a6299-1c9f-4816-a4df-5b8d28f86a05",
    "color" : "#008EC2",
    "position" : {
      "x" : 91.83939,
      "y" : -14.5172205,
      "z" : 30.343458
    },
    "orientation" : 47
  }, {
    "shape" : "5032776d-b06a-4d08-9b16-99f9427a8bfa",
    "color" : "#F2F2F2",
    "position" : {
      "x" : 31.152475,
      "y" : 3.427051,
      "z" : -12.399187
    }
  }, {
    "shape" : "5032776d-b06a-4d08-9b16-99f9427a8bfa",
    "color" : "#F2F2F2",
    "position" : {
      "x" : 84.98529,
      "y" : -3.427051,
      "z" : -1.309017
    }
  }, {
    "shape" : "8c7a6299-1c9f-4816-a4df-5b8d28f86a05",
    "color" : "#008EC2",
    "position" : {
      "x" : -60.186916,
      "y" : -14.5172205,
      "z" : 16.635256
    },
    "orientation" : 45
  }, {
    "shape" : "8c7a6299-1c9f-4816-a4df-5b8d28f86a05",
    "color" : "#008EC2",
    "position" : {
      "x" : 15.826238,
      "y" : -43.551662,
      "z" : 63.613968
    },
    "orientation" : 11
  }, {
    "shape" : "8c7a6299-1c9f-4816-a4df-5b8d28f86a05",
    "color" : "#008EC2",
    "position" : {
      "x" : -20.062305,
      "y" : -7.663119,
      "z" : 5.545085
    },
    "orientation" : 37
  }, {
    "shape" : "8c7a6299-1c9f-4816-a4df-5b8d28f86a05",
    "color" : "#008EC2",
    "position" : {
      "x" : -31.152475,
      "y" : 32.461494,
      "z" : -59.3779
    },
    "orientation" : 52
  }, {
    "shape" : "5032776d-b06a-4d08-9b16-99f9427a8bfa",
    "color" : "#F2F2F2",
    "position" : {
      "x" : 73.89512,
      "y" : 14.5172205,
      "z" : -16.635256
    }
  }, {
    "shape" : "5032776d-b06a-4d08-9b16-99f9427a8bfa",
    "color" : "#F2F2F2",
    "position" : {
      "x" : -38.006577,
      "y" : 43.551662,
      "z" : -77.322174
    }
  }, {
    "shape" : "8c7a6299-1c9f-4816-a4df-5b8d28f86a05",
    "color" : "#008EC2",
    "position" : {
      "x" : 84.98529,
      "y" : -3.427051,
      "z" : -1.309017
    },
    "orientation" : 54
  }, {
    "shape" : "8c7a6299-1c9f-4816-a4df-5b8d28f86a05",
    "color" : "#008EC2",
    "position" : {
      "x" : -44.86068,
      "y" : 32.461494,
      "z" : -59.3779
    },
    "orientation" : 38
  }, {
    "shape" : "8c7a6299-1c9f-4816-a4df-5b8d28f86a05",
    "color" : "#008EC2",
    "position" : {
      "x" : 78.13119,
      "y" : -14.5172205,
      "z" : 30.343458
    },
    "orientation" : 0
  }, {
    "shape" : "5032776d-b06a-4d08-9b16-99f9427a8bfa",
    "color" : "#F2F2F2",
    "position" : {
      "x" : 49.09675,
      "y" : -39.315594,
      "z" : 70.46807
    }
  }, {
    "shape" : "8c7a6299-1c9f-4816-a4df-5b8d28f86a05",
    "color" : "#008EC2",
    "position" : {
      "x" : -67.04102,
      "y" : 32.461494,
      "z" : -45.669697
    },
    "orientation" : 39
  }, {
    "shape" : "8c7a6299-1c9f-4816-a4df-5b8d28f86a05",
    "color" : "#008EC2",
    "position" : {
      "x" : 2.118034,
      "y" : 14.5172205,
      "z" : -30.343458
    },
    "orientation" : 0
  }, {
    "shape" : "8c7a6299-1c9f-4816-a4df-5b8d28f86a05",
    "color" : "#008EC2",
    "position" : {
      "x" : -2.118034,
      "y" : -14.5172205,
      "z" : 30.343458
    },
    "orientation" : 45
  }, {
    "shape" : "5032776d-b06a-4d08-9b16-99f9427a8bfa",
    "color" : "#F2F2F2",
    "position" : {
      "x" : -26.916409,
      "y" : -10.281153,
      "z" : 23.489357
    }
  }, {
    "shape" : "8c7a6299-1c9f-4816-a4df-5b8d28f86a05",
    "color" : "#008EC2",
    "position" : {
      "x" : 55.95085,
      "y" : 7.663119,
      "z" : -5.545085
    },
    "orientation" : 52
  }, {
    "shape" : "5032776d-b06a-4d08-9b16-99f9427a8bfa",
    "color" : "#F2F2F2",
    "position" : {
      "x" : 20.062305,
      "y" : 7.663119,
      "z" : -5.545085
    }
  }, {
    "shape" : "5032776d-b06a-4d08-9b16-99f9427a8bfa",
    "color" : "#F2F2F2",
    "position" : {
      "x" : 73.89512,
      "y" : -7.663119,
      "z" : 5.545085
    }
  }, {
    "shape" : "8c7a6299-1c9f-4816-a4df-5b8d28f86a05",
    "color" : "#008EC2",
    "position" : {
      "x" : 49.09675,
      "y" : -39.315594,
      "z" : 70.46807
    },
    "orientation" : 26
  }, {
    "shape" : "5032776d-b06a-4d08-9b16-99f9427a8bfa",
    "color" : "#F2F2F2",
    "position" : {
      "x" : 20.062305,
      "y" : 21.371323,
      "z" : -41.433628
    }
  }, {
    "shape" : "8c7a6299-1c9f-4816-a4df-5b8d28f86a05",
    "color" : "#008EC2",
    "position" : {
      "x" : 78.13119,
      "y" : -14.5172205,
      "z" : 16.635256
    },
    "orientation" : 0
  }, {
    "shape" : "8c7a6299-1c9f-4816-a4df-5b8d28f86a05",
    "color" : "#008EC2",
    "position" : {
      "x" : 20.062305,
      "y" : -36.69756,
      "z" : 52.5238
    },
    "orientation" : 56
  }, {
    "shape" : "8c7a6299-1c9f-4816-a4df-5b8d28f86a05",
    "color" : "#008EC2",
    "position" : {
      "x" : 38.006577,
      "y" : 14.5172205,
      "z" : -30.343458
    },
    "orientation" : 41
  }, {
    "shape" : "8c7a6299-1c9f-4816-a4df-5b8d28f86a05",
    "color" : "#008EC2",
    "position" : {
      "x" : -73.89512,
      "y" : 21.371323,
      "z" : -41.433628
    },
    "orientation" : 40
  }, {
    "shape" : "8c7a6299-1c9f-4816-a4df-5b8d28f86a05",
    "color" : "#008EC2",
    "position" : {
      "x" : 78.13119,
      "y" : 7.663119,
      "z" : -5.545085
    },
    "orientation" : 55
  }, {
    "shape" : "8c7a6299-1c9f-4816-a4df-5b8d28f86a05",
    "color" : "#008EC2",
    "position" : {
      "x" : 73.89512,
      "y" : -7.663119,
      "z" : 5.545085
    },
    "orientation" : 37
  }, {
    "shape" : "5032776d-b06a-4d08-9b16-99f9427a8bfa",
    "color" : "#F2F2F2",
    "position" : {
      "x" : 31.152475,
      "y" : -32.461494,
      "z" : 59.3779
    }
  }, {
    "shape" : "5032776d-b06a-4d08-9b16-99f9427a8bfa",
    "color" : "#F2F2F2",
    "position" : {
      "x" : -2.118034,
      "y" : -36.69756,
      "z" : 52.5238
    }
  }, {
    "shape" : "8c7a6299-1c9f-4816-a4df-5b8d28f86a05",
    "color" : "#008EC2",
    "position" : {
      "x" : -8.972136,
      "y" : 32.461494,
      "z" : -45.669697
    },
    "orientation" : 56
  }, {
    "shape" : "8c7a6299-1c9f-4816-a4df-5b8d28f86a05",
    "color" : "#008EC2",
    "position" : {
      "x" : -55.95085,
      "y" : -7.663119,
      "z" : 5.545085
    },
    "orientation" : 40
  }, {
    "shape" : "5032776d-b06a-4d08-9b16-99f9427a8bfa",
    "color" : "#F2F2F2",
    "position" : {
      "x" : -31.152475,
      "y" : 32.461494,
      "z" : -59.3779
    }
  }, {
    "shape" : "5032776d-b06a-4d08-9b16-99f9427a8bfa",
    "color" : "#F2F2F2",
    "position" : {
      "x" : -84.98529,
      "y" : 25.607391,
      "z" : -48.28773
    }
  }, {
    "shape" : "8c7a6299-1c9f-4816-a4df-5b8d28f86a05",
    "color" : "#008EC2",
    "position" : {
      "x" : 67.04102,
      "y" : -32.461494,
      "z" : 45.669697
    },
    "orientation" : 41
  }, {
    "shape" : "5032776d-b06a-4d08-9b16-99f9427a8bfa",
    "color" : "#F2F2F2",
    "position" : {
      "x" : -73.89512,
      "y" : 43.551662,
      "z" : -63.613968
    }
  }, {
    "shape" : "8c7a6299-1c9f-4816-a4df-5b8d28f86a05",
    "color" : "#008EC2",
    "position" : {
      "x" : -15.826238,
      "y" : -14.5172205,
      "z" : 16.635256
    },
    "orientation" : 2
  }, {
    "shape" : "5032776d-b06a-4d08-9b16-99f9427a8bfa",
    "color" : "#F2F2F2",
    "position" : {
      "x" : -8.972136,
      "y" : 32.461494,
      "z" : -45.669697
    }
  }, {
    "shape" : "5032776d-b06a-4d08-9b16-99f9427a8bfa",
    "color" : "#F2F2F2",
    "position" : {
      "x" : 15.826238,
      "y" : 14.5172205,
      "z" : -16.635256
    }
  }, {
    "shape" : "8c7a6299-1c9f-4816-a4df-5b8d28f86a05",
    "color" : "#008EC2",
    "position" : {
      "x" : -60.186916,
      "y" : 43.551662,
      "z" : -63.613968
    },
    "orientation" : 26
  }, {
    "shape" : "5032776d-b06a-4d08-9b16-99f9427a8bfa",
    "color" : "#F2F2F2",
    "position" : {
      "x" : -55.95085,
      "y" : 36.69756,
      "z" : -52.5238
    }
  }, {
    "shape" : "8c7a6299-1c9f-4816-a4df-5b8d28f86a05",
    "color" : "#008EC2",
    "position" : {
      "x" : -73.89512,
      "y" : 7.663119,
      "z" : -5.545085
    },
    "orientation" : 21
  }, {
    "shape" : "5032776d-b06a-4d08-9b16-99f9427a8bfa",
    "color" : "#F2F2F2",
    "position" : {
      "x" : 96.07546,
      "y" : -7.663119,
      "z" : 5.545085
    }
  }, {
    "shape" : "8c7a6299-1c9f-4816-a4df-5b8d28f86a05",
    "color" : "#008EC2",
    "position" : {
      "x" : -55.95085,
      "y" : 36.69756,
      "z" : -52.5238
    },
    "orientation" : 41
  }, {
    "shape" : "8c7a6299-1c9f-4816-a4df-5b8d28f86a05",
    "color" : "#008EC2",
    "position" : {
      "x" : 2.118034,
      "y" : 14.5172205,
      "z" : -30.343458
    },
    "orientation" : 55
  }, {
    "shape" : "5032776d-b06a-4d08-9b16-99f9427a8bfa",
    "color" : "#F2F2F2",
    "position" : {
      "x" : 2.118034,
      "y" : -7.663119,
      "z" : 5.545085
    }
  }, {
    "shape" : "5032776d-b06a-4d08-9b16-99f9427a8bfa",
    "color" : "#F2F2F2",
    "position" : {
      "x" : -96.07546,
      "y" : 7.663119,
      "z" : -5.545085
    }
  }, {
    "shape" : "5032776d-b06a-4d08-9b16-99f9427a8bfa",
    "color" : "#F2F2F2",
    "position" : {
      "x" : 91.83939,
      "y" : -14.5172205,
      "z" : 30.343458
    }
  }, {
    "shape" : "8c7a6299-1c9f-4816-a4df-5b8d28f86a05",
    "color" : "#008EC2",
    "position" : {
      "x" : 8.972136,
      "y" : 25.607391,
      "z" : -48.28773
    },
    "orientation" : 8
  }, {
    "shape" : "5032776d-b06a-4d08-9b16-99f9427a8bfa",
    "color" : "#F2F2F2",
    "position" : {
      "x" : 2.118034,
      "y" : -43.551662,
      "z" : 63.613968
    }
  }, {
    "shape" : "8c7a6299-1c9f-4816-a4df-5b8d28f86a05",
    "color" : "#008EC2",
    "position" : {
      "x" : 20.062305,
      "y" : 7.663119,
      "z" : -5.545085
    },
    "orientation" : 26
  }, {
    "shape" : "5032776d-b06a-4d08-9b16-99f9427a8bfa",
    "color" : "#F2F2F2",
    "position" : {
      "x" : -15.826238,
      "y" : 43.551662,
      "z" : -63.613968
    }
  }, {
    "shape" : "8c7a6299-1c9f-4816-a4df-5b8d28f86a05",
    "color" : "#008EC2",
    "position" : {
      "x" : -84.98529,
      "y" : 3.427051,
      "z" : 1.309017
    },
    "orientation" : 56
  }, {
    "shape" : "8c7a6299-1c9f-4816-a4df-5b8d28f86a05",
    "color" : "#008EC2",
    "position" : {
      "x" : -38.006577,
      "y" : 43.551662,
      "z" : -77.322174
    },
    "orientation" : 8
  }, {
    "shape" : "8c7a6299-1c9f-4816-a4df-5b8d28f86a05",
    "color" : "#008EC2",
    "position" : {
      "x" : 55.95085,
      "y" : 7.663119,
      "z" : -5.545085
    },
    "orientation" : 8
  }, {
    "shape" : "8c7a6299-1c9f-4816-a4df-5b8d28f86a05",
    "color" : "#008EC2",
    "position" : {
      "x" : 31.152475,
      "y" : 3.427051,
      "z" : -12.399187
    },
    "orientation" : 0
  }, {
    "shape" : "8c7a6299-1c9f-4816-a4df-5b8d28f86a05",
    "color" : "#008EC2",
    "position" : {
      "x" : 73.89512,
      "y" : 14.5172205,
      "z" : -16.635256
    },
    "orientation" : 45
  }, {
    "shape" : "5032776d-b06a-4d08-9b16-99f9427a8bfa",
    "color" : "#F2F2F2",
    "position" : {
      "x" : 15.826238,
      "y" : -43.551662,
      "z" : 63.613968
    }
  }, {
    "shape" : "5032776d-b06a-4d08-9b16-99f9427a8bfa",
    "color" : "#F2F2F2",
    "position" : {
      "x" : 38.006577,
      "y" : 14.5172205,
      "z" : -30.343458
    }
  }, {
    "shape" : "8c7a6299-1c9f-4816-a4df-5b8d28f86a05",
    "color" : "#008EC2",
    "position" : {
      "x" : 73.89512,
      "y" : -43.551662,
      "z" : 63.613968
    },
    "orientation" : 52
  }, {
    "shape" : "5032776d-b06a-4d08-9b16-99f9427a8bfa",
    "color" : "#F2F2F2",
    "position" : {
      "x" : 2.118034,
      "y" : -21.371323,
      "z" : 41.433628
    }
  }, {
    "shape" : "8c7a6299-1c9f-4816-a4df-5b8d28f86a05",
    "color" : "#008EC2",
    "position" : {
      "x" : -49.09675,
      "y" : 39.315594,
      "z" : -70.46807
    },
    "orientation" : 23
  }, {
    "shape" : "8c7a6299-1c9f-4816-a4df-5b8d28f86a05",
    "color" : "#008EC2",
    "position" : {
      "x" : 91.83939,
      "y" : -14.5172205,
      "z" : 16.635256
    },
    "orientation" : 52
  }, {
    "shape" : "8c7a6299-1c9f-4816-a4df-5b8d28f86a05",
    "color" : "#008EC2",
    "position" : {
      "x" : 20.062305,
      "y" : 21.371323,
      "z" : -41.433628
    },
    "orientation" : 40
  }, {
    "shape" : "5032776d-b06a-4d08-9b16-99f9427a8bfa",
    "color" : "#F2F2F2",
    "position" : {
      "x" : -96.07546,
      "y" : 21.371323,
      "z" : -41.433628
    }
  }, {
    "shape" : "8c7a6299-1c9f-4816-a4df-5b8d28f86a05",
    "color" : "#008EC2",
    "position" : {
      "x" : 67.04102,
      "y" : -32.461494,
      "z" : 45.669697
    },
    "orientation" : 8
  }, {
    "shape" : "8c7a6299-1c9f-4816-a4df-5b8d28f86a05",
    "color" : "#008EC2",
    "position" : {
      "x" : -55.95085,
      "y" : -7.663119,
      "z" : 5.545085
    },
    "orientation" : 11
  }, {
    "shape" : "5032776d-b06a-4d08-9b16-99f9427a8bfa",
    "color" : "#F2F2F2",
    "position" : {
      "x" : -8.972136,
      "y" : -25.607391,
      "z" : 48.28773
    }
  }, {
    "shape" : "5032776d-b06a-4d08-9b16-99f9427a8bfa",
    "color" : "#F2F2F2",
    "position" : {
      "x" : -78.13119,
      "y" : 14.5172205,
      "z" : -30.343458
    }
  }, {
    "shape" : "8c7a6299-1c9f-4816-a4df-5b8d28f86a05",
    "color" : "#008EC2",
    "position" : {
      "x" : -78.13119,
      "y" : 14.5172205,
      "z" : -30.343458
    },
    "orientation" : 2
  }, {
    "shape" : "8c7a6299-1c9f-4816-a4df-5b8d28f86a05",
    "color" : "#008EC2",
    "position" : {
      "x" : 78.13119,
      "y" : -14.5172205,
      "z" : 16.635256
    },
    "orientation" : 2
  }, {
    "shape" : "5032776d-b06a-4d08-9b16-99f9427a8bfa",
    "color" : "#F2F2F2",
    "position" : {
      "x" : 60.186916,
      "y" : 14.5172205,
      "z" : -16.635256
    }
  }, {
    "shape" : "8c7a6299-1c9f-4816-a4df-5b8d28f86a05",
    "color" : "#008EC2",
    "position" : {
      "x" : 55.95085,
      "y" : -36.69756,
      "z" : 52.5238
    },
    "orientation" : 37
  }, {
    "shape" : "8c7a6299-1c9f-4816-a4df-5b8d28f86a05",
    "color" : "#008EC2",
    "position" : {
      "x" : 8.972136,
      "y" : 3.427051,
      "z" : 1.309017
    },
    "orientation" : 56
  }, {
    "shape" : "8c7a6299-1c9f-4816-a4df-5b8d28f86a05",
    "color" : "#008EC2",
    "position" : {
      "x" : -26.916409,
      "y" : 39.315594,
      "z" : -70.46807
    },
    "orientation" : 11
  }, {
    "shape" : "5032776d-b06a-4d08-9b16-99f9427a8bfa",
    "color" : "#F2F2F2",
    "position" : {
      "x" : -73.89512,
      "y" : -14.5172205,
      "z" : 16.635256
    }
  }, {
    "shape" : "8c7a6299-1c9f-4816-a4df-5b8d28f86a05",
    "color" : "#008EC2",
    "position" : {
      "x" : 2.118034,
      "y" : 36.69756,
      "z" : -52.5238
    },
    "orientation" : 21
  }, {
    "shape" : "5032776d-b06a-4d08-9b16-99f9427a8bfa",
    "color" : "#F2F2F2",
    "position" : {
      "x" : -60.186916,
      "y" : -14.5172205,
      "z" : 16.635256
    }
  }, {
    "shape" : "8c7a6299-1c9f-4816-a4df-5b8d28f86a05",
    "color" : "#008EC2",
    "position" : {
      "x" : 73.89512,
      "y" : -21.371323,
      "z" : 41.433628
    },
    "orientation" : 39
  }, {
    "shape" : "5032776d-b06a-4d08-9b16-99f9427a8bfa",
    "color" : "#F2F2F2",
    "position" : {
      "x" : 8.972136,
      "y" : -32.461494,
      "z" : 45.669697
    }
  }, {
    "shape" : "5032776d-b06a-4d08-9b16-99f9427a8bfa",
    "color" : "#F2F2F2",
    "position" : {
      "x" : -31.152475,
      "y" : -3.427051,
      "z" : 12.399187
    }
  }, {
    "shape" : "8c7a6299-1c9f-4816-a4df-5b8d28f86a05",
    "color" : "#008EC2",
    "position" : {
      "x" : 8.972136,
      "y" : -32.461494,
      "z" : 45.669697
    },
    "orientation" : 54
  }, {
    "shape" : "5032776d-b06a-4d08-9b16-99f9427a8bfa",
    "color" : "#F2F2F2",
    "position" : {
      "x" : 78.13119,
      "y" : -36.69756,
      "z" : 52.5238
    }
  }, {
    "shape" : "8c7a6299-1c9f-4816-a4df-5b8d28f86a05",
    "color" : "#008EC2",
    "position" : {
      "x" : -8.972136,
      "y" : -25.607391,
      "z" : 48.28773
    },
    "orientation" : 21
  }, {
    "shape" : "5032776d-b06a-4d08-9b16-99f9427a8bfa",
    "color" : "#F2F2F2",
    "position" : {
      "x" : 8.972136,
      "y" : 25.607391,
      "z" : -48.28773
    }
  }, {
    "shape" : "8c7a6299-1c9f-4816-a4df-5b8d28f86a05",
    "color" : "#008EC2",
    "position" : {
      "x" : -49.09675,
      "y" : -10.281153,
      "z" : 23.489357
    },
    "orientation" : 53
  }, {
    "shape" : "8c7a6299-1c9f-4816-a4df-5b8d28f86a05",
    "color" : "#008EC2",
    "position" : {
      "x" : 26.916409,
      "y" : 10.281153,
      "z" : -23.489357
    },
    "orientation" : 38
  }, {
    "shape" : "5032776d-b06a-4d08-9b16-99f9427a8bfa",
    "color" : "#F2F2F2",
    "position" : {
      "x" : 2.118034,
      "y" : 14.5172205,
      "z" : -16.635256
    }
  }, {
    "shape" : "8c7a6299-1c9f-4816-a4df-5b8d28f86a05",
    "color" : "#008EC2",
    "position" : {
      "x" : 2.118034,
      "y" : -7.663119,
      "z" : 5.545085
    },
    "orientation" : 56
  }, {
    "shape" : "8c7a6299-1c9f-4816-a4df-5b8d28f86a05",
    "color" : "#008EC2",
    "position" : {
      "x" : 31.152475,
      "y" : -32.461494,
      "z" : 59.3779
    },
    "orientation" : 53
  }, {
    "shape" : "8c7a6299-1c9f-4816-a4df-5b8d28f86a05",
    "color" : "#008EC2",
    "position" : {
      "x" : -20.062305,
      "y" : -21.371323,
      "z" : 41.433628
    },
    "orientation" : 8
  }, {
    "shape" : "5032776d-b06a-4d08-9b16-99f9427a8bfa",
    "color" : "#F2F2F2",
    "position" : {
      "x" : -78.13119,
      "y" : -7.663119,
      "z" : 5.545085
    }
  }, {
    "shape" : "8c7a6299-1c9f-4816-a4df-5b8d28f86a05",
    "color" : "#008EC2",
    "position" : {
      "x" : -84.98529,
      "y" : 25.607391,
      "z" : -48.28773
    },
    "orientation" : 6
  }, {
    "shape" : "5032776d-b06a-4d08-9b16-99f9427a8bfa",
    "color" : "#F2F2F2",
    "position" : {
      "x" : -55.95085,
      "y" : -7.663119,
      "z" : 5.545085
    }
  }, {
    "shape" : "8c7a6299-1c9f-4816-a4df-5b8d28f86a05",
    "color" : "#008EC2",
    "position" : {
      "x" : 78.13119,
      "y" : -14.5172205,
      "z" : 30.343458
    },
    "orientation" : 40
  }, {
    "shape" : "8c7a6299-1c9f-4816-a4df-5b8d28f86a05",
    "color" : "#008EC2",
    "position" : {
      "x" : -91.83939,
      "y" : 14.5172205,
      "z" : -16.635256
    },
    "orientation" : 47
  }, {
    "shape" : "5032776d-b06a-4d08-9b16-99f9427a8bfa",
    "color" : "#F2F2F2",
    "position" : {
      "x" : -15.826238,
      "y" : -14.5172205,
      "z" : 16.635256
    }
  }, {
    "shape" : "8c7a6299-1c9f-4816-a4df-5b8d28f86a05",
    "color" : "#008EC2",
    "position" : {
      "x" : -91.83939,
      "y" : 14.5172205,
      "z" : -30.343458
    },
    "orientation" : 55
  }, {
    "shape" : "8c7a6299-1c9f-4816-a4df-5b8d28f86a05",
    "color" : "#008EC2",
    "position" : {
      "x" : 26.916409,
      "y" : -39.315594,
      "z" : 70.46807
    },
    "orientation" : 8
  }, {
    "shape" : "8c7a6299-1c9f-4816-a4df-5b8d28f86a05",
    "color" : "#008EC2",
    "position" : {
      "x" : -78.13119,
      "y" : 14.5172205,
      "z" : -16.635256
    },
    "orientation" : 37
  }, {
    "shape" : "8c7a6299-1c9f-4816-a4df-5b8d28f86a05",
    "color" : "#008EC2",
    "position" : {
      "x" : 20.062305,
      "y" : 7.663119,
      "z" : -5.545085
    },
    "orientation" : 55
  }, {
    "shape" : "8c7a6299-1c9f-4816-a4df-5b8d28f86a05",
    "color" : "#008EC2",
    "position" : {
      "x" : -2.118034,
      "y" : 43.551662,
      "z" : -63.613968
    },
    "orientation" : 37
  }, {
    "shape" : "8c7a6299-1c9f-4816-a4df-5b8d28f86a05",
