{
  "polygons" : "true",
  "field" : "golden",
  "symmetry" : "icosahedral",
  "orientations" : [ [ 1.0, 0.0, 0.0, 0.0, 0.0, 1.0, 0.0, 0.0, 0.0, 0.0, 1.0, 0.0, 0.0, 0.0, 0.0, 1.0 ], [ 0.0, 0.0, 1.0, 0.0, 1.0, 0.0, 0.0, 0.0, 0.0, 1.0, 0.0, 0.0, 0.0, 0.0, 0.0, 1.0 ], [ 0.0, 1.0, 0.0, 0.0, 0.0, 0.0, 1.0, 0.0, 1.0, 0.0, 0.0, 0.0, 0.0, 0.0, 0.0, 1.0 ], [ 0.809017, 0.309017, 0.5, 0.0, 0.309017, 0.5, -0.809017, 0.0, -0.5, 0.809017, 0.309017, 0.0, 0.0, 0.0, 0.0, 1.0 ], [ -0.5, 0.809017, 0.309017, 0.0, 0.809017, 0.309017, 0.5, 0.0, 0.309017, 0.5, -0.809017, 0.0, 0.0, 0.0, 0.0, 1.0 ], [ 0.309017, 0.5, -0.809017, 0.0, -0.5, 0.809017, 0.309017, 0.0, 0.809017, 0.309017, 0.5, 0.0, 0.0, 0.0, 0.0, 1.0 ], [ 0.5, 0.809017, 0.309017, 0.0, 0.809017, -0.309017, -0.5, 0.0, -0.309017, 0.5, -0.809017, 0.0, 0.0, 0.0, 0.0, 1.0 ], [ -0.309017, 0.5, -0.809017, 0.0, 0.5, 0.809017, 0.309017, 0.0, 0.809017, -0.309017, -0.5, 0.0, 0.0, 0.0, 0.0, 1.0 ], [ 0.809017, -0.309017, -0.5, 0.0, -0.309017, 0.5, -0.809017, 0.0, 0.5, 0.809017, 0.309017, 0.0, 0.0, 0.0, 0.0, 1.0 ], [ 0.5, 0.809017, -0.309017, 0.0, 0.809017, -0.309017, 0.5, 0.0, 0.309017, -0.5, -0.809017, 0.0, 0.0, 0.0, 0.0, 1.0 ], [ 0.309017, -0.5, -0.809017, 0.0, 0.5, 0.809017, -0.309017, 0.0, 0.809017, -0.309017, 0.5, 0.0, 0.0, 0.0, 0.0, 1.0 ], [ 0.809017, -0.309017, 0.5, 0.0, 0.309017, -0.5, -0.809017, 0.0, 0.5, 0.809017, -0.309017, 0.0, 0.0, 0.0, 0.0, 1.0 ], [ 0.809017, 0.309017, -0.5, 0.0, 0.309017, 0.5, 0.809017, 0.0, 0.5, -0.809017, 0.309017, 0.0, 0.0, 0.0, 0.0, 1.0 ], [ 0.5, -0.809017, 0.309017, 0.0, 0.809017, 0.309017, -0.5, 0.0, 0.309017, 0.5, 0.809017, 0.0, 0.0, 0.0, 0.0, 1.0 ], [ 0.309017, 0.5, 0.809017, 0.0, 0.5, -0.809017, 0.309017, 0.0, 0.809017, 0.309017, -0.5, 0.0, 0.0, 0.0, 0.0, 1.0 ], [ 1.0, 0.0, 0.0, 0.0, 0.0, -1.0, 0.0, 0.0, 0.0, 0.0, -1.0, 0.0, 0.0, 0.0, 0.0, 1.0 ], [ 0.0, 0.0, 1.0, 0.0, -1.0, 0.0, 0.0, 0.0, 0.0, -1.0, 0.0, 0.0, 0.0, 0.0, 0.0, 1.0 ], [ 0.0, 1.0, 0.0, 0.0, 0.0, 0.0, -1.0, 0.0, -1.0, 0.0, 0.0, 0.0, 0.0, 0.0, 0.0, 1.0 ], [ 0.809017, 0.309017, 0.5, 0.0, -0.309017, -0.5, 0.809017, 0.0, 0.5, -0.809017, -0.309017, 0.0, 0.0, 0.0, 0.0, 1.0 ], [ -0.5, 0.809017, 0.309017, 0.0, -0.809017, -0.309017, -0.5, 0.0, -0.309017, -0.5, 0.809017, 0.0, 0.0, 0.0, 0.0, 1.0 ], [ 0.309017, 0.5, -0.809017, 0.0, 0.5, -0.809017, -0.309017, 0.0, -0.809017, -0.309017, -0.5, 0.0, 0.0, 0.0, 0.0, 1.0 ], [ 0.5, 0.809017, 0.309017, 0.0, -0.809017, 0.309017, 0.5, 0.0, 0.309017, -0.5, 0.809017, 0.0, 0.0, 0.0, 0.0, 1.0 ], [ -0.309017, 0.5, -0.809017, 0.0, -0.5, -0.809017, -0.309017, 0.0, -0.809017, 0.309017, 0.5, 0.0, 0.0, 0.0, 0.0, 1.0 ], [ 0.809017, -0.309017, -0.5, 0.0, 0.309017, -0.5, 0.809017, 0.0, -0.5, -0.809017, -0.309017, 0.0, 0.0, 0.0, 0.0, 1.0 ], [ 0.5, 0.809017, -0.309017, 0.0, -0.809017, 0.309017, -0.5, 0.0, -0.309017, 0.5, 0.809017, 0.0, 0.0, 0.0, 0.0, 1.0 ], [ 0.309017, -0.5, -0.809017, 0.0, -0.5, -0.809017, 0.309017, 0.0, -0.809017, 0.309017, -0.5, 0.0, 0.0, 0.0, 0.0, 1.0 ], [ 0.809017, -0.309017, 0.5, 0.0, -0.309017, 0.5, 0.809017, 0.0, -0.5, -0.809017, 0.309017, 0.0, 0.0, 0.0, 0.0, 1.0 ], [ 0.809017, 0.309017, -0.5, 0.0, -0.309017, -0.5, -0.809017, 0.0, -0.5, 0.809017, -0.309017, 0.0, 0.0, 0.0, 0.0, 1.0 ], [ 0.5, -0.809017, 0.309017, 0.0, -0.809017, -0.309017, 0.5, 0.0, -0.309017, -0.5, -0.809017, 0.0, 0.0, 0.0, 0.0, 1.0 ], [ 0.309017, 0.5, 0.809017, 0.0, -0.5, 0.809017, -0.309017, 0.0, -0.809017, -0.309017, 0.5, 0.0, 0.0, 0.0, 0.0, 1.0 ], [ -1.0, 0.0, 0.0, 0.0, 0.0, -1.0, 0.0, 0.0, 0.0, 0.0, 1.0, 0.0, 0.0, 0.0, 0.0, 1.0 ], [ 0.0, 0.0, -1.0, 0.0, -1.0, 0.0, 0.0, 0.0, 0.0, 1.0, 0.0, 0.0, 0.0, 0.0, 0.0, 1.0 ], [ 0.0, -1.0, 0.0, 0.0, 0.0, 0.0, -1.0, 0.0, 1.0, 0.0, 0.0, 0.0, 0.0, 0.0, 0.0, 1.0 ], [ -0.809017, -0.309017, -0.5, 0.0, -0.309017, -0.5, 0.809017, 0.0, -0.5, 0.809017, 0.309017, 0.0, 0.0, 0.0, 0.0, 1.0 ], [ 0.5, -0.809017, -0.309017, 0.0, -0.809017, -0.309017, -0.5, 0.0, 0.309017, 0.5, -0.809017, 0.0, 0.0, 0.0, 0.0, 1.0 ], [ -0.309017, -0.5, 0.809017, 0.0, 0.5, -0.809017, -0.309017, 0.0, 0.809017, 0.309017, 0.5, 0.0, 0.0, 0.0, 0.0, 1.0 ], [ -0.5, -0.809017, -0.309017, 0.0, -0.809017, 0.309017, 0.5, 0.0, -0.309017, 0.5, -0.809017, 0.0, 0.0, 0.0, 0.0, 1.0 ], [ 0.309017, -0.5, 0.809017, 0.0, -0.5, -0.809017, -0.309017, 0.0, 0.809017, -0.309017, -0.5, 0.0, 0.0, 0.0, 0.0, 1.0 ], [ -0.809017, 0.309017, 0.5, 0.0, 0.309017, -0.5, 0.809017, 0.0, 0.5, 0.809017, 0.309017, 0.0, 0.0, 0.0, 0.0, 1.0 ], [ -0.5, -0.809017, 0.309017, 0.0, -0.809017, 0.309017, -0.5, 0.0, 0.309017, -0.5, -0.809017, 0.0, 0.0, 0.0, 0.0, 1.0 ], [ -0.309017, 0.5, 0.809017, 0.0, -0.5, -0.809017, 0.309017, 0.0, 0.809017, -0.309017, 0.5, 0.0, 0.0, 0.0, 0.0, 1.0 ], [ -0.809017, 0.309017, -0.5, 0.0, -0.309017, 0.5, 0.809017, 0.0, 0.5, 0.809017, -0.309017, 0.0, 0.0, 0.0, 0.0, 1.0 ], [ -0.809017, -0.309017, 0.5, 0.0, -0.309017, -0.5, -0.809017, 0.0, 0.5, -0.809017, 0.309017, 0.0, 0.0, 0.0, 0.0, 1.0 ], [ -0.5, 0.809017, -0.309017, 0.0, -0.809017, -0.309017, 0.5, 0.0, 0.309017, 0.5, 0.809017, 0.0, 0.0, 0.0, 0.0, 1.0 ], [ -0.309017, -0.5, -0.809017, 0.0, -0.5, 0.809017, -0.309017, 0.0, 0.809017, 0.309017, -0.5, 0.0, 0.0, 0.0, 0.0, 1.0 ], [ -1.0, 0.0, 0.0, 0.0, 0.0, 1.0, 0.0, 0.0, 0.0, 0.0, -1.0, 0.0, 0.0, 0.0, 0.0, 1.0 ], [ 0.0, 0.0, -1.0, 0.0, 1.0, 0.0, 0.0, 0.0, 0.0, -1.0, 0.0, 0.0, 0.0, 0.0, 0.0, 1.0 ], [ 0.0, -1.0, 0.0, 0.0, 0.0, 0.0, 1.0, 0.0, -1.0, 0.0, 0.0, 0.0, 0.0, 0.0, 0.0, 1.0 ], [ -0.809017, -0.309017, -0.5, 0.0, 0.309017, 0.5, -0.809017, 0.0, 0.5, -0.809017, -0.309017, 0.0, 0.0, 0.0, 0.0, 1.0 ], [ 0.5, -0.809017, -0.309017, 0.0, 0.809017, 0.309017, 0.5, 0.0, -0.309017, -0.5, 0.809017, 0.0, 0.0, 0.0, 0.0, 1.0 ], [ -0.309017, -0.5, 0.809017, 0.0, -0.5, 0.809017, 0.309017, 0.0, -0.809017, -0.309017, -0.5, 0.0, 0.0, 0.0, 0.0, 1.0 ], [ -0.5, -0.809017, -0.309017, 0.0, 0.809017, -0.309017, -0.5, 0.0, 0.309017, -0.5, 0.809017, 0.0, 0.0, 0.0, 0.0, 1.0 ], [ 0.309017, -0.5, 0.809017, 0.0, 0.5, 0.809017, 0.309017, 0.0, -0.809017, 0.309017, 0.5, 0.0, 0.0, 0.0, 0.0, 1.0 ], [ -0.809017, 0.309017, 0.5, 0.0, -0.309017, 0.5, -0.809017, 0.0, -0.5, -0.809017, -0.309017, 0.0, 0.0, 0.0, 0.0, 1.0 ], [ -0.5, -0.809017, 0.309017, 0.0, 0.809017, -0.309017, 0.5, 0.0, -0.309017, 0.5, 0.809017, 0.0, 0.0, 0.0, 0.0, 1.0 ], [ -0.309017, 0.5, 0.809017, 0.0, 0.5, 0.809017, -0.309017, 0.0, -0.809017, 0.309017, -0.5, 0.0, 0.0, 0.0, 0.0, 1.0 ], [ -0.809017, 0.309017, -0.5, 0.0, 0.309017, -0.5, -0.809017, 0.0, -0.5, -0.809017, 0.309017, 0.0, 0.0, 0.0, 0.0, 1.0 ], [ -0.809017, -0.309017, 0.5, 0.0, 0.309017, 0.5, 0.809017, 0.0, -0.5, 0.809017, -0.309017, 0.0, 0.0, 0.0, 0.0, 1.0 ], [ -0.5, 0.809017, -0.309017, 0.0, 0.809017, 0.309017, -0.5, 0.0, -0.309017, -0.5, -0.809017, 0.0, 0.0, 0.0, 0.0, 1.0 ], [ -0.309017, -0.5, -0.809017, 0.0, 0.5, -0.809017, 0.309017, 0.0, -0.809017, -0.309017, 0.5, 0.0, 0.0, 0.0, 0.0, 1.0 ] ],
  "lights" : {
    "directionalLights" : [ {
      "direction" : [ 1.0, -1.0, -1.0 ],
      "color" : "#EBEBE4"
    }, {
      "direction" : [ -1.0, 0.0, 0.0 ],
      "color" : "#E4E4EB"
    }, {
      "direction" : [ 0.0, 0.0, -1.0 ],
      "color" : "#1E1E1E"
    } ],
    "ambientColor" : "#292929",
    "backgroundColor" : "#AFC8DC"
  },
  "camera" : {
    "width" : 71.54824,
    "position" : {
      "x" : 91.79642,
      "y" : 91.79642,
      "z" : -91.79642
    },
    "stereo" : false,
    "perspective" : true,
    "lookAtPointRV" : {
      "x" : 0.0,
      "y" : 0.0,
      "z" : 0.0,
      "zero" : true
    },
    "fieldOfView" : 0.44262895,
    "viewDistance" : 158.99606,
    "upDirectionRV" : {
      "x" : -0.5720614,
      "y" : -0.218508,
      "z" : -0.7905694,
      "zero" : false
    },
    "lookDirectionRV" : {
      "x" : -0.57735026,
      "y" : -0.57735026,
      "z" : 0.57735026,
      "zero" : false
    },
    "lookAtPoint" : {
      "x" : 0.0,
      "y" : 0.0,
      "z" : 0.0
    },
    "upDirection" : {
      "x" : -0.5720614,
      "y" : -0.218508,
      "z" : -0.7905694
    },
    "farClipDistance" : 317.9921,
    "lookDirection" : {
      "x" : -0.57735026,
      "y" : -0.57735026,
      "z" : 0.57735026
    },
    "nearClipDistance" : 0.3974903
  },
  "embedding" : [ 1.0, 0.0, 0.0, 0.0, 0.0, 1.0, 0.0, 0.0, 0.0, 0.0, 1.0, 0.0, 0.0, 0.0, 0.0, 1.0 ],
  "shapes" : [ {
    "id" : "cf660545-b9a6-49fd-9888-2749492a8580",
    "orbit" : "blue",
    "orbitC" : "[[0,0,1],[0,0,1]]",
    "length" : "[1,0,1]",
    "name" : "b1",
    "vertices" : [ {
      "x" : 7.472136,
      "y" : 0.309017,
      "z" : 0.19098301
    }, {
      "x" : 7.472136,
      "y" : 0.309017,
      "z" : -0.19098301
    }, {
      "x" : 1.0,
      "y" : 0.309017,
      "z" : -0.19098301
    }, {
      "x" : 1.0,
      "y" : 0.309017,
      "z" : 0.19098301
    }, {
      "x" : 7.472136,
      "y" : -0.309017,
      "z" : 0.19098301
    }, {
      "x" : 1.0,
      "y" : -0.309017,
      "z" : 0.19098301
    }, {
      "x" : 1.0,
      "y" : -0.309017,
      "z" : -0.19098301
    }, {
      "x" : 7.472136,
      "y" : -0.309017,
      "z" : -0.19098301
    }, {
      "x" : 8.472136,
      "y" : 0.0,
      "z" : 0.0
    } ],
    "faces" : [ {
      "vertices" : [ 1, 7, 6, 2 ]
    }, {
      "vertices" : [ 0, 1, 2, 3 ]
    }, {
      "vertices" : [ 4, 5, 6, 7 ]
    }, {
      "vertices" : [ 0, 3, 5, 4 ]
    } ]
  }, {
    "id" : "42839c8e-7099-46b3-97af-d273b65827d2",
    "name" : "ball",
    "vertices" : [ {
      "x" : 0.309017,
      "y" : -0.809017,
      "z" : 0.618034
    }, {
      "x" : 0.809017,
      "y" : -0.618034,
      "z" : 0.309017
    }, {
      "x" : 0.618034,
      "y" : -0.309017,
      "z" : 0.809017
    }, {
      "x" : 1.0,
      "y" : 0.309017,
      "z" : 0.19098301
    }, {
      "x" : 0.809017,
      "y" : 0.618034,
      "z" : 0.309017
    }, {
      "x" : 0.618034,
      "y" : 0.309017,
      "z" : 0.809017
    }, {
      "x" : 0.809017,
      "y" : 0.0,
      "z" : 0.690983
    }, {
      "x" : 0.19098301,
      "y" : -1.0,
      "z" : 0.309017
    }, {
      "x" : -0.19098301,
      "y" : -1.0,
      "z" : 0.309017
    }, {
      "x" : -0.19098301,
      "y" : -1.0,
      "z" : -0.309017
    }, {
      "x" : 0.19098301,
      "y" : -1.0,
      "z" : -0.309017
    }, {
      "x" : 1.0,
      "y" : -0.309017,
      "z" : -0.19098301
    }, {
      "x" : 0.809017,
      "y" : -0.618034,
      "z" : -0.309017
    }, {
      "x" : 0.618034,
      "y" : -0.309017,
      "z" : -0.809017
    }, {
      "x" : 0.809017,
      "y" : 0.0,
      "z" : -0.690983
    }, {
      "x" : 0.0,
      "y" : 0.690983,
      "z" : -0.809017
    }, {
      "x" : 0.309017,
      "y" : 0.809017,
      "z" : -0.618034
    }, {
      "x" : 0.618034,
      "y" : 0.309017,
      "z" : -0.809017
    }, {
      "x" : 0.309017,
      "y" : 0.19098301,
      "z" : -1.0
    }, {
      "x" : 1.0,
      "y" : 0.309017,
      "z" : -0.19098301
    }, {
      "x" : -0.309017,
      "y" : -0.809017,
      "z" : 0.618034
    }, {
      "x" : 0.0,
      "y" : -0.690983,
      "z" : 0.809017
    }, {
      "x" : 0.809017,
      "y" : 0.618034,
      "z" : -0.309017
    }, {
      "x" : 0.690983,
      "y" : 0.809017,
      "z" : 0.0
    }, {
      "x" : -0.690983,
      "y" : 0.809017,
      "z" : 0.0
    }, {
      "x" : -0.809017,
      "y" : 0.618034,
      "z" : 0.309017
    }, {
      "x" : -0.309017,
      "y" : 0.809017,
      "z" : 0.618034
    }, {
      "x" : -0.19098301,
      "y" : 1.0,
      "z" : 0.309017
    }, {
      "x" : 0.309017,
      "y" : -0.19098301,
      "z" : -1.0
    }, {
      "x" : 0.19098301,
      "y" : 1.0,
      "z" : 0.309017
    }, {
      "x" : 0.309017,
      "y" : 0.809017,
      "z" : 0.618034
    }, {
      "x" : -0.809017,
      "y" : -0.618034,
      "z" : 0.309017
    }, {
      "x" : -0.690983,
      "y" : -0.809017,
      "z" : 0.0
    }, {
      "x" : 0.0,
      "y" : 0.690983,
      "z" : 0.809017
    }, {
      "x" : 0.309017,
      "y" : -0.809017,
      "z" : -0.618034
    }, {
      "x" : 0.0,
      "y" : -0.690983,
      "z" : -0.809017
    }, {
      "x" : -1.0,
      "y" : 0.309017,
      "z" : 0.19098301
    }, {
      "x" : -0.809017,
      "y" : 0.0,
      "z" : 0.690983
    }, {
      "x" : -0.618034,
      "y" : 0.309017,
      "z" : 0.809017
    }, {
      "x" : 1.0,
      "y" : -0.309017,
      "z" : 0.19098301
    }, {
      "x" : -0.309017,
      "y" : -0.809017,
      "z" : -0.618034
    }, {
      "x" : -1.0,
      "y" : 0.309017,
      "z" : -0.19098301
    }, {
      "x" : -1.0,
      "y" : -0.309017,
      "z" : -0.19098301
    }, {
      "x" : -1.0,
      "y" : -0.309017,
      "z" : 0.19098301
    }, {
      "x" : 0.19098301,
      "y" : 1.0,
      "z" : -0.309017
    }, {
      "x" : -0.809017,
      "y" : 0.618034,
      "z" : -0.309017
    }, {
      "x" : -0.19098301,
      "y" : 1.0,
      "z" : -0.309017
    }, {
      "x" : -0.309017,
      "y" : 0.809017,
      "z" : -0.618034
    }, {
      "x" : -0.618034,
      "y" : -0.309017,
      "z" : 0.809017
    }, {
      "x" : 0.309017,
      "y" : 0.19098301,
      "z" : 1.0
    }, {
      "x" : -0.309017,
      "y" : 0.19098301,
      "z" : -1.0
    }, {
      "x" : -0.309017,
      "y" : 0.19098301,
      "z" : 1.0
    }, {
      "x" : -0.309017,
      "y" : -0.19098301,
      "z" : 1.0
    }, {
      "x" : 0.309017,
      "y" : -0.19098301,
      "z" : 1.0
    }, {
      "x" : 0.690983,
      "y" : -0.809017,
      "z" : 0.0
    }, {
      "x" : -0.809017,
      "y" : 0.0,
      "z" : -0.690983
    }, {
      "x" : -0.618034,
      "y" : -0.309017,
      "z" : -0.809017
    }, {
      "x" : -0.309017,
      "y" : -0.19098301,
      "z" : -1.0
    }, {
      "x" : -0.618034,
      "y" : 0.309017,
      "z" : -0.809017
    }, {
      "x" : -0.809017,
      "y" : -0.618034,
      "z" : -0.309017
    } ],
    "faces" : [ {
      "vertices" : [ 9, 40, 35, 34, 10 ]
    }, {
      "vertices" : [ 0, 1, 2 ]
    }, {
      "vertices" : [ 33, 51, 49 ]
    }, {
      "vertices" : [ 25, 36, 37, 38 ]
    }, {
      "vertices" : [ 41, 55, 42 ]
    }, {
      "vertices" : [ 9, 32, 59, 40 ]
    }, {
      "vertices" : [ 20, 21, 52, 48 ]
    }, {
      "vertices" : [ 26, 33, 30, 29, 27 ]
    }, {
      "vertices" : [ 3, 4, 5, 6 ]
    }, {
      "vertices" : [ 27, 29, 44, 46 ]
    }, {
      "vertices" : [ 50, 57, 56, 55, 58 ]
    }, {
      "vertices" : [ 26, 38, 51, 33 ]
    }, {
      "vertices" : [ 45, 47, 58 ]
    }, {
      "vertices" : [ 18, 28, 57, 50 ]
    }, {
      "vertices" : [ 40, 59, 56 ]
    }, {
      "vertices" : [ 31, 48, 37, 43 ]
    }, {
      "vertices" : [ 7, 8, 9, 10 ]
    }, {
      "vertices" : [ 36, 41, 42, 43 ]
    }, {
      "vertices" : [ 24, 46, 47, 45 ]
    }, {
      "vertices" : [ 4, 30, 5 ]
    }, {
      "vertices" : [ 15, 47, 46, 44, 16 ]
    }, {
      "vertices" : [ 15, 50, 58, 47 ]
    }, {
      "vertices" : [ 24, 45, 41, 36, 25 ]
    }, {
      "vertices" : [ 11, 14, 19 ]
    }, {
      "vertices" : [ 3, 6, 39 ]
    }, {
      "vertices" : [ 1, 39, 6, 2 ]
    }, {
      "vertices" : [ 8, 32, 9 ]
    }, {
      "vertices" : [ 11, 12, 13, 14 ]
    }, {
      "vertices" : [ 16, 22, 17 ]
    }, {
      "vertices" : [ 0, 21, 20, 8, 7 ]
    }, {
      "vertices" : [ 12, 34, 13 ]
    }, {
      "vertices" : [ 35, 40, 56, 57 ]
    }, {
      "vertices" : [ 0, 7, 54, 1 ]
    }, {
      "vertices" : [ 15, 16, 17, 18 ]
    }, {
      "vertices" : [ 3, 19, 22, 23, 4 ]
    }, {
      "vertices" : [ 7, 10, 54 ]
    }, {
      "vertices" : [ 41, 45, 58, 55 ]
    }, {
      "vertices" : [ 3, 39, 11, 19 ]
    }, {
      "vertices" : [ 14, 17, 22, 19 ]
    }, {
      "vertices" : [ 0, 2, 53, 21 ]
    }, {
      "vertices" : [ 49, 51, 52, 53 ]
    }, {
      "vertices" : [ 31, 43, 42, 59, 32 ]
    }, {
      "vertices" : [ 15, 18, 50 ]
    }, {
      "vertices" : [ 42, 55, 56, 59 ]
    }, {
      "vertices" : [ 4, 23, 29, 30 ]
    }, {
      "vertices" : [ 25, 38, 26 ]
    }, {
      "vertices" : [ 13, 28, 18, 17, 14 ]
    }, {
      "vertices" : [ 8, 20, 31, 32 ]
    }, {
      "vertices" : [ 23, 44, 29 ]
    }, {
      "vertices" : [ 24, 27, 46 ]
    }, {
      "vertices" : [ 37, 48, 52, 51, 38 ]
    }, {
      "vertices" : [ 20, 48, 31 ]
    }, {
      "vertices" : [ 24, 25, 26, 27 ]
    }, {
      "vertices" : [ 16, 44, 23, 22 ]
    }, {
      "vertices" : [ 13, 34, 35, 28 ]
    }, {
      "vertices" : [ 10, 34, 12, 54 ]
    }, {
      "vertices" : [ 2, 6, 5, 49, 53 ]
    }, {
      "vertices" : [ 36, 43, 37 ]
    }, {
      "vertices" : [ 5, 30, 33, 49 ]
    }, {
      "vertices" : [ 1, 54, 12, 11, 39 ]
    }, {
      "vertices" : [ 28, 35, 57 ]
    }, {
      "vertices" : [ 21, 53, 52 ]
    } ]
  }, {
    "id" : "499a7ec8-c1e6-4745-a4da-0d1177f0c898",
    "orbit" : "purple",
    "orbitC" : "[[2,-1,1],[0,0,1]]",
    "length" : "[2,0,3]",
    "name" : " :2/3",
    "vertices" : [ {
      "x" : 0.690983,
      "y" : 0.809017,
      "z" : 0.0
    }, {
      "x" : 0.809017,
      "y" : 0.618034,
      "z" : -0.309017
    }, {
      "x" : 0.809017,
      "y" : 0.618034,
      "z" : 0.309017
    }, {
      "x" : 1.0,
      "y" : 0.309017,
      "z" : -0.19098301
    }, {
      "x" : 1.0,
      "y" : 0.309017,
      "z" : 0.19098301
    }, {
      "x" : 1.618034,
      "y" : 0.42705098,
      "z" : -0.309017
    }, {
      "x" : 1.618034,
      "y" : 0.42705098,
      "z" : 0.309017
    }, {
      "x" : 1.618034,
      "y" : 0.809017,
      "z" : -0.309017
    }, {
      "x" : 1.618034,
      "y" : 0.809017,
      "z" : 0.309017
    }, {
      "x" : 2.9513674,
      "y" : 0.936339,
      "z" : -0.309017
    }, {
      "x" : 2.9513674,
      "y" : 0.936339,
      "z" : 0.309017
    }, {
      "x" : 2.9513674,
      "y" : 1.318305,
      "z" : -0.309017
    }, {
      "x" : 2.9513674,
      "y" : 1.318305,
      "z" : 0.309017
    }, {
      "x" : 3.5694013,
      "y" : 1.436339,
      "z" : -0.19098301
    }, {
      "x" : 3.5694013,
      "y" : 1.436339,
      "z" : 0.19098301
    }, {
      "x" : 3.7603843,
      "y" : 1.127322,
      "z" : -0.309017
    }, {
      "x" : 3.7603843,
      "y" : 1.127322,
      "z" : 0.309017
    }, {
      "x" : 3.8784182,
      "y" : 0.936339,
      "z" : 0.0
    }, {
      "x" : 4.5694013,
      "y" : 1.745356,
      "z" : 0.0
    } ],
    "faces" : [ {
      "vertices" : [ 5, 7, 11, 9 ]
    }, {
      "vertices" : [ 9, 11, 15 ]
    }, {
      "vertices" : [ 9, 17, 10 ]
    }, {
      "vertices" : [ 6, 10, 12, 8 ]
    }, {
      "vertices" : [ 10, 16, 12 ]
    }, {
      "vertices" : [ 7, 8, 12, 11 ]
    }, {
      "vertices" : [ 11, 13, 15 ]
    }, {
      "vertices" : [ 0, 7, 1 ]
    }, {
      "vertices" : [ 1, 5, 3 ]
    }, {
      "vertices" : [ 9, 15, 17 ]
    }, {
      "vertices" : [ 0, 2, 8 ]
    }, {
      "vertices" : [ 12, 16, 14 ]
    }, {
      "vertices" : [ 0, 1, 3, 4, 2 ]
    }, {
      "vertices" : [ 10, 17, 16 ]
    }, {
      "vertices" : [ 13, 14, 16, 17, 15 ]
    }, {
      "vertices" : [ 2, 4, 6 ]
    }, {
      "vertices" : [ 1, 7, 5 ]
    }, {
      "vertices" : [ 0, 8, 7 ]
    }, {
      "vertices" : [ 2, 6, 8 ]
    }, {
      "vertices" : [ 3, 5, 6, 4 ]
    }, {
      "vertices" : [ 11, 12, 14, 13 ]
    }, {
      "vertices" : [ 5, 9, 10, 6 ]
    } ]
  }, {
    "id" : "6e2a6be6-d2b6-4609-b3ad-e46633cc958d",
    "vertices" : [ {
      "x" : 0.0,
      "y" : 0.0,
      "z" : 0.0
    }, {
      "x" : -4.236068,
      "y" : 6.854102,
      "z" : 2.618034
    }, {
      "x" : -4.236068,
      "y" : 6.854102,
      "z" : 11.09017
    }, {
      "x" : 0.0,
      "y" : 0.0,
      "z" : 13.708204
    }, {
      "x" : 2.618034,
      "y" : -4.236068,
      "z" : 6.854102
    } ],
    "faces" : [ {
      "vertices" : [ 0, 1, 2, 3, 4 ]
    }, {
      "vertices" : [ 0, 4, 3, 2, 1 ]
    } ]
  }, {
    "id" : "5f438568-5ae9-42fa-9ac2-d4c15d4d5879",
    "orbit" : "0",
    "orbitC" : "[[0,1,9],[-1,1,9]]",
    "length" : "[1,0,1]",
    "name" : "short",
    "vertices" : [ {
      "x" : -2.03601,
      "y" : -5.1976595,
      "z" : -1.7598648
    }, {
      "x" : -1.63601,
      "y" : -5.2976594,
      "z" : -1.8598648
    }, {
      "x" : -0.08202394,
      "y" : -0.5140923,
      "z" : -0.42183018
    }, {
      "x" : -0.48202392,
      "y" : -0.4140923,
      "z" : -0.32183018
    }, {
      "x" : -1.7693434,
      "y" : -5.064326,
      "z" : -2.159865
    }, {
      "x" : -2.1693435,
      "y" : -4.964326,
      "z" : -2.0598648
    }, {
      "x" : -0.3486906,
      "y" : -0.64742565,
      "z" : -0.02183019
    }, {
      "x" : 0.051309396,
      "y" : -0.7474256,
      "z" : -0.12183019
    } ],
    "faces" : [ {
      "vertices" : [ 2, 3, 6, 7 ]
    }, {
      "vertices" : [ 0, 5, 4, 1 ]
    }, {
      "vertices" : [ 2, 4, 5, 3 ]
    }, {
      "vertices" : [ 0, 6, 3, 5 ]
    }, {
      "vertices" : [ 0, 1, 7, 6 ]
    }, {
      "vertices" : [ 1, 4, 2, 7 ]
    } ]
  }, {
    "id" : "dd694d3c-c3d2-4c5a-9915-d0f76ef68dd9",
    "vertices" : [ {
      "x" : 0.0,
      "y" : 0.0,
      "z" : 0.0
    }, {
      "x" : 1.309017,
      "y" : 2.118034,
      "z" : 3.427051
    }, {
      "x" : 3.490712,
      "y" : 0.0,
      "z" : 9.138803
    }, {
      "x" : 2.618034,
      "y" : -4.236068,
      "z" : 6.854102
    }, {
      "x" : 0.872678,
      "y" : -4.236068,
      "z" : 2.2847006
    }, {
      "x" : 1.309017,
      "y" : -10.59017,
      "z" : 3.427051
    }, {
      "x" : 0.0,
      "y" : -8.472136,
      "z" : 0.0
    } ],
    "faces" : [ {
      "vertices" : [ 0, 1, 2, 3, 4, 5, 6 ]
    }, {
      "vertices" : [ 0, 6, 5, 4, 3, 2, 1 ]
    } ]
  }, {
    "id" : "cbd8e598-aa6e-4b98-ac23-713333382687",
    "vertices" : [ {
      "x" : 0.0,
      "y" : 0.0,
      "z" : 0.0
    }, {
      "x" : 4.236068,
      "y" : -6.854102,
      "z" : 2.618034
    }, {
      "x" : 6.854102,
      "y" : -11.09017,
      "z" : -4.236068
    }, {
      "x" : 4.236068,
      "y" : -6.854102,
      "z" : -11.09017
    }, {
      "x" : 0.0,
      "y" : 0.0,
      "z" : -8.472136
    } ],
    "faces" : [ {
      "vertices" : [ 0, 1, 2, 3, 4 ]
    }, {
      "vertices" : [ 0, 4, 3, 2, 1 ]
    } ]
  }, {
    "id" : "cfea7872-141e-4b7c-8561-01da14ed0860",
    "vertices" : [ {
      "x" : 0.0,
      "y" : 0.0,
      "z" : 0.0
    }, {
      "x" : 0.0,
      "y" : -4.236068,
      "z" : 0.0
    }, {
      "x" : -1.745356,
      "y" : -8.472136,
      "z" : -4.5694013
    }, {
      "x" : -2.618034,
      "y" : -4.236068,
      "z" : -6.854102
    }, {
      "x" : -1.745356,
      "y" : 0.0,
      "z" : -4.5694013
    }, {
      "x" : -3.927051,
      "y" : 2.118034,
      "z" : -10.281153
    }, {
      "x" : -2.618034,
      "y" : 4.236068,
      "z" : -6.854102
    } ],
    "faces" : [ {
      "vertices" : [ 0, 1, 2, 3, 4, 5, 6 ]
    }, {
      "vertices" : [ 0, 6, 5, 4, 3, 2, 1 ]
    } ]
  }, {
    "id" : "9ef99c96-2887-44dc-ba95-30b3186d5802",
    "vertices" : [ {
      "x" : 0.0,
      "y" : 0.0,
      "z" : 0.0
    }, {
      "x" : -1.309017,
      "y" : 2.118034,
      "z" : -3.427051
    }, {
      "x" : -1.745356,
      "y" : 8.472136,
      "z" : -4.5694013
    }, {
      "x" : 0.0,
      "y" : 8.472136,
      "z" : 0.0
    }, {
      "x" : 0.872678,
      "y" : 4.236068,
      "z" : 2.2847006
    }, {
      "x" : 2.618034,
      "y" : 8.472136,
      "z" : 6.854102
    }, {
      "x" : 2.618034,
      "y" : 4.236068,
      "z" : 6.854102
    } ],
    "faces" : [ {
      "vertices" : [ 0, 1, 2, 3, 4, 5, 6 ]
    }, {
      "vertices" : [ 0, 6, 5, 4, 3, 2, 1 ]
    } ]
  }, {
    "id" : "250432f7-8220-48fd-916d-fcae216e433b",
    "vertices" : [ {
      "x" : 0.0,
      "y" : 0.0,
      "z" : 0.0
    }, {
      "x" : 2.618034,
      "y" : -4.236068,
      "z" : -6.854102
    }, {
      "x" : 0.0,
      "y" : 0.0,
      "z" : -13.708204
    }, {
      "x" : -4.236068,
      "y" : 6.854102,
      "z" : -11.09017
    }, {
      "x" : -4.236068,
      "y" : 6.854102,
      "z" : -2.618034
    } ],
    "faces" : [ {
      "vertices" : [ 0, 1, 2, 3, 4 ]
    }, {
      "vertices" : [ 0, 4, 3, 2, 1 ]
    } ]
  } ],
  "instances" : [ {
    "shape" : "cf660545-b9a6-49fd-9888-2749492a8580",
    "color" : "#008EC2",
    "position" : {
      "x" : -6.854102,
      "y" : 17.944271,
      "z" : -8.472136
    },
    "orientation" : 11
  }, {
    "shape" : "cf660545-b9a6-49fd-9888-2749492a8580",
    "color" : "#008EC2",
    "position" : {
      "x" : 6.854102,
      "y" : -17.944271,
      "z" : -8.472136
    },
    "orientation" : 11
  }, {
    "shape" : "42839c8e-7099-46b3-97af-d273b65827d2",
    "color" : "#F2F2F2",
    "position" : {
      "x" : -4.236068,
      "y" : -4.5694013,
      "z" : 18.81695
    }
  }, {
    "shape" : "42839c8e-7099-46b3-97af-d273b65827d2",
    "color" : "#F2F2F2",
    "position" : {
      "x" : -11.629515,
      "y" : 7.3934464,
      "z" : 14.247549
    }
  }, {
    "shape" : "42839c8e-7099-46b3-97af-d273b65827d2",
    "color" : "#F2F2F2",
    "position" : {
      "x" : -16.635256,
      "y" : -6.354102,
      "z" : 10.281153
    }
  }, {
    "shape" : "42839c8e-7099-46b3-97af-d273b65827d2",
    "color" : "#F2F2F2",
    "position" : {
      "x" : 0.0,
      "y" : 20.562305,
      "z" : 0.0
    }
  }, {
    "shape" : "42839c8e-7099-46b3-97af-d273b65827d2",
    "color" : "#F2F2F2",
    "position" : {
      "x" : -16.635256,
      "y" : -6.354102,
      "z" : -10.281153
    }
  }, {
    "shape" : "499a7ec8-c1e6-4745-a4da-0d1177f0c898",
    "color" : "#7D36D3",
    "position" : {
      "x" : 4.236068,
      "y" : -4.5694013,
      "z" : -18.81695
    },
    "orientation" : 42
  }, {
    "shape" : "6e2a6be6-d2b6-4609-b3ad-e46633cc958d",
    "color" : "#00FF00",
    "position" : {
      "x" : 17.944271,
      "y" : 8.472136,
      "z" : -6.854102
    },
    "orientation" : 0
  }, {
    "shape" : "42839c8e-7099-46b3-97af-d273b65827d2",
    "color" : "#F2F2F2",
    "position" : {
      "x" : 4.236068,
      "y" : -13.708204,
      "z" : -15.326238
    }
  }, {
    "shape" : "42839c8e-7099-46b3-97af-d273b65827d2",
    "color" : "#F2F2F2",
    "position" : {
      "x" : 17.944271,
      "y" : 8.472136,
      "z" : 6.854102
    }
  }, {
    "shape" : "cf660545-b9a6-49fd-9888-2749492a8580",
    "color" : "#008EC2",
    "position" : {
      "x" : 17.944271,
      "y" : -8.472136,
      "z" : 6.854102
    },
    "orientation" : 36
  }, {
    "shape" : "42839c8e-7099-46b3-97af-d273b65827d2",
    "color" : "#F2F2F2",
    "position" : {
      "x" : 4.5694013,
      "y" : 18.81695,
      "z" : -4.236068
    }
  }, {
    "shape" : "cf660545-b9a6-49fd-9888-2749492a8580",
    "color" : "#008EC2",
    "position" : {
      "x" : -20.562305,
      "y" : -4.236068,
      "z" : 0.0
    },
    "orientation" : 25
  }, {
    "shape" : "42839c8e-7099-46b3-97af-d273b65827d2",
    "color" : "#F2F2F2",
    "position" : {
      "x" : 15.326238,
      "y" : 4.236068,
      "z" : -13.708204
    }
  }, {
    "shape" : "5f438568-5ae9-42fa-9ac2-d4c15d4d5879",
    "color" : "#FFFFFF",
    "position" : {
      "x" : 0.0,
      "y" : 0.0,
      "z" : 20.562305
    },
    "orientation" : 34
  }, {
    "shape" : "499a7ec8-c1e6-4745-a4da-0d1177f0c898",
    "color" : "#7D36D3",
    "position" : {
      "x" : -11.423503,
      "y" : -16.198915,
      "z" : 0.0
    },
    "orientation" : 15
  }, {
    "shape" : "499a7ec8-c1e6-4745-a4da-0d1177f0c898",
    "color" : "#7D36D3",
    "position" : {
      "x" : 4.236068,
      "y" : 4.5694013,
      "z" : -18.81695
    },
    "orientation" : 48
  }, {
    "shape" : "cf660545-b9a6-49fd-9888-2749492a8580",
    "color" : "#008EC2",
    "position" : {
      "x" : 6.854102,
      "y" : 17.944271,
      "z" : 8.472136
    },
    "orientation" : 56
  }, {
    "shape" : "42839c8e-7099-46b3-97af-d273b65827d2",
    "color" : "#F2F2F2",
    "position" : {
      "x" : 16.635256,
      "y" : -6.354102,
      "z" : -10.281153
    }
  }, {
    "shape" : "cf660545-b9a6-49fd-9888-2749492a8580",
    "color" : "#008EC2",
    "position" : {
      "x" : 17.944271,
      "y" : -8.472136,
      "z" : -6.854102
    },
    "orientation" : 55
  }, {
    "shape" : "5f438568-5ae9-42fa-9ac2-d4c15d4d5879",
    "color" : "#FFFFFF",
    "position" : {
      "x" : -6.354102,
      "y" : 10.281153,
      "z" : -16.635256
    },
    "orientation" : 51
  }, {
    "shape" : "42839c8e-7099-46b3-97af-d273b65827d2",
    "color" : "#F2F2F2",
    "position" : {
      "x" : -14.247549,
      "y" : -11.629515,
      "z" : 7.3934464
    }
  }, {
    "shape" : "cf660545-b9a6-49fd-9888-2749492a8580",
    "color" : "#008EC2",
    "position" : {
      "x" : 8.472136,
      "y" : 6.854102,
      "z" : 17.944271
    },
    "orientation" : 39
  }, {
    "shape" : "499a7ec8-c1e6-4745-a4da-0d1177f0c898",
    "color" : "#7D36D3",
    "position" : {
      "x" : -14.247549,
      "y" : 11.629515,
      "z" : -7.3934464
    },
    "orientation" : 26
  }, {
    "shape" : "42839c8e-7099-46b3-97af-d273b65827d2",
    "color" : "#F2F2F2",
    "position" : {
      "x" : -6.354102,
      "y" : 10.281153,
      "z" : 16.635256
    }
  }, {
    "shape" : "5f438568-5ae9-42fa-9ac2-d4c15d4d5879",
    "color" : "#FFFFFF",
    "position" : {
      "x" : 0.0,
      "y" : 0.0,
      "z" : -20.562305
    },
    "orientation" : 19
  }, {
    "shape" : "42839c8e-7099-46b3-97af-d273b65827d2",
    "color" : "#F2F2F2",
    "position" : {
      "x" : 6.854102,
      "y" : 17.944271,
      "z" : 8.472136
    }
  }, {
    "shape" : "dd694d3c-c3d2-4c5a-9915-d0f76ef68dd9",
    "color" : "#00FF00",
    "position" : {
      "x" : -13.708204,
      "y" : -15.326238,
      "z" : -4.236068
    },
    "orientation" : 16
  }, {
    "shape" : "cbd8e598-aa6e-4b98-ac23-713333382687",
    "color" : "#FFCC66",
    "position" : {
      "x" : 13.708204,
      "y" : -15.326238,
      "z" : -4.236068
    },
    "orientation" : 15
  }, {
    "shape" : "5f438568-5ae9-42fa-9ac2-d4c15d4d5879",
    "color" : "#FFFFFF",
    "position" : {
      "x" : 10.281153,
      "y" : 16.635256,
      "z" : 6.354102
    },
    "orientation" : 8
  }, {
    "shape" : "42839c8e-7099-46b3-97af-d273b65827d2",
    "color" : "#F2F2F2",
    "position" : {
      "x" : 0.0,
      "y" : 20.562305,
      "z" : 4.236068
    }
  }, {
    "shape" : "42839c8e-7099-46b3-97af-d273b65827d2",
    "color" : "#F2F2F2",
    "position" : {
      "x" : 13.708204,
      "y" : -15.326238,
      "z" : 4.236068
    }
  }, {
    "shape" : "499a7ec8-c1e6-4745-a4da-0d1177f0c898",
    "color" : "#7D36D3",
    "position" : {
      "x" : -4.236068,
      "y" : -4.5694013,
      "z" : 18.81695
    },
    "orientation" : 27
  }, {
    "shape" : "5f438568-5ae9-42fa-9ac2-d4c15d4d5879",
    "color" : "#FFFFFF",
    "position" : {
      "x" : -10.281153,
      "y" : -16.635256,
      "z" : -6.354102
    },
    "orientation" : 47
  }, {
    "shape" : "42839c8e-7099-46b3-97af-d273b65827d2",
    "color" : "#F2F2F2",
    "position" : {
      "x" : -20.562305,
      "y" : 4.236068,
      "z" : 0.0
    }
  }, {
    "shape" : "5f438568-5ae9-42fa-9ac2-d4c15d4d5879",
    "color" : "#FFFFFF",
    "position" : {
      "x" : -16.635256,
      "y" : -6.354102,
      "z" : -10.281153
    },
    "orientation" : 54
  }, {
    "shape" : "5f438568-5ae9-42fa-9ac2-d4c15d4d5879",
    "color" : "#FFFFFF",
    "position" : {
      "x" : 6.354102,
      "y" : -10.281153,
      "z" : -16.635256
    },
    "orientation" : 21
  }, {
    "shape" : "499a7ec8-c1e6-4745-a4da-0d1177f0c898",
    "color" : "#7D36D3",
    "position" : {
      "x" : -14.247549,
      "y" : -11.629515,
      "z" : -7.3934464
    },
    "orientation" : 23
  }, {
    "shape" : "cf660545-b9a6-49fd-9888-2749492a8580",
    "color" : "#008EC2",
    "position" : {
      "x" : -17.944271,
      "y" : 8.472136,
      "z" : -6.854102
    },
    "orientation" : 25
  }, {
    "shape" : "5f438568-5ae9-42fa-9ac2-d4c15d4d5879",
    "color" : "#FFFFFF",
    "position" : {
      "x" : 16.635256,
      "y" : 6.354102,
      "z" : -10.281153
    },
    "orientation" : 46
  }, {
    "shape" : "42839c8e-7099-46b3-97af-d273b65827d2",
    "color" : "#F2F2F2",
    "position" : {
      "x" : -4.5694013,
      "y" : 18.81695,
      "z" : 4.236068
    }
  }, {
    "shape" : "42839c8e-7099-46b3-97af-d273b65827d2",
    "color" : "#F2F2F2",
    "position" : {
      "x" : 7.3934464,
      "y" : 14.247549,
      "z" : 11.629515
    }
  }, {
    "shape" : "42839c8e-7099-46b3-97af-d273b65827d2",
    "color" : "#F2F2F2",
    "position" : {
      "x" : -4.236068,
      "y" : 13.708204,
      "z" : 15.326238
    }
  }, {
    "shape" : "dd694d3c-c3d2-4c5a-9915-d0f76ef68dd9",
    "color" : "#FFCC66",
    "position" : {
      "x" : 17.944271,
      "y" : -8.472136,
      "z" : 6.854102
    },
    "orientation" : 5
  }, {
    "shape" : "499a7ec8-c1e6-4745-a4da-0d1177f0c898",
    "color" : "#7D36D3",
    "position" : {
      "x" : 4.236068,
      "y" : -4.5694013,
      "z" : 18.81695
    },
    "orientation" : 33
  }, {
    "shape" : "cf660545-b9a6-49fd-9888-2749492a8580",
    "color" : "#008EC2",
    "position" : {
      "x" : -4.236068,
      "y" : 13.708204,
      "z" : 15.326238
    },
    "orientation" : 0
  }, {
    "shape" : "cfea7872-141e-4b7c-8561-01da14ed0860",
    "color" : "#3300FF",
    "position" : {
      "x" : 8.472136,
      "y" : -6.854102,
      "z" : 17.944271
    },
    "orientation" : 5
  }, {
    "shape" : "42839c8e-7099-46b3-97af-d273b65827d2",
    "color" : "#F2F2F2",
    "position" : {
      "x" : 15.326238,
      "y" : -4.236068,
      "z" : 13.708204
    }
  }, {
    "shape" : "cf660545-b9a6-49fd-9888-2749492a8580",
    "color" : "#008EC2",
    "position" : {
      "x" : -8.472136,
      "y" : -6.854102,
      "z" : -17.944271
    },
    "orientation" : 21
  }, {
    "shape" : "cf660545-b9a6-49fd-9888-2749492a8580",
    "color" : "#008EC2",
    "position" : {
      "x" : -4.236068,
      "y" : 0.0,
      "z" : 20.562305
    },
    "orientation" : 54
  }, {
    "shape" : "cf660545-b9a6-49fd-9888-2749492a8580",
    "color" : "#008EC2",
    "position" : {
      "x" : -17.944271,
      "y" : -8.472136,
      "z" : 6.854102
    },
    "orientation" : 55
  }, {
    "shape" : "cf660545-b9a6-49fd-9888-2749492a8580",
    "color" : "#008EC2",
    "position" : {
      "x" : 17.944271,
      "y" : -8.472136,
      "z" : 6.854102
    },
    "orientation" : 7
  }, {
    "shape" : "42839c8e-7099-46b3-97af-d273b65827d2",
    "color" : "#F2F2F2",
    "position" : {
      "x" : 16.635256,
      "y" : -6.354102,
      "z" : 10.281153
    }
  }, {
    "shape" : "5f438568-5ae9-42fa-9ac2-d4c15d4d5879",
    "color" : "#FFFFFF",
    "position" : {
      "x" : -10.281153,
      "y" : -16.635256,
      "z" : -6.354102
    },
    "orientation" : 40
  }, {
    "shape" : "cf660545-b9a6-49fd-9888-2749492a8580",
    "color" : "#008EC2",
    "position" : {
      "x" : 4.236068,
      "y" : -13.708204,
      "z" : 15.326238
    },
    "orientation" : 9
  }, {
    "shape" : "42839c8e-7099-46b3-97af-d273b65827d2",
    "color" : "#F2F2F2",
    "position" : {
      "x" : -4.236068,
      "y" : -4.5694013,
      "z" : -18.81695
    }
  }, {
    "shape" : "499a7ec8-c1e6-4745-a4da-0d1177f0c898",
    "color" : "#7D36D3",
    "position" : {
      "x" : 11.629515,
      "y" : 7.3934464,
      "z" : 14.247549
    },
    "orientation" : 55
  }, {
    "shape" : "499a7ec8-c1e6-4745-a4da-0d1177f0c898",
    "color" : "#7D36D3",
    "position" : {
      "x" : -4.5694013,
      "y" : 18.81695,
      "z" : 4.236068
    },
    "orientation" : 50
  }, {
    "shape" : "5f438568-5ae9-42fa-9ac2-d4c15d4d5879",
    "color" : "#FFFFFF",
    "position" : {
      "x" : 6.354102,
      "y" : 10.281153,
      "z" : -16.635256
    },
    "orientation" : 56
  }, {
    "shape" : "42839c8e-7099-46b3-97af-d273b65827d2",
    "color" : "#F2F2F2",
    "position" : {
      "x" : -14.247549,
      "y" : 11.629515,
      "z" : -7.3934464
    }
  }, {
    "shape" : "42839c8e-7099-46b3-97af-d273b65827d2",
    "color" : "#F2F2F2",
    "position" : {
      "x" : -15.326238,
      "y" : -4.236068,
      "z" : -13.708204
    }
  }, {
    "shape" : "cf660545-b9a6-49fd-9888-2749492a8580",
    "color" : "#008EC2",
    "position" : {
      "x" : 6.854102,
      "y" : -17.944271,
      "z" : 8.472136
    },
    "orientation" : 23
  }, {
    "shape" : "cf660545-b9a6-49fd-9888-2749492a8580",
    "color" : "#008EC2",
    "position" : {
      "x" : -8.472136,
      "y" : 6.854102,
      "z" : 17.944271
    },
    "orientation" : 53
  }, {
    "shape" : "499a7ec8-c1e6-4745-a4da-0d1177f0c898",
    "color" : "#7D36D3",
    "position" : {
      "x" : -4.236068,
      "y" : 4.5694013,
      "z" : -18.81695
    },
    "orientation" : 12
  }, {
    "shape" : "5f438568-5ae9-42fa-9ac2-d4c15d4d5879",
    "color" : "#FFFFFF",
    "position" : {
      "x" : 6.354102,
      "y" : 10.281153,
      "z" : 16.635256
    },
    "orientation" : 6
  }, {
    "shape" : "42839c8e-7099-46b3-97af-d273b65827d2",
    "color" : "#F2F2F2",
    "position" : {
      "x" : -16.635256,
      "y" : 6.354102,
      "z" : -10.281153
    }
  }, {
    "shape" : "cfea7872-141e-4b7c-8561-01da14ed0860",
    "color" : "#00FF00",
    "position" : {
      "x" : 13.708204,
      "y" : 15.326238,
      "z" : -4.236068
    },
    "orientation" : 6
  }, {
    "shape" : "cf660545-b9a6-49fd-9888-2749492a8580",
    "color" : "#008EC2",
    "position" : {
      "x" : -15.326238,
      "y" : 4.236068,
      "z" : -13.708204
    },
    "orientation" : 23
  }, {
    "shape" : "42839c8e-7099-46b3-97af-d273b65827d2",
    "color" : "#F2F2F2",
    "position" : {
      "x" : 0.0,
      "y" : -11.423503,
      "z" : -16.198915
    }
  }, {
    "shape" : "42839c8e-7099-46b3-97af-d273b65827d2",
    "color" : "#F2F2F2",
    "position" : {
      "x" : 0.0,
      "y" : 20.562305,
      "z" : -4.236068
    }
  }, {
    "shape" : "42839c8e-7099-46b3-97af-d273b65827d2",
    "color" : "#F2F2F2",
    "position" : {
      "x" : -17.944271,
      "y" : 0.0,
      "z" : -6.854102
    }
  }, {
    "shape" : "cf660545-b9a6-49fd-9888-2749492a8580",
    "color" : "#008EC2",
    "position" : {
      "x" : 8.472136,
      "y" : -6.854102,
      "z" : 17.944271
    },
    "orientation" : 23
  }, {
    "shape" : "42839c8e-7099-46b3-97af-d273b65827d2",
    "color" : "#F2F2F2",
    "position" : {
      "x" : 4.236068,
      "y" : 13.708204,
      "z" : -15.326238
    }
  }, {
    "shape" : "cfea7872-141e-4b7c-8561-01da14ed0860",
    "color" : "#FFCC66",
    "position" : {
      "x" : 13.708204,
      "y" : -15.326238,
      "z" : 4.236068
    },
    "orientation" : 21
  }, {
