{
  "polygons" : "true",
  "field" : "golden",
  "symmetry" : "icosahedral",
  "orientations" : [ [ 1.0, 0.0, 0.0, 0.0, 0.0, 1.0, 0.0, 0.0, 0.0, 0.0, 1.0, 0.0, 0.0, 0.0, 0.0, 1.0 ], [ 0.0, 0.0, 1.0, 0.0, 1.0, 0.0, 0.0, 0.0, 0.0, 1.0, 0.0, 0.0, 0.0, 0.0, 0.0, 1.0 ], [ 0.0, 1.0, 0.0, 0.0, 0.0, 0.0, 1.0, 0.0, 1.0, 0.0, 0.0, 0.0, 0.0, 0.0, 0.0, 1.0 ], [ 0.809017, 0.309017, 0.5, 0.0, 0.309017, 0.5, -0.809017, 0.0, -0.5, 0.809017, 0.309017, 0.0, 0.0, 0.0, 0.0, 1.0 ], [ -0.5, 0.809017, 0.309017, 0.0, 0.809017, 0.309017, 0.5, 0.0, 0.309017, 0.5, -0.809017, 0.0, 0.0, 0.0, 0.0, 1.0 ], [ 0.309017, 0.5, -0.809017, 0.0, -0.5, 0.809017, 0.309017, 0.0, 0.809017, 0.309017, 0.5, 0.0, 0.0, 0.0, 0.0, 1.0 ], [ 0.5, 0.809017, 0.309017, 0.0, 0.809017, -0.309017, -0.5, 0.0, -0.309017, 0.5, -0.809017, 0.0, 0.0, 0.0, 0.0, 1.0 ], [ -0.309017, 0.5, -0.809017, 0.0, 0.5, 0.809017, 0.309017, 0.0, 0.809017, -0.309017, -0.5, 0.0, 0.0, 0.0, 0.0, 1.0 ], [ 0.809017, -0.309017, -0.5, 0.0, -0.309017, 0.5, -0.809017, 0.0, 0.5, 0.809017, 0.309017, 0.0, 0.0, 0.0, 0.0, 1.0 ], [ 0.5, 0.809017, -0.309017, 0.0, 0.809017, -0.309017, 0.5, 0.0, 0.309017, -0.5, -0.809017, 0.0, 0.0, 0.0, 0.0, 1.0 ], [ 0.309017, -0.5, -0.809017, 0.0, 0.5, 0.809017, -0.309017, 0.0, 0.809017, -0.309017, 0.5, 0.0, 0.0, 0.0, 0.0, 1.0 ], [ 0.809017, -0.309017, 0.5, 0.0, 0.309017, -0.5, -0.809017, 0.0, 0.5, 0.809017, -0.309017, 0.0, 0.0, 0.0, 0.0, 1.0 ], [ 0.809017, 0.309017, -0.5, 0.0, 0.309017, 0.5, 0.809017, 0.0, 0.5, -0.809017, 0.309017, 0.0, 0.0, 0.0, 0.0, 1.0 ], [ 0.5, -0.809017, 0.309017, 0.0, 0.809017, 0.309017, -0.5, 0.0, 0.309017, 0.5, 0.809017, 0.0, 0.0, 0.0, 0.0, 1.0 ], [ 0.309017, 0.5, 0.809017, 0.0, 0.5, -0.809017, 0.309017, 0.0, 0.809017, 0.309017, -0.5, 0.0, 0.0, 0.0, 0.0, 1.0 ], [ 1.0, 0.0, 0.0, 0.0, 0.0, -1.0, 0.0, 0.0, 0.0, 0.0, -1.0, 0.0, 0.0, 0.0, 0.0, 1.0 ], [ 0.0, 0.0, 1.0, 0.0, -1.0, 0.0, 0.0, 0.0, 0.0, -1.0, 0.0, 0.0, 0.0, 0.0, 0.0, 1.0 ], [ 0.0, 1.0, 0.0, 0.0, 0.0, 0.0, -1.0, 0.0, -1.0, 0.0, 0.0, 0.0, 0.0, 0.0, 0.0, 1.0 ], [ 0.809017, 0.309017, 0.5, 0.0, -0.309017, -0.5, 0.809017, 0.0, 0.5, -0.809017, -0.309017, 0.0, 0.0, 0.0, 0.0, 1.0 ], [ -0.5, 0.809017, 0.309017, 0.0, -0.809017, -0.309017, -0.5, 0.0, -0.309017, -0.5, 0.809017, 0.0, 0.0, 0.0, 0.0, 1.0 ], [ 0.309017, 0.5, -0.809017, 0.0, 0.5, -0.809017, -0.309017, 0.0, -0.809017, -0.309017, -0.5, 0.0, 0.0, 0.0, 0.0, 1.0 ], [ 0.5, 0.809017, 0.309017, 0.0, -0.809017, 0.309017, 0.5, 0.0, 0.309017, -0.5, 0.809017, 0.0, 0.0, 0.0, 0.0, 1.0 ], [ -0.309017, 0.5, -0.809017, 0.0, -0.5, -0.809017, -0.309017, 0.0, -0.809017, 0.309017, 0.5, 0.0, 0.0, 0.0, 0.0, 1.0 ], [ 0.809017, -0.309017, -0.5, 0.0, 0.309017, -0.5, 0.809017, 0.0, -0.5, -0.809017, -0.309017, 0.0, 0.0, 0.0, 0.0, 1.0 ], [ 0.5, 0.809017, -0.309017, 0.0, -0.809017, 0.309017, -0.5, 0.0, -0.309017, 0.5, 0.809017, 0.0, 0.0, 0.0, 0.0, 1.0 ], [ 0.309017, -0.5, -0.809017, 0.0, -0.5, -0.809017, 0.309017, 0.0, -0.809017, 0.309017, -0.5, 0.0, 0.0, 0.0, 0.0, 1.0 ], [ 0.809017, -0.309017, 0.5, 0.0, -0.309017, 0.5, 0.809017, 0.0, -0.5, -0.809017, 0.309017, 0.0, 0.0, 0.0, 0.0, 1.0 ], [ 0.809017, 0.309017, -0.5, 0.0, -0.309017, -0.5, -0.809017, 0.0, -0.5, 0.809017, -0.309017, 0.0, 0.0, 0.0, 0.0, 1.0 ], [ 0.5, -0.809017, 0.309017, 0.0, -0.809017, -0.309017, 0.5, 0.0, -0.309017, -0.5, -0.809017, 0.0, 0.0, 0.0, 0.0, 1.0 ], [ 0.309017, 0.5, 0.809017, 0.0, -0.5, 0.809017, -0.309017, 0.0, -0.809017, -0.309017, 0.5, 0.0, 0.0, 0.0, 0.0, 1.0 ], [ -1.0, 0.0, 0.0, 0.0, 0.0, -1.0, 0.0, 0.0, 0.0, 0.0, 1.0, 0.0, 0.0, 0.0, 0.0, 1.0 ], [ 0.0, 0.0, -1.0, 0.0, -1.0, 0.0, 0.0, 0.0, 0.0, 1.0, 0.0, 0.0, 0.0, 0.0, 0.0, 1.0 ], [ 0.0, -1.0, 0.0, 0.0, 0.0, 0.0, -1.0, 0.0, 1.0, 0.0, 0.0, 0.0, 0.0, 0.0, 0.0, 1.0 ], [ -0.809017, -0.309017, -0.5, 0.0, -0.309017, -0.5, 0.809017, 0.0, -0.5, 0.809017, 0.309017, 0.0, 0.0, 0.0, 0.0, 1.0 ], [ 0.5, -0.809017, -0.309017, 0.0, -0.809017, -0.309017, -0.5, 0.0, 0.309017, 0.5, -0.809017, 0.0, 0.0, 0.0, 0.0, 1.0 ], [ -0.309017, -0.5, 0.809017, 0.0, 0.5, -0.809017, -0.309017, 0.0, 0.809017, 0.309017, 0.5, 0.0, 0.0, 0.0, 0.0, 1.0 ], [ -0.5, -0.809017, -0.309017, 0.0, -0.809017, 0.309017, 0.5, 0.0, -0.309017, 0.5, -0.809017, 0.0, 0.0, 0.0, 0.0, 1.0 ], [ 0.309017, -0.5, 0.809017, 0.0, -0.5, -0.809017, -0.309017, 0.0, 0.809017, -0.309017, -0.5, 0.0, 0.0, 0.0, 0.0, 1.0 ], [ -0.809017, 0.309017, 0.5, 0.0, 0.309017, -0.5, 0.809017, 0.0, 0.5, 0.809017, 0.309017, 0.0, 0.0, 0.0, 0.0, 1.0 ], [ -0.5, -0.809017, 0.309017, 0.0, -0.809017, 0.309017, -0.5, 0.0, 0.309017, -0.5, -0.809017, 0.0, 0.0, 0.0, 0.0, 1.0 ], [ -0.309017, 0.5, 0.809017, 0.0, -0.5, -0.809017, 0.309017, 0.0, 0.809017, -0.309017, 0.5, 0.0, 0.0, 0.0, 0.0, 1.0 ], [ -0.809017, 0.309017, -0.5, 0.0, -0.309017, 0.5, 0.809017, 0.0, 0.5, 0.809017, -0.309017, 0.0, 0.0, 0.0, 0.0, 1.0 ], [ -0.809017, -0.309017, 0.5, 0.0, -0.309017, -0.5, -0.809017, 0.0, 0.5, -0.809017, 0.309017, 0.0, 0.0, 0.0, 0.0, 1.0 ], [ -0.5, 0.809017, -0.309017, 0.0, -0.809017, -0.309017, 0.5, 0.0, 0.309017, 0.5, 0.809017, 0.0, 0.0, 0.0, 0.0, 1.0 ], [ -0.309017, -0.5, -0.809017, 0.0, -0.5, 0.809017, -0.309017, 0.0, 0.809017, 0.309017, -0.5, 0.0, 0.0, 0.0, 0.0, 1.0 ], [ -1.0, 0.0, 0.0, 0.0, 0.0, 1.0, 0.0, 0.0, 0.0, 0.0, -1.0, 0.0, 0.0, 0.0, 0.0, 1.0 ], [ 0.0, 0.0, -1.0, 0.0, 1.0, 0.0, 0.0, 0.0, 0.0, -1.0, 0.0, 0.0, 0.0, 0.0, 0.0, 1.0 ], [ 0.0, -1.0, 0.0, 0.0, 0.0, 0.0, 1.0, 0.0, -1.0, 0.0, 0.0, 0.0, 0.0, 0.0, 0.0, 1.0 ], [ -0.809017, -0.309017, -0.5, 0.0, 0.309017, 0.5, -0.809017, 0.0, 0.5, -0.809017, -0.309017, 0.0, 0.0, 0.0, 0.0, 1.0 ], [ 0.5, -0.809017, -0.309017, 0.0, 0.809017, 0.309017, 0.5, 0.0, -0.309017, -0.5, 0.809017, 0.0, 0.0, 0.0, 0.0, 1.0 ], [ -0.309017, -0.5, 0.809017, 0.0, -0.5, 0.809017, 0.309017, 0.0, -0.809017, -0.309017, -0.5, 0.0, 0.0, 0.0, 0.0, 1.0 ], [ -0.5, -0.809017, -0.309017, 0.0, 0.809017, -0.309017, -0.5, 0.0, 0.309017, -0.5, 0.809017, 0.0, 0.0, 0.0, 0.0, 1.0 ], [ 0.309017, -0.5, 0.809017, 0.0, 0.5, 0.809017, 0.309017, 0.0, -0.809017, 0.309017, 0.5, 0.0, 0.0, 0.0, 0.0, 1.0 ], [ -0.809017, 0.309017, 0.5, 0.0, -0.309017, 0.5, -0.809017, 0.0, -0.5, -0.809017, -0.309017, 0.0, 0.0, 0.0, 0.0, 1.0 ], [ -0.5, -0.809017, 0.309017, 0.0, 0.809017, -0.309017, 0.5, 0.0, -0.309017, 0.5, 0.809017, 0.0, 0.0, 0.0, 0.0, 1.0 ], [ -0.309017, 0.5, 0.809017, 0.0, 0.5, 0.809017, -0.309017, 0.0, -0.809017, 0.309017, -0.5, 0.0, 0.0, 0.0, 0.0, 1.0 ], [ -0.809017, 0.309017, -0.5, 0.0, 0.309017, -0.5, -0.809017, 0.0, -0.5, -0.809017, 0.309017, 0.0, 0.0, 0.0, 0.0, 1.0 ], [ -0.809017, -0.309017, 0.5, 0.0, 0.309017, 0.5, 0.809017, 0.0, -0.5, 0.809017, -0.309017, 0.0, 0.0, 0.0, 0.0, 1.0 ], [ -0.5, 0.809017, -0.309017, 0.0, 0.809017, 0.309017, -0.5, 0.0, -0.309017, -0.5, -0.809017, 0.0, 0.0, 0.0, 0.0, 1.0 ], [ -0.309017, -0.5, -0.809017, 0.0, 0.5, -0.809017, 0.309017, 0.0, -0.809017, -0.309017, 0.5, 0.0, 0.0, 0.0, 0.0, 1.0 ] ],
  "lights" : {
    "directionalLights" : [ {
      "direction" : [ 1.0, -1.0, -1.0 ],
      "color" : "#EBEBE4"
    }, {
      "direction" : [ -1.0, 0.0, 0.0 ],
      "color" : "#E4E4EB"
    }, {
      "direction" : [ 0.0, 0.0, -1.0 ],
      "color" : "#1E1E1E"
    } ],
    "backgroundColor" : "#AFC8DC",
    "ambientColor" : "#292929"
  },
  "camera" : {
    "width" : 108.893654,
    "position" : {
      "x" : -137.0547,
      "y" : -110.80472,
      "z" : 165.81802
    },
    "perspective" : true,
    "upDirection" : {
      "x" : -0.5007021,
      "y" : 0.85158443,
      "z" : 0.1552127
    },
    "farClipDistance" : 483.9717,
    "lookAtPoint" : {
      "x" : 0.0,
      "y" : 0.0,
      "z" : 0.0
    },
    "lookDirection" : {
      "x" : 0.5663748,
      "y" : 0.45789745,
      "z" : -0.6852384
    },
    "nearClipDistance" : 0.60496455,
    "lookDirectionRV" : {
      "x" : 0.5663748,
      "y" : 0.45789745,
      "z" : -0.6852384,
      "zero" : false
    },
    "fieldOfView" : 0.4426289,
    "viewDistance" : 241.98589,
    "lookAtPointRV" : {
      "x" : 0.0,
      "y" : 0.0,
      "z" : 0.0,
      "zero" : true
    },
    "upDirectionRV" : {
      "x" : -0.5007021,
      "y" : 0.85158443,
      "z" : 0.1552127,
      "zero" : false
    },
    "stereo" : false
  },
  "embedding" : [ 1.0, 0.0, 0.0, 0.0, 0.0, 1.0, 0.0, 0.0, 0.0, 0.0, 1.0, 0.0, 0.0, 0.0, 0.0, 1.0 ],
  "shapes" : [ {
    "id" : "eb9f62ef-4ce0-4d1f-bc66-e7d974ac9c66",
    "orbit" : "blue",
    "orbitC" : "[[0,0,1],[0,0,1]]",
    "length" : "[\"-1\",\"1\",\"1\"]",
    "name" : "b0",
    "vertices" : [ {
      "x" : 4.236068,
      "y" : 0.309017,
      "z" : 0.19098301
    }, {
      "x" : 4.236068,
      "y" : 0.309017,
      "z" : -0.19098301
    }, {
      "x" : 1.0,
      "y" : 0.309017,
      "z" : -0.19098301
    }, {
      "x" : 1.0,
      "y" : 0.309017,
      "z" : 0.19098301
    }, {
      "x" : 4.236068,
      "y" : -0.309017,
      "z" : 0.19098301
    }, {
      "x" : 1.0,
      "y" : -0.309017,
      "z" : 0.19098301
    }, {
      "x" : 1.0,
      "y" : -0.309017,
      "z" : -0.19098301
    }, {
      "x" : 4.236068,
      "y" : -0.309017,
      "z" : -0.19098301
    }, {
      "x" : 5.236068,
      "y" : 0.0,
      "z" : 0.0
    } ],
    "faces" : [ {
      "vertices" : [ 1, 7, 6, 2 ]
    }, {
      "vertices" : [ 0, 1, 2, 3 ]
    }, {
      "vertices" : [ 4, 5, 6, 7 ]
    }, {
      "vertices" : [ 0, 3, 5, 4 ]
    } ]
  }, {
    "id" : "92dd17b8-9472-4c6c-affb-1c8b8ceaab22",
    "name" : "ball",
    "vertices" : [ {
      "x" : 0.309017,
      "y" : -0.809017,
      "z" : 0.618034
    }, {
      "x" : 0.809017,
      "y" : -0.618034,
      "z" : 0.309017
    }, {
      "x" : 0.618034,
      "y" : -0.309017,
      "z" : 0.809017
    }, {
      "x" : 1.0,
      "y" : 0.309017,
      "z" : 0.19098301
    }, {
      "x" : 0.809017,
      "y" : 0.618034,
      "z" : 0.309017
    }, {
      "x" : 0.618034,
      "y" : 0.309017,
      "z" : 0.809017
    }, {
      "x" : 0.809017,
      "y" : 0.0,
      "z" : 0.690983
    }, {
      "x" : 0.19098301,
      "y" : -1.0,
      "z" : 0.309017
    }, {
      "x" : -0.19098301,
      "y" : -1.0,
      "z" : 0.309017
    }, {
      "x" : -0.19098301,
      "y" : -1.0,
      "z" : -0.309017
    }, {
      "x" : 0.19098301,
      "y" : -1.0,
      "z" : -0.309017
    }, {
      "x" : 1.0,
      "y" : -0.309017,
      "z" : -0.19098301
    }, {
      "x" : 0.809017,
      "y" : -0.618034,
      "z" : -0.309017
    }, {
      "x" : 0.618034,
      "y" : -0.309017,
      "z" : -0.809017
    }, {
      "x" : 0.809017,
      "y" : 0.0,
      "z" : -0.690983
    }, {
      "x" : 0.0,
      "y" : 0.690983,
      "z" : -0.809017
    }, {
      "x" : 0.309017,
      "y" : 0.809017,
      "z" : -0.618034
    }, {
      "x" : 0.618034,
      "y" : 0.309017,
      "z" : -0.809017
    }, {
      "x" : 0.309017,
      "y" : 0.19098301,
      "z" : -1.0
    }, {
      "x" : 1.0,
      "y" : 0.309017,
      "z" : -0.19098301
    }, {
      "x" : -0.309017,
      "y" : -0.809017,
      "z" : 0.618034
    }, {
      "x" : 0.0,
      "y" : -0.690983,
      "z" : 0.809017
    }, {
      "x" : 0.809017,
      "y" : 0.618034,
      "z" : -0.309017
    }, {
      "x" : 0.690983,
      "y" : 0.809017,
      "z" : 0.0
    }, {
      "x" : -0.690983,
      "y" : 0.809017,
      "z" : 0.0
    }, {
      "x" : -0.809017,
      "y" : 0.618034,
      "z" : 0.309017
    }, {
      "x" : -0.309017,
      "y" : 0.809017,
      "z" : 0.618034
    }, {
      "x" : -0.19098301,
      "y" : 1.0,
      "z" : 0.309017
    }, {
      "x" : 0.309017,
      "y" : -0.19098301,
      "z" : -1.0
    }, {
      "x" : 0.19098301,
      "y" : 1.0,
      "z" : 0.309017
    }, {
      "x" : 0.309017,
      "y" : 0.809017,
      "z" : 0.618034
    }, {
      "x" : -0.809017,
      "y" : -0.618034,
      "z" : 0.309017
    }, {
      "x" : -0.690983,
      "y" : -0.809017,
      "z" : 0.0
    }, {
      "x" : 0.0,
      "y" : 0.690983,
      "z" : 0.809017
    }, {
      "x" : 0.309017,
      "y" : -0.809017,
      "z" : -0.618034
    }, {
      "x" : 0.0,
      "y" : -0.690983,
      "z" : -0.809017
    }, {
      "x" : -1.0,
      "y" : 0.309017,
      "z" : 0.19098301
    }, {
      "x" : -0.809017,
      "y" : 0.0,
      "z" : 0.690983
    }, {
      "x" : -0.618034,
      "y" : 0.309017,
      "z" : 0.809017
    }, {
      "x" : 1.0,
      "y" : -0.309017,
      "z" : 0.19098301
    }, {
      "x" : -0.309017,
      "y" : -0.809017,
      "z" : -0.618034
    }, {
      "x" : -1.0,
      "y" : 0.309017,
      "z" : -0.19098301
    }, {
      "x" : -1.0,
      "y" : -0.309017,
      "z" : -0.19098301
    }, {
      "x" : -1.0,
      "y" : -0.309017,
      "z" : 0.19098301
    }, {
      "x" : 0.19098301,
      "y" : 1.0,
      "z" : -0.309017
    }, {
      "x" : -0.809017,
      "y" : 0.618034,
      "z" : -0.309017
    }, {
      "x" : -0.19098301,
      "y" : 1.0,
      "z" : -0.309017
    }, {
      "x" : -0.309017,
      "y" : 0.809017,
      "z" : -0.618034
    }, {
      "x" : -0.618034,
      "y" : -0.309017,
      "z" : 0.809017
    }, {
      "x" : 0.309017,
      "y" : 0.19098301,
      "z" : 1.0
    }, {
      "x" : -0.309017,
      "y" : 0.19098301,
      "z" : -1.0
    }, {
      "x" : -0.309017,
      "y" : 0.19098301,
      "z" : 1.0
    }, {
      "x" : -0.309017,
      "y" : -0.19098301,
      "z" : 1.0
    }, {
      "x" : 0.309017,
      "y" : -0.19098301,
      "z" : 1.0
    }, {
      "x" : 0.690983,
      "y" : -0.809017,
      "z" : 0.0
    }, {
      "x" : -0.809017,
      "y" : 0.0,
      "z" : -0.690983
    }, {
      "x" : -0.618034,
      "y" : -0.309017,
      "z" : -0.809017
    }, {
      "x" : -0.309017,
      "y" : -0.19098301,
      "z" : -1.0
    }, {
      "x" : -0.618034,
      "y" : 0.309017,
      "z" : -0.809017
    }, {
      "x" : -0.809017,
      "y" : -0.618034,
      "z" : -0.309017
    } ],
    "faces" : [ {
      "vertices" : [ 9, 40, 35, 34, 10 ]
    }, {
      "vertices" : [ 0, 1, 2 ]
    }, {
      "vertices" : [ 33, 51, 49 ]
    }, {
      "vertices" : [ 25, 36, 37, 38 ]
    }, {
      "vertices" : [ 41, 55, 42 ]
    }, {
      "vertices" : [ 9, 32, 59, 40 ]
    }, {
      "vertices" : [ 20, 21, 52, 48 ]
    }, {
      "vertices" : [ 26, 33, 30, 29, 27 ]
    }, {
      "vertices" : [ 3, 4, 5, 6 ]
    }, {
      "vertices" : [ 27, 29, 44, 46 ]
    }, {
      "vertices" : [ 50, 57, 56, 55, 58 ]
    }, {
      "vertices" : [ 26, 38, 51, 33 ]
    }, {
      "vertices" : [ 45, 47, 58 ]
    }, {
      "vertices" : [ 18, 28, 57, 50 ]
    }, {
      "vertices" : [ 40, 59, 56 ]
    }, {
      "vertices" : [ 31, 48, 37, 43 ]
    }, {
      "vertices" : [ 7, 8, 9, 10 ]
    }, {
      "vertices" : [ 36, 41, 42, 43 ]
    }, {
      "vertices" : [ 24, 46, 47, 45 ]
    }, {
      "vertices" : [ 4, 30, 5 ]
    }, {
      "vertices" : [ 15, 47, 46, 44, 16 ]
    }, {
      "vertices" : [ 15, 50, 58, 47 ]
    }, {
      "vertices" : [ 24, 45, 41, 36, 25 ]
    }, {
      "vertices" : [ 11, 14, 19 ]
    }, {
      "vertices" : [ 3, 6, 39 ]
    }, {
      "vertices" : [ 1, 39, 6, 2 ]
    }, {
      "vertices" : [ 8, 32, 9 ]
    }, {
      "vertices" : [ 11, 12, 13, 14 ]
    }, {
      "vertices" : [ 16, 22, 17 ]
    }, {
      "vertices" : [ 0, 21, 20, 8, 7 ]
    }, {
      "vertices" : [ 12, 34, 13 ]
    }, {
      "vertices" : [ 35, 40, 56, 57 ]
    }, {
      "vertices" : [ 0, 7, 54, 1 ]
    }, {
      "vertices" : [ 15, 16, 17, 18 ]
    }, {
      "vertices" : [ 3, 19, 22, 23, 4 ]
    }, {
      "vertices" : [ 7, 10, 54 ]
    }, {
      "vertices" : [ 41, 45, 58, 55 ]
    }, {
      "vertices" : [ 3, 39, 11, 19 ]
    }, {
      "vertices" : [ 14, 17, 22, 19 ]
    }, {
      "vertices" : [ 0, 2, 53, 21 ]
    }, {
      "vertices" : [ 49, 51, 52, 53 ]
    }, {
      "vertices" : [ 31, 43, 42, 59, 32 ]
    }, {
      "vertices" : [ 15, 18, 50 ]
    }, {
      "vertices" : [ 42, 55, 56, 59 ]
    }, {
      "vertices" : [ 4, 23, 29, 30 ]
    }, {
      "vertices" : [ 25, 38, 26 ]
    }, {
      "vertices" : [ 13, 28, 18, 17, 14 ]
    }, {
      "vertices" : [ 8, 20, 31, 32 ]
    }, {
      "vertices" : [ 23, 44, 29 ]
    }, {
      "vertices" : [ 24, 27, 46 ]
    }, {
      "vertices" : [ 37, 48, 52, 51, 38 ]
    }, {
      "vertices" : [ 20, 48, 31 ]
    }, {
      "vertices" : [ 24, 25, 26, 27 ]
    }, {
      "vertices" : [ 16, 44, 23, 22 ]
    }, {
      "vertices" : [ 13, 34, 35, 28 ]
    }, {
      "vertices" : [ 10, 34, 12, 54 ]
    }, {
      "vertices" : [ 2, 6, 5, 49, 53 ]
    }, {
      "vertices" : [ 36, 43, 37 ]
    }, {
      "vertices" : [ 5, 30, 33, 49 ]
    }, {
      "vertices" : [ 1, 54, 12, 11, 39 ]
    }, {
      "vertices" : [ 28, 35, 57 ]
    }, {
      "vertices" : [ 21, 53, 52 ]
    } ]
  }, {
    "id" : "b87d28f3-8cca-43e6-893d-a11fd6f148fe",
    "orbit" : "blue",
    "orbitC" : "[[0,0,1],[0,0,1]]",
    "length" : "[\"1\",\"0\",\"1\"]",
    "name" : "b1",
    "vertices" : [ {
      "x" : 7.472136,
      "y" : 0.309017,
      "z" : 0.19098301
    }, {
      "x" : 7.472136,
      "y" : 0.309017,
      "z" : -0.19098301
    }, {
      "x" : 1.0,
      "y" : 0.309017,
      "z" : -0.19098301
    }, {
      "x" : 1.0,
      "y" : 0.309017,
      "z" : 0.19098301
    }, {
      "x" : 7.472136,
      "y" : -0.309017,
      "z" : 0.19098301
    }, {
      "x" : 1.0,
      "y" : -0.309017,
      "z" : 0.19098301
    }, {
      "x" : 1.0,
      "y" : -0.309017,
      "z" : -0.19098301
    }, {
      "x" : 7.472136,
      "y" : -0.309017,
      "z" : -0.19098301
    }, {
      "x" : 8.472136,
      "y" : 0.0,
      "z" : 0.0
    } ],
    "faces" : [ {
      "vertices" : [ 1, 7, 6, 2 ]
    }, {
      "vertices" : [ 0, 1, 2, 3 ]
    }, {
      "vertices" : [ 4, 5, 6, 7 ]
    }, {
      "vertices" : [ 0, 3, 5, 4 ]
    } ]
  }, {
    "id" : "216b1935-952c-4d11-bb97-37c705b569ff",
    "orbit" : "blue",
    "orbitC" : "[[0,0,1],[0,0,1]]",
    "length" : "[\"0\",\"1\",\"1\"]",
    "name" : "b2",
    "vertices" : [ {
      "x" : 12.708204,
      "y" : 0.309017,
      "z" : 0.19098301
    }, {
      "x" : 12.708204,
      "y" : 0.309017,
      "z" : -0.19098301
    }, {
      "x" : 1.0,
      "y" : 0.309017,
      "z" : -0.19098301
    }, {
      "x" : 1.0,
      "y" : 0.309017,
      "z" : 0.19098301
    }, {
      "x" : 12.708204,
      "y" : -0.309017,
      "z" : 0.19098301
    }, {
      "x" : 1.0,
      "y" : -0.309017,
      "z" : 0.19098301
    }, {
      "x" : 1.0,
      "y" : -0.309017,
      "z" : -0.19098301
    }, {
      "x" : 12.708204,
      "y" : -0.309017,
      "z" : -0.19098301
    }, {
      "x" : 13.708204,
      "y" : 0.0,
      "z" : 0.0
    } ],
    "faces" : [ {
      "vertices" : [ 1, 7, 6, 2 ]
    }, {
      "vertices" : [ 0, 1, 2, 3 ]
    }, {
      "vertices" : [ 4, 5, 6, 7 ]
    }, {
      "vertices" : [ 0, 3, 5, 4 ]
    } ]
  } ],
  "instances" : [ {
    "shape" : "eb9f62ef-4ce0-4d1f-bc66-e7d974ac9c66",
    "color" : "#008EC2",
    "position" : {
      "x" : 8.472136,
      "y" : 11.09017,
      "z" : -1.618034
    },
    "orientation" : 21
  }, {
    "shape" : "92dd17b8-9472-4c6c-affb-1c8b8ceaab22",
    "color" : "#F2F2F2",
    "position" : {
      "x" : -3.236068,
      "y" : 5.854102,
      "z" : 15.326238
    }
  }, {
    "shape" : "92dd17b8-9472-4c6c-affb-1c8b8ceaab22",
    "color" : "#F2F2F2",
    "position" : {
      "x" : -17.944271,
      "y" : -4.236068,
      "z" : -4.236068
    }
  }, {
    "shape" : "92dd17b8-9472-4c6c-affb-1c8b8ceaab22",
    "color" : "#F2F2F2",
    "position" : {
      "x" : 13.708204,
      "y" : 11.09017,
      "z" : -15.326238
    }
  }, {
    "shape" : "b87d28f3-8cca-43e6-893d-a11fd6f148fe",
    "color" : "#008EC2",
    "position" : {
      "x" : -11.09017,
      "y" : -1.618034,
      "z" : -8.472136
    },
    "orientation" : 7
  }, {
    "shape" : "eb9f62ef-4ce0-4d1f-bc66-e7d974ac9c66",
    "color" : "#008EC2",
    "position" : {
      "x" : -17.944271,
      "y" : 7.472136,
      "z" : 7.472136
    },
    "orientation" : 24
  }, {
    "shape" : "eb9f62ef-4ce0-4d1f-bc66-e7d974ac9c66",
    "color" : "#008EC2",
    "position" : {
      "x" : -6.854102,
      "y" : 0.0,
      "z" : 11.09017
    },
    "orientation" : 10
  }, {
    "shape" : "eb9f62ef-4ce0-4d1f-bc66-e7d974ac9c66",
    "color" : "#008EC2",
    "position" : {
      "x" : -5.236068,
      "y" : -2.618034,
      "z" : -15.326238
    },
    "orientation" : 9
  }, {
    "shape" : "b87d28f3-8cca-43e6-893d-a11fd6f148fe",
    "color" : "#008EC2",
    "position" : {
      "x" : 4.236068,
      "y" : -4.236068,
      "z" : 17.944271
    },
    "orientation" : 56
  }, {
    "shape" : "eb9f62ef-4ce0-4d1f-bc66-e7d974ac9c66",
    "color" : "#008EC2",
    "position" : {
      "x" : -6.854102,
      "y" : 0.0,
      "z" : -11.09017
    },
    "orientation" : 25
  }, {
    "shape" : "92dd17b8-9472-4c6c-affb-1c8b8ceaab22",
    "color" : "#F2F2F2",
    "position" : {
      "x" : 15.326238,
      "y" : -3.236068,
      "z" : 5.854102
    }
  }, {
    "shape" : "eb9f62ef-4ce0-4d1f-bc66-e7d974ac9c66",
    "color" : "#008EC2",
    "position" : {
      "x" : 0.0,
      "y" : -11.09017,
      "z" : -6.854102
    },
    "orientation" : 39
  }, {
    "shape" : "92dd17b8-9472-4c6c-affb-1c8b8ceaab22",
    "color" : "#F2F2F2",
    "position" : {
      "x" : 1.618034,
      "y" : 13.708204,
      "z" : 2.618034
    }
  }, {
    "shape" : "92dd17b8-9472-4c6c-affb-1c8b8ceaab22",
    "color" : "#F2F2F2",
    "position" : {
      "x" : 7.472136,
      "y" : 7.472136,
      "z" : -17.944271
    }
  }, {
    "shape" : "eb9f62ef-4ce0-4d1f-bc66-e7d974ac9c66",
    "color" : "#008EC2",
    "position" : {
      "x" : -1.618034,
      "y" : 8.472136,
      "z" : 11.09017
    },
    "orientation" : 40
  }, {
    "shape" : "eb9f62ef-4ce0-4d1f-bc66-e7d974ac9c66",
    "color" : "#008EC2",
    "position" : {
      "x" : 7.472136,
      "y" : -17.944271,
      "z" : 7.472136
    },
    "orientation" : 55
  }, {
    "shape" : "b87d28f3-8cca-43e6-893d-a11fd6f148fe",
    "color" : "#008EC2",
    "position" : {
      "x" : 8.472136,
      "y" : -11.09017,
      "z" : 1.618034
    },
    "orientation" : 53
  }, {
    "shape" : "eb9f62ef-4ce0-4d1f-bc66-e7d974ac9c66",
    "color" : "#008EC2",
    "position" : {
      "x" : -15.326238,
      "y" : 5.236068,
      "z" : 2.618034
    },
    "orientation" : 25
  }, {
    "shape" : "b87d28f3-8cca-43e6-893d-a11fd6f148fe",
    "color" : "#008EC2",
    "position" : {
      "x" : 12.708204,
      "y" : -17.944271,
      "z" : 12.708204
    },
    "orientation" : 55
  }, {
    "shape" : "eb9f62ef-4ce0-4d1f-bc66-e7d974ac9c66",
    "color" : "#008EC2",
    "position" : {
      "x" : -6.854102,
      "y" : 13.708204,
      "z" : 11.09017
    },
    "orientation" : 54
  }, {
    "shape" : "92dd17b8-9472-4c6c-affb-1c8b8ceaab22",
    "color" : "#F2F2F2",
    "position" : {
      "x" : 3.236068,
      "y" : -5.854102,
      "z" : 15.326238
    }
  }, {
    "shape" : "eb9f62ef-4ce0-4d1f-bc66-e7d974ac9c66",
    "color" : "#008EC2",
    "position" : {
      "x" : 1.618034,
      "y" : -8.472136,
      "z" : 11.09017
    },
    "orientation" : 22
  }, {
    "shape" : "92dd17b8-9472-4c6c-affb-1c8b8ceaab22",
    "color" : "#F2F2F2",
    "position" : {
      "x" : 17.944271,
      "y" : 12.708204,
      "z" : -12.708204
    }
  }, {
    "shape" : "92dd17b8-9472-4c6c-affb-1c8b8ceaab22",
    "color" : "#F2F2F2",
    "position" : {
      "x" : -11.09017,
      "y" : 15.326238,
      "z" : 13.708204
    }
  }, {
    "shape" : "92dd17b8-9472-4c6c-affb-1c8b8ceaab22",
    "color" : "#F2F2F2",
    "position" : {
      "x" : 1.0,
      "y" : -17.944271,
      "z" : 1.0
    }
  }, {
    "shape" : "eb9f62ef-4ce0-4d1f-bc66-e7d974ac9c66",
    "color" : "#008EC2",
    "position" : {
      "x" : -13.708204,
      "y" : -5.854102,
      "z" : -10.09017
    },
    "orientation" : 41
  }, {
    "shape" : "92dd17b8-9472-4c6c-affb-1c8b8ceaab22",
    "color" : "#F2F2F2",
    "position" : {
      "x" : -17.944271,
      "y" : -1.0,
      "z" : -1.0
    }
  }, {
    "shape" : "eb9f62ef-4ce0-4d1f-bc66-e7d974ac9c66",
    "color" : "#008EC2",
    "position" : {
      "x" : -2.618034,
      "y" : 15.326238,
      "z" : 5.236068
    },
    "orientation" : 52
  }, {
    "shape" : "b87d28f3-8cca-43e6-893d-a11fd6f148fe",
    "color" : "#008EC2",
    "position" : {
      "x" : 8.472136,
      "y" : 11.09017,
      "z" : -1.618034
    },
    "orientation" : 38
  }, {
    "shape" : "b87d28f3-8cca-43e6-893d-a11fd6f148fe",
    "color" : "#008EC2",
    "position" : {
      "x" : -4.236068,
      "y" : -4.236068,
      "z" : -17.944271
    },
    "orientation" : 41
  }, {
    "shape" : "eb9f62ef-4ce0-4d1f-bc66-e7d974ac9c66",
    "color" : "#008EC2",
    "position" : {
      "x" : -2.618034,
      "y" : -1.618034,
      "z" : 13.708204
    },
    "orientation" : 10
  }, {
    "shape" : "92dd17b8-9472-4c6c-affb-1c8b8ceaab22",
    "color" : "#F2F2F2",
    "position" : {
      "x" : 5.854102,
      "y" : 15.326238,
      "z" : -3.236068
    }
  }, {
    "shape" : "eb9f62ef-4ce0-4d1f-bc66-e7d974ac9c66",
    "color" : "#008EC2",
    "position" : {
      "x" : -9.472136,
      "y" : 9.472136,
      "z" : 17.944271
    },
    "orientation" : 56
  }, {
    "shape" : "eb9f62ef-4ce0-4d1f-bc66-e7d974ac9c66",
    "color" : "#008EC2",
    "position" : {
      "x" : 2.618034,
      "y" : 15.326238,
      "z" : -5.236068
    },
    "orientation" : 7
  }, {
    "shape" : "92dd17b8-9472-4c6c-affb-1c8b8ceaab22",
    "color" : "#F2F2F2",
    "position" : {
      "x" : 12.708204,
      "y" : 17.944271,
      "z" : -12.708204
    }
  }, {
    "shape" : "eb9f62ef-4ce0-4d1f-bc66-e7d974ac9c66",
    "color" : "#008EC2",
    "position" : {
      "x" : 15.326238,
      "y" : 13.708204,
      "z" : -11.09017
    },
    "orientation" : 54
  }, {
    "shape" : "b87d28f3-8cca-43e6-893d-a11fd6f148fe",
    "color" : "#008EC2",
    "position" : {
      "x" : -4.236068,
      "y" : -17.944271,
      "z" : -4.236068
    },
    "orientation" : 55
  }, {
    "shape" : "b87d28f3-8cca-43e6-893d-a11fd6f148fe",
    "color" : "#008EC2",
    "position" : {
      "x" : -17.944271,
      "y" : -4.236068,
      "z" : -4.236068
    },
    "orientation" : 24
  }, {
    "shape" : "b87d28f3-8cca-43e6-893d-a11fd6f148fe",
    "color" : "#008EC2",
    "position" : {
      "x" : -17.944271,
      "y" : -17.944271,
      "z" : -17.944271
    },
    "orientation" : 10
  }, {
    "shape" : "eb9f62ef-4ce0-4d1f-bc66-e7d974ac9c66",
    "color" : "#008EC2",
    "position" : {
      "x" : 15.326238,
      "y" : -5.236068,
      "z" : 2.618034
    },
    "orientation" : 6
  }, {
    "shape" : "92dd17b8-9472-4c6c-affb-1c8b8ceaab22",
    "color" : "#F2F2F2",
    "position" : {
      "x" : -13.708204,
      "y" : 5.854102,
      "z" : 10.09017
    }
  }, {
    "shape" : "eb9f62ef-4ce0-4d1f-bc66-e7d974ac9c66",
    "color" : "#008EC2",
    "position" : {
      "x" : -1.618034,
      "y" : -13.708204,
      "z" : 2.618034
    },
    "orientation" : 10
  }, {
    "shape" : "92dd17b8-9472-4c6c-affb-1c8b8ceaab22",
    "color" : "#F2F2F2",
    "position" : {
      "x" : 12.708204,
      "y" : 12.708204,
      "z" : -17.944271
    }
  }, {
    "shape" : "92dd17b8-9472-4c6c-affb-1c8b8ceaab22",
    "color" : "#F2F2F2",
    "position" : {
      "x" : -2.618034,
      "y" : -15.326238,
      "z" : -5.236068
    }
  }, {
    "shape" : "eb9f62ef-4ce0-4d1f-bc66-e7d974ac9c66",
    "color" : "#008EC2",
    "position" : {
      "x" : 2.618034,
      "y" : 15.326238,
      "z" : -5.236068
    },
    "orientation" : 41
  }, {
    "shape" : "92dd17b8-9472-4c6c-affb-1c8b8ceaab22",
    "color" : "#F2F2F2",
    "position" : {
      "x" : -13.708204,
      "y" : 11.09017,
      "z" : 15.326238
    }
  }, {
    "shape" : "eb9f62ef-4ce0-4d1f-bc66-e7d974ac9c66",
    "color" : "#008EC2",
    "position" : {
      "x" : -2.618034,
      "y" : 1.618034,
      "z" : -13.708204
    },
    "orientation" : 25
  }, {
    "shape" : "b87d28f3-8cca-43e6-893d-a11fd6f148fe",
    "color" : "#008EC2",
    "position" : {
      "x" : -12.708204,
      "y" : 12.708204,
      "z" : 17.944271
    },
    "orientation" : 26
  }, {
    "shape" : "92dd17b8-9472-4c6c-affb-1c8b8ceaab22",
    "color" : "#F2F2F2",
    "position" : {
      "x" : 0.0,
      "y" : 11.09017,
      "z" : -6.854102
    }
  }, {
    "shape" : "b87d28f3-8cca-43e6-893d-a11fd6f148fe",
    "color" : "#008EC2",
    "position" : {
      "x" : 13.708204,
      "y" : 11.09017,
      "z" : -6.854102
    },
    "orientation" : 40
  }, {
    "shape" : "92dd17b8-9472-4c6c-affb-1c8b8ceaab22",
    "color" : "#F2F2F2",
    "position" : {
      "x" : 7.472136,
      "y" : 17.944271,
      "z" : -7.472136
    }
  }, {
    "shape" : "92dd17b8-9472-4c6c-affb-1c8b8ceaab22",
    "color" : "#F2F2F2",
    "position" : {
      "x" : 17.944271,
      "y" : 7.472136,
      "z" : -7.472136
    }
  }, {
    "shape" : "b87d28f3-8cca-43e6-893d-a11fd6f148fe",
    "color" : "#008EC2",
    "position" : {
      "x" : 4.236068,
      "y" : -4.236068,
      "z" : 17.944271
    },
    "orientation" : 26
  }, {
    "shape" : "eb9f62ef-4ce0-4d1f-bc66-e7d974ac9c66",
    "color" : "#008EC2",
    "position" : {
      "x" : -17.944271,
      "y" : 9.472136,
      "z" : 9.472136
    },
    "orientation" : 9
  }, {
    "shape" : "b87d28f3-8cca-43e6-893d-a11fd6f148fe",
    "color" : "#008EC2",
    "position" : {
      "x" : 4.236068,
      "y" : 17.944271,
      "z" : -4.236068
    },
    "orientation" : 25
  }, {
    "shape" : "eb9f62ef-4ce0-4d1f-bc66-e7d974ac9c66",
    "color" : "#008EC2",
    "position" : {
      "x" : 8.472136,
      "y" : -11.09017,
      "z" : 1.618034
    },
    "orientation" : 39
  }, {
    "shape" : "92dd17b8-9472-4c6c-affb-1c8b8ceaab22",
    "color" : "#F2F2F2",
    "position" : {
      "x" : -15.326238,
      "y" : -13.708204,
      "z" : -11.09017
    }
  }, {
    "shape" : "eb9f62ef-4ce0-4d1f-bc66-e7d974ac9c66",
    "color" : "#008EC2",
    "position" : {
      "x" : -11.09017,
      "y" : 15.326238,
      "z" : 13.708204
    },
    "orientation" : 26
  }, {
    "shape" : "eb9f62ef-4ce0-4d1f-bc66-e7d974ac9c66",
    "color" : "#008EC2",
    "position" : {
      "x" : -13.708204,
      "y" : -2.618034,
      "z" : 1.618034
    },
    "orientation" : 24
  }, {
    "shape" : "b87d28f3-8cca-43e6-893d-a11fd6f148fe",
    "color" : "#008EC2",
    "position" : {
      "x" : -17.944271,
      "y" : -4.236068,
      "z" : -4.236068
    },
    "orientation" : 9
  }, {
    "shape" : "eb9f62ef-4ce0-4d1f-bc66-e7d974ac9c66",
    "color" : "#008EC2",
    "position" : {
      "x" : 11.09017,
      "y" : 6.854102,
      "z" : 0.0
    },
    "orientation" : 26
  }, {
    "shape" : "b87d28f3-8cca-43e6-893d-a11fd6f148fe",
    "color" : "#008EC2",
    "position" : {
      "x" : 17.944271,
      "y" : 4.236068,
      "z" : -4.236068
    },
    "orientation" : 39
  }, {
    "shape" : "92dd17b8-9472-4c6c-affb-1c8b8ceaab22",
    "color" : "#F2F2F2",
    "position" : {
      "x" : 17.944271,
      "y" : -7.472136,
      "z" : 7.472136
    }
  }, {
    "shape" : "b87d28f3-8cca-43e6-893d-a11fd6f148fe",
    "color" : "#008EC2",
    "position" : {
      "x" : 12.708204,
      "y" : 17.944271,
      "z" : -12.708204
    },
    "orientation" : 40
  }, {
    "shape" : "b87d28f3-8cca-43e6-893d-a11fd6f148fe",
    "color" : "#008EC2",
    "position" : {
      "x" : 17.944271,
      "y" : 17.944271,
      "z" : -17.944271
    },
    "orientation" : 39
  }, {
    "shape" : "eb9f62ef-4ce0-4d1f-bc66-e7d974ac9c66",
    "color" : "#008EC2",
    "position" : {
      "x" : 5.236068,
      "y" : 2.618034,
      "z" : -15.326238
    },
    "orientation" : 53
  }, {
    "shape" : "eb9f62ef-4ce0-4d1f-bc66-e7d974ac9c66",
    "color" : "#008EC2",
    "position" : {
      "x" : -13.708204,
      "y" : 2.618034,
      "z" : -1.618034
    },
    "orientation" : 9
  }, {
    "shape" : "eb9f62ef-4ce0-4d1f-bc66-e7d974ac9c66",
    "color" : "#008EC2",
    "position" : {
      "x" : -5.236068,
      "y" : -2.618034,
      "z" : -15.326238
    },
    "orientation" : 23
  }, {
    "shape" : "92dd17b8-9472-4c6c-affb-1c8b8ceaab22",
    "color" : "#F2F2F2",
    "position" : {
      "x" : 13.708204,
      "y" : -11.09017,
      "z" : 6.854102
    }
  }, {
    "shape" : "eb9f62ef-4ce0-4d1f-bc66-e7d974ac9c66",
    "color" : "#008EC2",
    "position" : {
      "x" : 13.708204,
      "y" : 11.09017,
      "z" : -6.854102
    },
    "orientation" : 26
  }, {
    "shape" : "92dd17b8-9472-4c6c-affb-1c8b8ceaab22",
    "color" : "#F2F2F2",
    "position" : {
      "x" : 13.708204,
      "y" : -2.618034,
      "z" : -1.618034
    }
  }, {
    "shape" : "eb9f62ef-4ce0-4d1f-bc66-e7d974ac9c66",
    "color" : "#008EC2",
    "position" : {
      "x" : -1.618034,
      "y" : 13.708204,
      "z" : -2.618034
    },
    "orientation" : 9
  }, {
    "shape" : "92dd17b8-9472-4c6c-affb-1c8b8ceaab22",
    "color" : "#F2F2F2",
    "position" : {
      "x" : -1.618034,
      "y" : -8.472136,
      "z" : -11.09017
    }
  }, {
    "shape" : "92dd17b8-9472-4c6c-affb-1c8b8ceaab22",
    "color" : "#F2F2F2",
    "position" : {
      "x" : 1.0,
      "y" : 17.944271,
      "z" : -1.0
    }
  }, {
    "shape" : "92dd17b8-9472-4c6c-affb-1c8b8ceaab22",
    "color" : "#F2F2F2",
    "position" : {
      "x" : -11.09017,
      "y" : 6.854102,
      "z" : 13.708204
    }
  }, {
    "shape" : "eb9f62ef-4ce0-4d1f-bc66-e7d974ac9c66",
    "color" : "#008EC2",
    "position" : {
      "x" : -9.472136,
      "y" : 17.944271,
      "z" : 9.472136
    },
    "orientation" : 40
  }, {
    "shape" : "92dd17b8-9472-4c6c-affb-1c8b8ceaab22",
    "color" : "#F2F2F2",
    "position" : {
      "x" : -1.0,
      "y" : -1.0,
      "z" : -17.944271
    }
  }, {
    "shape" : "eb9f62ef-4ce0-4d1f-bc66-e7d974ac9c66",
    "color" : "#008EC2",
    "position" : {
      "x" : -15.326238,
      "y" : -5.236068,
      "z" : -2.618034
    },
    "orientation" : 51
  }, {
    "shape" : "eb9f62ef-4ce0-4d1f-bc66-e7d974ac9c66",
    "color" : "#008EC2",
    "position" : {
      "x" : 5.236068,
      "y" : -2.618034,
      "z" : 15.326238
    },
    "orientation" : 38
  }, {
    "shape" : "92dd17b8-9472-4c6c-affb-1c8b8ceaab22",
    "color" : "#F2F2F2",
    "position" : {
      "x" : -9.472136,
      "y" : -17.944271,
      "z" : -9.472136
    }
  }, {
    "shape" : "eb9f62ef-4ce0-4d1f-bc66-e7d974ac9c66",
    "color" : "#008EC2",
    "position" : {
      "x" : 1.618034,
      "y" : -8.472136,
      "z" : 11.09017
    },
    "orientation" : 10
  }, {
    "shape" : "92dd17b8-9472-4c6c-affb-1c8b8ceaab22",
    "color" : "#F2F2F2",
    "position" : {
      "x" : -6.854102,
      "y" : -13.708204,
      "z" : -11.09017
    }
  }, {
    "shape" : "b87d28f3-8cca-43e6-893d-a11fd6f148fe",
    "color" : "#008EC2",
    "position" : {
      "x" : 11.09017,
      "y" : -6.854102,
      "z" : 13.708204
    },
    "orientation" : 54
  }, {
    "shape" : "92dd17b8-9472-4c6c-affb-1c8b8ceaab22",
    "color" : "#F2F2F2",
    "position" : {
      "x" : 2.618034,
      "y" : -1.618034,
      "z" : -13.708204
    }
  }, {
    "shape" : "92dd17b8-9472-4c6c-affb-1c8b8ceaab22",
    "color" : "#F2F2F2",
    "position" : {
      "x" : -11.09017,
      "y" : 6.854102,
      "z" : 0.0
    }
  }, {
    "shape" : "92dd17b8-9472-4c6c-affb-1c8b8ceaab22",
    "color" : "#F2F2F2",
    "position" : {
      "x" : -3.236068,
      "y" : -5.854102,
      "z" : -15.326238
    }
  }, {
    "shape" : "92dd17b8-9472-4c6c-affb-1c8b8ceaab22",
    "color" : "#F2F2F2",
    "position" : {
      "x" : 15.326238,
      "y" : 3.236068,
      "z" : -5.854102
    }
  }, {
    "shape" : "92dd17b8-9472-4c6c-affb-1c8b8ceaab22",
    "color" : "#F2F2F2",
    "position" : {
      "x" : 2.618034,
      "y" : 1.618034,
      "z" : 13.708204
    }
  }, {
    "shape" : "eb9f62ef-4ce0-4d1f-bc66-e7d974ac9c66",
    "color" : "#008EC2",
    "position" : {
      "x" : 10.09017,
      "y" : 13.708204,
      "z" : -5.854102
    },
    "orientation" : 54
  }, {
    "shape" : "eb9f62ef-4ce0-4d1f-bc66-e7d974ac9c66",
    "color" : "#008EC2",
    "position" : {
      "x" : 2.618034,
      "y" : -1.618034,
      "z" : -13.708204
    },
    "orientation" : 55
  }, {
    "shape" : "b87d28f3-8cca-43e6-893d-a11fd6f148fe",
    "color" : "#008EC2",
    "position" : {
      "x" : 17.944271,
      "y" : 17.944271,
      "z" : -17.944271
    },
    "orientation" : 41
  }, {
    "shape" : "92dd17b8-9472-4c6c-affb-1c8b8ceaab22",
    "color" : "#F2F2F2",
    "position" : {
      "x" : 2.618034,
      "y" : 15.326238,
      "z" : -5.236068
    }
  }, {
    "shape" : "eb9f62ef-4ce0-4d1f-bc66-e7d974ac9c66",
    "color" : "#008EC2",
    "position" : {
      "x" : 11.09017,
      "y" : 15.326238,
      "z" : -13.708204
    },
    "orientation" : 25
  }, {
    "shape" : "92dd17b8-9472-4c6c-affb-1c8b8ceaab22",
    "color" : "#F2F2F2",
    "position" : {
      "x" : -17.944271,
      "y" : 4.236068,
      "z" : 4.236068
    }
  }, {
    "shape" : "216b1935-952c-4d11-bb97-37c705b569ff",
    "color" : "#008EC2",
    "position" : {
      "x" : 6.854102,
      "y" : 0.0,
      "z" : 11.09017
    },
    "orientation" : 54
  }, {
    "shape" : "eb9f62ef-4ce0-4d1f-bc66-e7d974ac9c66",
    "color" : "#008EC2",
    "position" : {
      "x" : -11.09017,
      "y" : 6.854102,
      "z" : 0.0
    },
    "orientation" : 41
  }, {
    "shape" : "eb9f62ef-4ce0-4d1f-bc66-e7d974ac9c66",
    "color" : "#008EC2",
    "position" : {
      "x" : -15.326238,
      "y" : -5.236068,
      "z" : -2.618034
    },
    "orientation" : 10
  }, {
    "shape" : "b87d28f3-8cca-43e6-893d-a11fd6f148fe",
    "color" : "#008EC2",
    "position" : {
      "x" : -12.708204,
      "y" : -12.708204,
      "z" : -17.944271
    },
    "orientation" : 11
  }, {
    "shape" : "eb9f62ef-4ce0-4d1f-bc66-e7d974ac9c66",
    "color" : "#008EC2",
    "position" : {
      "x" : 2.618034,
      "y" : -15.326238,
      "z" : 5.236068
    },
    "orientation" : 22
  }, {
    "shape" : "eb9f62ef-4ce0-4d1f-bc66-e7d974ac9c66",
    "color" : "#008EC2",
    "position" : {
      "x" : -15.326238,
      "y" : -13.708204,
      "z" : -11.09017
    },
    "orientation" : 24
  }, {
    "shape" : "92dd17b8-9472-4c6c-affb-1c8b8ceaab22",
    "color" : "#F2F2F2",
    "position" : {
      "x" : -7.472136,
      "y" : 7.472136,
      "z" : 17.944271
    }
  }, {
    "shape" : "b87d28f3-8cca-43e6-893d-a11fd6f148fe",
    "color" : "#008EC2",
    "position" : {
      "x" : 4.236068,
      "y" : -17.944271,
      "z" : 4.236068
    },
    "orientation" : 10
  }, {
    "shape" : "92dd17b8-9472-4c6c-affb-1c8b8ceaab22",
    "color" : "#F2F2F2",
    "position" : {
      "x" : 11.09017,
