{
  "polygons" : "true",
  "field" : "golden",
  "symmetry" : "icosahedral",
  "orientations" : [ [ 1.0, 0.0, 0.0, 0.0, 0.0, 1.0, 0.0, 0.0, 0.0, 0.0, 1.0, 0.0, 0.0, 0.0, 0.0, 1.0 ], [ 0.0, 0.0, 1.0, 0.0, 1.0, 0.0, 0.0, 0.0, 0.0, 1.0, 0.0, 0.0, 0.0, 0.0, 0.0, 1.0 ], [ 0.0, 1.0, 0.0, 0.0, 0.0, 0.0, 1.0, 0.0, 1.0, 0.0, 0.0, 0.0, 0.0, 0.0, 0.0, 1.0 ], [ 0.809017, 0.309017, 0.5, 0.0, 0.309017, 0.5, -0.809017, 0.0, -0.5, 0.809017, 0.309017, 0.0, 0.0, 0.0, 0.0, 1.0 ], [ -0.5, 0.809017, 0.309017, 0.0, 0.809017, 0.309017, 0.5, 0.0, 0.309017, 0.5, -0.809017, 0.0, 0.0, 0.0, 0.0, 1.0 ], [ 0.309017, 0.5, -0.809017, 0.0, -0.5, 0.809017, 0.309017, 0.0, 0.809017, 0.309017, 0.5, 0.0, 0.0, 0.0, 0.0, 1.0 ], [ 0.5, 0.809017, 0.309017, 0.0, 0.809017, -0.309017, -0.5, 0.0, -0.309017, 0.5, -0.809017, 0.0, 0.0, 0.0, 0.0, 1.0 ], [ -0.309017, 0.5, -0.809017, 0.0, 0.5, 0.809017, 0.309017, 0.0, 0.809017, -0.309017, -0.5, 0.0, 0.0, 0.0, 0.0, 1.0 ], [ 0.809017, -0.309017, -0.5, 0.0, -0.309017, 0.5, -0.809017, 0.0, 0.5, 0.809017, 0.309017, 0.0, 0.0, 0.0, 0.0, 1.0 ], [ 0.5, 0.809017, -0.309017, 0.0, 0.809017, -0.309017, 0.5, 0.0, 0.309017, -0.5, -0.809017, 0.0, 0.0, 0.0, 0.0, 1.0 ], [ 0.309017, -0.5, -0.809017, 0.0, 0.5, 0.809017, -0.309017, 0.0, 0.809017, -0.309017, 0.5, 0.0, 0.0, 0.0, 0.0, 1.0 ], [ 0.809017, -0.309017, 0.5, 0.0, 0.309017, -0.5, -0.809017, 0.0, 0.5, 0.809017, -0.309017, 0.0, 0.0, 0.0, 0.0, 1.0 ], [ 0.809017, 0.309017, -0.5, 0.0, 0.309017, 0.5, 0.809017, 0.0, 0.5, -0.809017, 0.309017, 0.0, 0.0, 0.0, 0.0, 1.0 ], [ 0.5, -0.809017, 0.309017, 0.0, 0.809017, 0.309017, -0.5, 0.0, 0.309017, 0.5, 0.809017, 0.0, 0.0, 0.0, 0.0, 1.0 ], [ 0.309017, 0.5, 0.809017, 0.0, 0.5, -0.809017, 0.309017, 0.0, 0.809017, 0.309017, -0.5, 0.0, 0.0, 0.0, 0.0, 1.0 ], [ 1.0, 0.0, 0.0, 0.0, 0.0, -1.0, 0.0, 0.0, 0.0, 0.0, -1.0, 0.0, 0.0, 0.0, 0.0, 1.0 ], [ 0.0, 0.0, 1.0, 0.0, -1.0, 0.0, 0.0, 0.0, 0.0, -1.0, 0.0, 0.0, 0.0, 0.0, 0.0, 1.0 ], [ 0.0, 1.0, 0.0, 0.0, 0.0, 0.0, -1.0, 0.0, -1.0, 0.0, 0.0, 0.0, 0.0, 0.0, 0.0, 1.0 ], [ 0.809017, 0.309017, 0.5, 0.0, -0.309017, -0.5, 0.809017, 0.0, 0.5, -0.809017, -0.309017, 0.0, 0.0, 0.0, 0.0, 1.0 ], [ -0.5, 0.809017, 0.309017, 0.0, -0.809017, -0.309017, -0.5, 0.0, -0.309017, -0.5, 0.809017, 0.0, 0.0, 0.0, 0.0, 1.0 ], [ 0.309017, 0.5, -0.809017, 0.0, 0.5, -0.809017, -0.309017, 0.0, -0.809017, -0.309017, -0.5, 0.0, 0.0, 0.0, 0.0, 1.0 ], [ 0.5, 0.809017, 0.309017, 0.0, -0.809017, 0.309017, 0.5, 0.0, 0.309017, -0.5, 0.809017, 0.0, 0.0, 0.0, 0.0, 1.0 ], [ -0.309017, 0.5, -0.809017, 0.0, -0.5, -0.809017, -0.309017, 0.0, -0.809017, 0.309017, 0.5, 0.0, 0.0, 0.0, 0.0, 1.0 ], [ 0.809017, -0.309017, -0.5, 0.0, 0.309017, -0.5, 0.809017, 0.0, -0.5, -0.809017, -0.309017, 0.0, 0.0, 0.0, 0.0, 1.0 ], [ 0.5, 0.809017, -0.309017, 0.0, -0.809017, 0.309017, -0.5, 0.0, -0.309017, 0.5, 0.809017, 0.0, 0.0, 0.0, 0.0, 1.0 ], [ 0.309017, -0.5, -0.809017, 0.0, -0.5, -0.809017, 0.309017, 0.0, -0.809017, 0.309017, -0.5, 0.0, 0.0, 0.0, 0.0, 1.0 ], [ 0.809017, -0.309017, 0.5, 0.0, -0.309017, 0.5, 0.809017, 0.0, -0.5, -0.809017, 0.309017, 0.0, 0.0, 0.0, 0.0, 1.0 ], [ 0.809017, 0.309017, -0.5, 0.0, -0.309017, -0.5, -0.809017, 0.0, -0.5, 0.809017, -0.309017, 0.0, 0.0, 0.0, 0.0, 1.0 ], [ 0.5, -0.809017, 0.309017, 0.0, -0.809017, -0.309017, 0.5, 0.0, -0.309017, -0.5, -0.809017, 0.0, 0.0, 0.0, 0.0, 1.0 ], [ 0.309017, 0.5, 0.809017, 0.0, -0.5, 0.809017, -0.309017, 0.0, -0.809017, -0.309017, 0.5, 0.0, 0.0, 0.0, 0.0, 1.0 ], [ -1.0, 0.0, 0.0, 0.0, 0.0, -1.0, 0.0, 0.0, 0.0, 0.0, 1.0, 0.0, 0.0, 0.0, 0.0, 1.0 ], [ 0.0, 0.0, -1.0, 0.0, -1.0, 0.0, 0.0, 0.0, 0.0, 1.0, 0.0, 0.0, 0.0, 0.0, 0.0, 1.0 ], [ 0.0, -1.0, 0.0, 0.0, 0.0, 0.0, -1.0, 0.0, 1.0, 0.0, 0.0, 0.0, 0.0, 0.0, 0.0, 1.0 ], [ -0.809017, -0.309017, -0.5, 0.0, -0.309017, -0.5, 0.809017, 0.0, -0.5, 0.809017, 0.309017, 0.0, 0.0, 0.0, 0.0, 1.0 ], [ 0.5, -0.809017, -0.309017, 0.0, -0.809017, -0.309017, -0.5, 0.0, 0.309017, 0.5, -0.809017, 0.0, 0.0, 0.0, 0.0, 1.0 ], [ -0.309017, -0.5, 0.809017, 0.0, 0.5, -0.809017, -0.309017, 0.0, 0.809017, 0.309017, 0.5, 0.0, 0.0, 0.0, 0.0, 1.0 ], [ -0.5, -0.809017, -0.309017, 0.0, -0.809017, 0.309017, 0.5, 0.0, -0.309017, 0.5, -0.809017, 0.0, 0.0, 0.0, 0.0, 1.0 ], [ 0.309017, -0.5, 0.809017, 0.0, -0.5, -0.809017, -0.309017, 0.0, 0.809017, -0.309017, -0.5, 0.0, 0.0, 0.0, 0.0, 1.0 ], [ -0.809017, 0.309017, 0.5, 0.0, 0.309017, -0.5, 0.809017, 0.0, 0.5, 0.809017, 0.309017, 0.0, 0.0, 0.0, 0.0, 1.0 ], [ -0.5, -0.809017, 0.309017, 0.0, -0.809017, 0.309017, -0.5, 0.0, 0.309017, -0.5, -0.809017, 0.0, 0.0, 0.0, 0.0, 1.0 ], [ -0.309017, 0.5, 0.809017, 0.0, -0.5, -0.809017, 0.309017, 0.0, 0.809017, -0.309017, 0.5, 0.0, 0.0, 0.0, 0.0, 1.0 ], [ -0.809017, 0.309017, -0.5, 0.0, -0.309017, 0.5, 0.809017, 0.0, 0.5, 0.809017, -0.309017, 0.0, 0.0, 0.0, 0.0, 1.0 ], [ -0.809017, -0.309017, 0.5, 0.0, -0.309017, -0.5, -0.809017, 0.0, 0.5, -0.809017, 0.309017, 0.0, 0.0, 0.0, 0.0, 1.0 ], [ -0.5, 0.809017, -0.309017, 0.0, -0.809017, -0.309017, 0.5, 0.0, 0.309017, 0.5, 0.809017, 0.0, 0.0, 0.0, 0.0, 1.0 ], [ -0.309017, -0.5, -0.809017, 0.0, -0.5, 0.809017, -0.309017, 0.0, 0.809017, 0.309017, -0.5, 0.0, 0.0, 0.0, 0.0, 1.0 ], [ -1.0, 0.0, 0.0, 0.0, 0.0, 1.0, 0.0, 0.0, 0.0, 0.0, -1.0, 0.0, 0.0, 0.0, 0.0, 1.0 ], [ 0.0, 0.0, -1.0, 0.0, 1.0, 0.0, 0.0, 0.0, 0.0, -1.0, 0.0, 0.0, 0.0, 0.0, 0.0, 1.0 ], [ 0.0, -1.0, 0.0, 0.0, 0.0, 0.0, 1.0, 0.0, -1.0, 0.0, 0.0, 0.0, 0.0, 0.0, 0.0, 1.0 ], [ -0.809017, -0.309017, -0.5, 0.0, 0.309017, 0.5, -0.809017, 0.0, 0.5, -0.809017, -0.309017, 0.0, 0.0, 0.0, 0.0, 1.0 ], [ 0.5, -0.809017, -0.309017, 0.0, 0.809017, 0.309017, 0.5, 0.0, -0.309017, -0.5, 0.809017, 0.0, 0.0, 0.0, 0.0, 1.0 ], [ -0.309017, -0.5, 0.809017, 0.0, -0.5, 0.809017, 0.309017, 0.0, -0.809017, -0.309017, -0.5, 0.0, 0.0, 0.0, 0.0, 1.0 ], [ -0.5, -0.809017, -0.309017, 0.0, 0.809017, -0.309017, -0.5, 0.0, 0.309017, -0.5, 0.809017, 0.0, 0.0, 0.0, 0.0, 1.0 ], [ 0.309017, -0.5, 0.809017, 0.0, 0.5, 0.809017, 0.309017, 0.0, -0.809017, 0.309017, 0.5, 0.0, 0.0, 0.0, 0.0, 1.0 ], [ -0.809017, 0.309017, 0.5, 0.0, -0.309017, 0.5, -0.809017, 0.0, -0.5, -0.809017, -0.309017, 0.0, 0.0, 0.0, 0.0, 1.0 ], [ -0.5, -0.809017, 0.309017, 0.0, 0.809017, -0.309017, 0.5, 0.0, -0.309017, 0.5, 0.809017, 0.0, 0.0, 0.0, 0.0, 1.0 ], [ -0.309017, 0.5, 0.809017, 0.0, 0.5, 0.809017, -0.309017, 0.0, -0.809017, 0.309017, -0.5, 0.0, 0.0, 0.0, 0.0, 1.0 ], [ -0.809017, 0.309017, -0.5, 0.0, 0.309017, -0.5, -0.809017, 0.0, -0.5, -0.809017, 0.309017, 0.0, 0.0, 0.0, 0.0, 1.0 ], [ -0.809017, -0.309017, 0.5, 0.0, 0.309017, 0.5, 0.809017, 0.0, -0.5, 0.809017, -0.309017, 0.0, 0.0, 0.0, 0.0, 1.0 ], [ -0.5, 0.809017, -0.309017, 0.0, 0.809017, 0.309017, -0.5, 0.0, -0.309017, -0.5, -0.809017, 0.0, 0.0, 0.0, 0.0, 1.0 ], [ -0.309017, -0.5, -0.809017, 0.0, 0.5, -0.809017, 0.309017, 0.0, -0.809017, -0.309017, 0.5, 0.0, 0.0, 0.0, 0.0, 1.0 ] ],
  "lights" : {
    "directionalLights" : [ {
      "direction" : [ 1.0, -1.0, -1.0 ],
      "color" : "#EBEBE4"
    }, {
      "direction" : [ -1.0, 0.0, 0.0 ],
      "color" : "#E4E4EB"
    }, {
      "direction" : [ 0.0, 0.0, -1.0 ],
      "color" : "#1E1E1E"
    } ],
    "ambientColor" : "#292929",
    "backgroundColor" : "#AFC8DC"
  },
  "camera" : {
    "width" : 209.88979176,
    "position" : {
      "x" : 0,
      "y" : 166.4295917,
      "z" : -435.71830179
    },
    "perspective" : false,
    "lookAtPointRV" : {
      "x" : 0.0,
      "y" : 0.0,
      "z" : 0.0,
      "zero" : true
    },
    "upDirectionRV" : {
      "x" : 0.99999994,
      "y" : 0.0,
      "z" : 0.0,
      "zero" : false
    },
    "viewDistance" : 466.42175946,
    "fieldOfView" : 0.44262888,
    "lookDirectionRV" : {
      "x" : 0.0,
      "y" : -0.3568221,
      "z" : 0.93417233,
      "zero" : false
    },
    "stereo" : false,
    "lookDirection" : {
      "x" : 0.0,
      "y" : -0.3568221,
      "z" : 0.93417233
    },
    "lookAtPoint" : {
      "x" : 0.0,
      "y" : 0.0,
      "z" : 0.0
    },
    "farClipDistance" : 932.84351891,
    "upDirection" : {
      "x" : 0.99999994,
      "y" : 0.0,
      "z" : 0.0
    },
    "nearClipDistance" : 1.1660544
  },
  "embedding" : [ 1.0, 0.0, 0.0, 0.0, 0.0, 1.0, 0.0, 0.0, 0.0, 0.0, 1.0, 0.0, 0.0, 0.0, 0.0, 1.0 ],
  "shapes" : [ {
    "id" : "23cfb06e-b78d-4ec6-a3c9-47bc49726d30",
    "orbit" : "green",
    "orbitC" : "[[2,-1,1],[5,-3,1]]",
    "length" : "[\"0\",\"1\",\"1\"]",
    "name" : "g2",
    "vertices" : [ {
      "x" : 16.230747,
      "y" : 6.0086102,
      "z" : -2.486068
    }, {
      "x" : 17.253288,
      "y" : 6.045085,
      "z" : -2.618034
    }, {
      "x" : 16.230747,
      "y" : 6.0086102,
      "z" : -2.104102
    }, {
      "x" : 16.039762,
      "y" : 6.3176274,
      "z" : -2.604102
    }, {
      "x" : 16.039762,
      "y" : 6.3176274,
      "z" : -2.222136
    }, {
      "x" : 0.809017,
      "y" : 0.618034,
      "z" : 0.309017
    }, {
      "x" : 1.0,
      "y" : 0.309017,
      "z" : 0.19098301
    }, {
      "x" : 1.9045085,
      "y" : 0.5364745,
      "z" : -0.013932022
    }, {
      "x" : 16.944271,
      "y" : 6.545085,
      "z" : -2.809017
    }, {
      "x" : 17.135256,
      "y" : 6.236068,
      "z" : -2.927051
    }, {
      "x" : 17.135256,
      "y" : 6.236068,
      "z" : -2.309017
    }, {
      "x" : 16.944271,
      "y" : 6.545085,
      "z" : -2.427051
    }, {
      "x" : 1.7135255,
      "y" : 0.8454915,
      "z" : -0.13196601
    }, {
      "x" : 0.690983,
      "y" : 0.809017,
      "z" : 0.0
    }, {
      "x" : 1.9045085,
      "y" : 0.5364745,
      "z" : -0.39589804
    }, {
      "x" : 1.7135255,
      "y" : 0.8454915,
      "z" : -0.51393205
    }, {
      "x" : 0.809017,
      "y" : 0.618034,
      "z" : -0.309017
    }, {
      "x" : 1.0,
      "y" : 0.309017,
      "z" : -0.19098301
    }, {
      "x" : 17.944271,
      "y" : 6.854102,
      "z" : -2.618034
    } ],
    "faces" : [ {
      "vertices" : [ 0, 14, 15, 3 ]
    }, {
      "vertices" : [ 3, 15, 12, 4 ]
    }, {
      "vertices" : [ 0, 1, 2 ]
    }, {
      "vertices" : [ 12, 15, 13 ]
    }, {
      "vertices" : [ 0, 9, 1 ]
    }, {
      "vertices" : [ 0, 3, 9 ]
    }, {
      "vertices" : [ 13, 15, 16 ]
    }, {
      "vertices" : [ 6, 17, 14, 7 ]
    }, {
      "vertices" : [ 1, 10, 2 ]
    }, {
      "vertices" : [ 5, 6, 7 ]
    }, {
      "vertices" : [ 3, 8, 9 ]
    }, {
      "vertices" : [ 0, 2, 7, 14 ]
    }, {
      "vertices" : [ 5, 7, 12 ]
    }, {
      "vertices" : [ 2, 4, 12, 7 ]
    }, {
      "vertices" : [ 3, 4, 11, 8 ]
    }, {
      "vertices" : [ 2, 10, 11, 4 ]
    }, {
      "vertices" : [ 5, 12, 13 ]
    }, {
      "vertices" : [ 14, 17, 16, 15 ]
    } ]
  }, {
    "id" : "652a2fbb-dacb-4c62-8f45-b99f293b20d2",
    "name" : "ball",
    "vertices" : [ {
      "x" : 0.309017,
      "y" : -0.809017,
      "z" : 0.618034
    }, {
      "x" : 0.809017,
      "y" : -0.618034,
      "z" : 0.309017
    }, {
      "x" : 0.618034,
      "y" : -0.309017,
      "z" : 0.809017
    }, {
      "x" : 1.0,
      "y" : 0.309017,
      "z" : 0.19098301
    }, {
      "x" : 0.809017,
      "y" : 0.618034,
      "z" : 0.309017
    }, {
      "x" : 0.618034,
      "y" : 0.309017,
      "z" : 0.809017
    }, {
      "x" : 0.809017,
      "y" : 0.0,
      "z" : 0.690983
    }, {
      "x" : 0.19098301,
      "y" : -1.0,
      "z" : 0.309017
    }, {
      "x" : -0.19098301,
      "y" : -1.0,
      "z" : 0.309017
    }, {
      "x" : -0.19098301,
      "y" : -1.0,
      "z" : -0.309017
    }, {
      "x" : 0.19098301,
      "y" : -1.0,
      "z" : -0.309017
    }, {
      "x" : 1.0,
      "y" : -0.309017,
      "z" : -0.19098301
    }, {
      "x" : 0.809017,
      "y" : -0.618034,
      "z" : -0.309017
    }, {
      "x" : 0.618034,
      "y" : -0.309017,
      "z" : -0.809017
    }, {
      "x" : 0.809017,
      "y" : 0.0,
      "z" : -0.690983
    }, {
      "x" : 0.0,
      "y" : 0.690983,
      "z" : -0.809017
    }, {
      "x" : 0.309017,
      "y" : 0.809017,
      "z" : -0.618034
    }, {
      "x" : 0.618034,
      "y" : 0.309017,
      "z" : -0.809017
    }, {
      "x" : 0.309017,
      "y" : 0.19098301,
      "z" : -1.0
    }, {
      "x" : 1.0,
      "y" : 0.309017,
      "z" : -0.19098301
    }, {
      "x" : -0.309017,
      "y" : -0.809017,
      "z" : 0.618034
    }, {
      "x" : 0.0,
      "y" : -0.690983,
      "z" : 0.809017
    }, {
      "x" : 0.809017,
      "y" : 0.618034,
      "z" : -0.309017
    }, {
      "x" : 0.690983,
      "y" : 0.809017,
      "z" : 0.0
    }, {
      "x" : -0.690983,
      "y" : 0.809017,
      "z" : 0.0
    }, {
      "x" : -0.809017,
      "y" : 0.618034,
      "z" : 0.309017
    }, {
      "x" : -0.309017,
      "y" : 0.809017,
      "z" : 0.618034
    }, {
      "x" : -0.19098301,
      "y" : 1.0,
      "z" : 0.309017
    }, {
      "x" : 0.309017,
      "y" : -0.19098301,
      "z" : -1.0
    }, {
      "x" : 0.19098301,
      "y" : 1.0,
      "z" : 0.309017
    }, {
      "x" : 0.309017,
      "y" : 0.809017,
      "z" : 0.618034
    }, {
      "x" : -0.809017,
      "y" : -0.618034,
      "z" : 0.309017
    }, {
      "x" : -0.690983,
      "y" : -0.809017,
      "z" : 0.0
    }, {
      "x" : 0.0,
      "y" : 0.690983,
      "z" : 0.809017
    }, {
      "x" : 0.309017,
      "y" : -0.809017,
      "z" : -0.618034
    }, {
      "x" : 0.0,
      "y" : -0.690983,
      "z" : -0.809017
    }, {
      "x" : -1.0,
      "y" : 0.309017,
      "z" : 0.19098301
    }, {
      "x" : -0.809017,
      "y" : 0.0,
      "z" : 0.690983
    }, {
      "x" : -0.618034,
      "y" : 0.309017,
      "z" : 0.809017
    }, {
      "x" : 1.0,
      "y" : -0.309017,
      "z" : 0.19098301
    }, {
      "x" : -0.309017,
      "y" : -0.809017,
      "z" : -0.618034
    }, {
      "x" : -1.0,
      "y" : 0.309017,
      "z" : -0.19098301
    }, {
      "x" : -1.0,
      "y" : -0.309017,
      "z" : -0.19098301
    }, {
      "x" : -1.0,
      "y" : -0.309017,
      "z" : 0.19098301
    }, {
      "x" : 0.19098301,
      "y" : 1.0,
      "z" : -0.309017
    }, {
      "x" : -0.809017,
      "y" : 0.618034,
      "z" : -0.309017
    }, {
      "x" : -0.19098301,
      "y" : 1.0,
      "z" : -0.309017
    }, {
      "x" : -0.309017,
      "y" : 0.809017,
      "z" : -0.618034
    }, {
      "x" : -0.618034,
      "y" : -0.309017,
      "z" : 0.809017
    }, {
      "x" : 0.309017,
      "y" : 0.19098301,
      "z" : 1.0
    }, {
      "x" : -0.309017,
      "y" : 0.19098301,
      "z" : -1.0
    }, {
      "x" : -0.309017,
      "y" : 0.19098301,
      "z" : 1.0
    }, {
      "x" : -0.309017,
      "y" : -0.19098301,
      "z" : 1.0
    }, {
      "x" : 0.309017,
      "y" : -0.19098301,
      "z" : 1.0
    }, {
      "x" : 0.690983,
      "y" : -0.809017,
      "z" : 0.0
    }, {
      "x" : -0.809017,
      "y" : 0.0,
      "z" : -0.690983
    }, {
      "x" : -0.618034,
      "y" : -0.309017,
      "z" : -0.809017
    }, {
      "x" : -0.309017,
      "y" : -0.19098301,
      "z" : -1.0
    }, {
      "x" : -0.618034,
      "y" : 0.309017,
      "z" : -0.809017
    }, {
      "x" : -0.809017,
      "y" : -0.618034,
      "z" : -0.309017
    } ],
    "faces" : [ {
      "vertices" : [ 9, 40, 35, 34, 10 ]
    }, {
      "vertices" : [ 0, 1, 2 ]
    }, {
      "vertices" : [ 33, 51, 49 ]
    }, {
      "vertices" : [ 25, 36, 37, 38 ]
    }, {
      "vertices" : [ 41, 55, 42 ]
    }, {
      "vertices" : [ 9, 32, 59, 40 ]
    }, {
      "vertices" : [ 20, 21, 52, 48 ]
    }, {
      "vertices" : [ 26, 33, 30, 29, 27 ]
    }, {
      "vertices" : [ 3, 4, 5, 6 ]
    }, {
      "vertices" : [ 27, 29, 44, 46 ]
    }, {
      "vertices" : [ 50, 57, 56, 55, 58 ]
    }, {
      "vertices" : [ 26, 38, 51, 33 ]
    }, {
      "vertices" : [ 45, 47, 58 ]
    }, {
      "vertices" : [ 18, 28, 57, 50 ]
    }, {
      "vertices" : [ 40, 59, 56 ]
    }, {
      "vertices" : [ 31, 48, 37, 43 ]
    }, {
      "vertices" : [ 7, 8, 9, 10 ]
    }, {
      "vertices" : [ 36, 41, 42, 43 ]
    }, {
      "vertices" : [ 24, 46, 47, 45 ]
    }, {
      "vertices" : [ 4, 30, 5 ]
    }, {
      "vertices" : [ 15, 47, 46, 44, 16 ]
    }, {
      "vertices" : [ 15, 50, 58, 47 ]
    }, {
      "vertices" : [ 24, 45, 41, 36, 25 ]
    }, {
      "vertices" : [ 11, 14, 19 ]
    }, {
      "vertices" : [ 3, 6, 39 ]
    }, {
      "vertices" : [ 1, 39, 6, 2 ]
    }, {
      "vertices" : [ 8, 32, 9 ]
    }, {
      "vertices" : [ 11, 12, 13, 14 ]
    }, {
      "vertices" : [ 16, 22, 17 ]
    }, {
      "vertices" : [ 0, 21, 20, 8, 7 ]
    }, {
      "vertices" : [ 12, 34, 13 ]
    }, {
      "vertices" : [ 35, 40, 56, 57 ]
    }, {
      "vertices" : [ 0, 7, 54, 1 ]
    }, {
      "vertices" : [ 15, 16, 17, 18 ]
    }, {
      "vertices" : [ 3, 19, 22, 23, 4 ]
    }, {
      "vertices" : [ 7, 10, 54 ]
    }, {
      "vertices" : [ 41, 45, 58, 55 ]
    }, {
      "vertices" : [ 3, 39, 11, 19 ]
    }, {
      "vertices" : [ 14, 17, 22, 19 ]
    }, {
      "vertices" : [ 0, 2, 53, 21 ]
    }, {
      "vertices" : [ 49, 51, 52, 53 ]
    }, {
      "vertices" : [ 31, 43, 42, 59, 32 ]
    }, {
      "vertices" : [ 15, 18, 50 ]
    }, {
      "vertices" : [ 42, 55, 56, 59 ]
    }, {
      "vertices" : [ 4, 23, 29, 30 ]
    }, {
      "vertices" : [ 25, 38, 26 ]
    }, {
      "vertices" : [ 13, 28, 18, 17, 14 ]
    }, {
      "vertices" : [ 8, 20, 31, 32 ]
    }, {
      "vertices" : [ 23, 44, 29 ]
    }, {
      "vertices" : [ 24, 27, 46 ]
    }, {
      "vertices" : [ 37, 48, 52, 51, 38 ]
    }, {
      "vertices" : [ 20, 48, 31 ]
    }, {
      "vertices" : [ 24, 25, 26, 27 ]
    }, {
      "vertices" : [ 16, 44, 23, 22 ]
    }, {
      "vertices" : [ 13, 34, 35, 28 ]
    }, {
      "vertices" : [ 10, 34, 12, 54 ]
    }, {
      "vertices" : [ 2, 6, 5, 49, 53 ]
    }, {
      "vertices" : [ 36, 43, 37 ]
    }, {
      "vertices" : [ 5, 30, 33, 49 ]
    }, {
      "vertices" : [ 1, 54, 12, 11, 39 ]
    }, {
      "vertices" : [ 28, 35, 57 ]
    }, {
      "vertices" : [ 21, 53, 52 ]
    } ]
  } ],
  "instances" : [ {
    "shape" : "23cfb06e-b78d-4ec6-a3c9-47bc49726d30",
    "color" : "#00993F",
    "position" : {
      "x" : 26.416409,
      "y" : -6.854102,
      "z" : -11.09017
    },
    "orientation" : 30
  }, {
    "shape" : "23cfb06e-b78d-4ec6-a3c9-47bc49726d30",
    "color" : "#00993F",
    "position" : {
      "x" : 19.562305,
      "y" : -4.236068,
      "z" : 6.854102
    },
    "orientation" : 48
  }, {
    "shape" : "652a2fbb-dacb-4c62-8f45-b99f293b20d2",
    "color" : "#F2F2F2",
    "position" : {
      "x" : -4.236068,
      "y" : 29.034441,
      "z" : 2.618034
    }
  }, {
    "shape" : "652a2fbb-dacb-4c62-8f45-b99f293b20d2",
    "color" : "#F2F2F2",
    "position" : {
      "x" : -4.236068,
      "y" : -6.854102,
      "z" : -11.09017
    }
  }, {
    "shape" : "23cfb06e-b78d-4ec6-a3c9-47bc49726d30",
    "color" : "#00993F",
    "position" : {
      "x" : 29.034441,
      "y" : 11.09017,
      "z" : -4.236068
    },
    "orientation" : 56
  }, {
    "shape" : "23cfb06e-b78d-4ec6-a3c9-47bc49726d30",
    "color" : "#00993F",
    "position" : {
      "x" : 0.0,
      "y" : 8.472136,
      "z" : -22.18034
    },
    "orientation" : 32
  }, {
    "shape" : "23cfb06e-b78d-4ec6-a3c9-47bc49726d30",
    "color" : "#00993F",
    "position" : {
      "x" : -8.472136,
      "y" : 0.0,
      "z" : 8.472136
    },
    "orientation" : 32
  }, {
    "shape" : "652a2fbb-dacb-4c62-8f45-b99f293b20d2",
    "color" : "#F2F2F2",
    "position" : {
      "x" : -4.236068,
      "y" : 15.326238,
      "z" : -2.618034
    }
  }, {
    "shape" : "652a2fbb-dacb-4c62-8f45-b99f293b20d2",
    "color" : "#F2F2F2",
    "position" : {
      "x" : 9.472136,
      "y" : 6.854102,
      "z" : 11.09017
    }
  }, {
    "shape" : "23cfb06e-b78d-4ec6-a3c9-47bc49726d30",
    "color" : "#00993F",
    "position" : {
      "x" : 6.854102,
      "y" : -11.09017,
      "z" : 4.236068
    },
    "orientation" : 32
  }, {
    "shape" : "23cfb06e-b78d-4ec6-a3c9-47bc49726d30",
    "color" : "#00993F",
    "position" : {
      "x" : -15.326238,
      "y" : 2.618034,
      "z" : 26.416409
    },
    "orientation" : 56
  }, {
    "shape" : "23cfb06e-b78d-4ec6-a3c9-47bc49726d30",
    "color" : "#00993F",
    "position" : {
      "x" : 19.562305,
      "y" : -4.236068,
      "z" : 6.854102
    },
    "orientation" : 56
  }, {
    "shape" : "23cfb06e-b78d-4ec6-a3c9-47bc49726d30",
    "color" : "#00993F",
    "position" : {
      "x" : -4.236068,
      "y" : 29.034441,
      "z" : 2.618034
    },
    "orientation" : 16
  }, {
    "shape" : "23cfb06e-b78d-4ec6-a3c9-47bc49726d30",
    "color" : "#00993F",
    "position" : {
      "x" : -11.09017,
      "y" : 17.944271,
      "z" : 15.326238
    },
    "orientation" : 16
  }, {
    "shape" : "23cfb06e-b78d-4ec6-a3c9-47bc49726d30",
    "color" : "#00993F",
    "position" : {
      "x" : -22.18034,
      "y" : -13.708204,
      "z" : -13.708204
    },
    "orientation" : 49
  }, {
    "shape" : "23cfb06e-b78d-4ec6-a3c9-47bc49726d30",
    "color" : "#00993F",
    "position" : {
      "x" : 24.798374,
      "y" : -4.236068,
      "z" : 6.854102
    },
    "orientation" : 49
  }, {
    "shape" : "23cfb06e-b78d-4ec6-a3c9-47bc49726d30",
    "color" : "#00993F",
    "position" : {
      "x" : 2.618034,
      "y" : 9.472136,
      "z" : 29.034441
    },
    "orientation" : 16
  }, {
    "shape" : "23cfb06e-b78d-4ec6-a3c9-47bc49726d30",
    "color" : "#00993F",
    "position" : {
      "x" : -2.618034,
      "y" : -26.416409,
      "z" : 15.326238
    },
    "orientation" : 49
  }, {
    "shape" : "23cfb06e-b78d-4ec6-a3c9-47bc49726d30",
    "color" : "#00993F",
    "position" : {
      "x" : -2.618034,
      "y" : -26.416409,
      "z" : 15.326238
    },
    "orientation" : 56
  }, {
    "shape" : "23cfb06e-b78d-4ec6-a3c9-47bc49726d30",
    "color" : "#00993F",
    "position" : {
      "x" : 2.618034,
      "y" : 9.472136,
      "z" : 29.034441
    },
    "orientation" : 49
  }, {
    "shape" : "23cfb06e-b78d-4ec6-a3c9-47bc49726d30",
    "color" : "#00993F",
    "position" : {
      "x" : -29.034441,
      "y" : -11.09017,
      "z" : 4.236068
    },
    "orientation" : 49
  }, {
    "shape" : "652a2fbb-dacb-4c62-8f45-b99f293b20d2",
    "color" : "#F2F2F2",
    "position" : {
      "x" : -24.798374,
      "y" : 4.236068,
      "z" : -6.854102
    }
  }, {
    "shape" : "652a2fbb-dacb-4c62-8f45-b99f293b20d2",
    "color" : "#F2F2F2",
    "position" : {
      "x" : -22.18034,
      "y" : 22.18034,
      "z" : 0.0
    }
  }, {
    "shape" : "23cfb06e-b78d-4ec6-a3c9-47bc49726d30",
    "color" : "#00993F",
    "position" : {
      "x" : 22.18034,
      "y" : 13.708204,
      "z" : 13.708204
    },
    "orientation" : 16
  }, {
    "shape" : "23cfb06e-b78d-4ec6-a3c9-47bc49726d30",
    "color" : "#00993F",
    "position" : {
      "x" : 9.472136,
      "y" : 6.854102,
      "z" : 11.09017
    },
    "orientation" : 30
  }, {
    "shape" : "23cfb06e-b78d-4ec6-a3c9-47bc49726d30",
    "color" : "#00993F",
    "position" : {
      "x" : 8.472136,
      "y" : 0.0,
      "z" : -8.472136
    },
    "orientation" : 30
  }, {
    "shape" : "23cfb06e-b78d-4ec6-a3c9-47bc49726d30",
    "color" : "#00993F",
    "position" : {
      "x" : 6.854102,
      "y" : -11.09017,
      "z" : 4.236068
    },
    "orientation" : 16
  }, {
    "shape" : "23cfb06e-b78d-4ec6-a3c9-47bc49726d30",
    "color" : "#00993F",
    "position" : {
      "x" : 6.854102,
      "y" : 2.618034,
      "z" : 9.472136
    },
    "orientation" : 48
  }, {
    "shape" : "652a2fbb-dacb-4c62-8f45-b99f293b20d2",
    "color" : "#F2F2F2",
    "position" : {
      "x" : 6.854102,
      "y" : 2.618034,
      "z" : 9.472136
    }
  }, {
    "shape" : "23cfb06e-b78d-4ec6-a3c9-47bc49726d30",
    "color" : "#00993F",
    "position" : {
      "x" : -17.944271,
      "y" : 1.618034,
      "z" : -24.798374
    },
    "orientation" : 32
  }, {
    "shape" : "23cfb06e-b78d-4ec6-a3c9-47bc49726d30",
    "color" : "#00993F",
    "position" : {
      "x" : 17.944271,
      "y" : -1.618034,
      "z" : 24.798374
    },
    "orientation" : 49
  }, {
    "shape" : "23cfb06e-b78d-4ec6-a3c9-47bc49726d30",
    "color" : "#00993F",
    "position" : {
      "x" : -13.708204,
      "y" : -22.18034,
      "z" : 0.0
    },
    "orientation" : 48
  }, {
    "shape" : "652a2fbb-dacb-4c62-8f45-b99f293b20d2",
    "color" : "#F2F2F2",
    "position" : {
      "x" : 11.09017,
      "y" : -17.944271,
      "z" : -15.326238
    }
  }, {
    "shape" : "23cfb06e-b78d-4ec6-a3c9-47bc49726d30",
    "color" : "#00993F",
    "position" : {
      "x" : 22.18034,
      "y" : -22.18034,
      "z" : 0.0
    },
    "orientation" : 32
  }, {
    "shape" : "652a2fbb-dacb-4c62-8f45-b99f293b20d2",
    "color" : "#F2F2F2",
    "position" : {
      "x" : -6.854102,
      "y" : 11.09017,
      "z" : -4.236068
    }
  }, {
    "shape" : "23cfb06e-b78d-4ec6-a3c9-47bc49726d30",
    "color" : "#00993F",
    "position" : {
      "x" : 8.472136,
      "y" : -13.708204,
      "z" : -13.708204
    },
    "orientation" : 48
  }, {
    "shape" : "23cfb06e-b78d-4ec6-a3c9-47bc49726d30",
    "color" : "#00993F",
    "position" : {
      "x" : 6.854102,
      "y" : 24.798374,
      "z" : 17.944271
    },
    "orientation" : 56
  }, {
    "shape" : "23cfb06e-b78d-4ec6-a3c9-47bc49726d30",
    "color" : "#00993F",
    "position" : {
      "x" : 13.708204,
      "y" : 22.18034,
      "z" : 0.0
    },
    "orientation" : 56
  }, {
    "shape" : "23cfb06e-b78d-4ec6-a3c9-47bc49726d30",
    "color" : "#00993F",
    "position" : {
      "x" : -4.236068,
      "y" : 15.326238,
      "z" : -2.618034
    },
    "orientation" : 16
  }, {
    "shape" : "23cfb06e-b78d-4ec6-a3c9-47bc49726d30",
    "color" : "#00993F",
    "position" : {
      "x" : 19.562305,
      "y" : -4.236068,
      "z" : 6.854102
    },
    "orientation" : 30
  }, {
    "shape" : "23cfb06e-b78d-4ec6-a3c9-47bc49726d30",
    "color" : "#00993F",
    "position" : {
      "x" : 17.944271,
      "y" : 15.326238,
      "z" : -19.562305
    },
    "orientation" : 16
  }, {
    "shape" : "23cfb06e-b78d-4ec6-a3c9-47bc49726d30",
    "color" : "#00993F",
    "position" : {
      "x" : -15.326238,
      "y" : 19.562305,
      "z" : -17.944271
    },
    "orientation" : 16
  }, {
    "shape" : "23cfb06e-b78d-4ec6-a3c9-47bc49726d30",
    "color" : "#00993F",
    "position" : {
      "x" : 6.854102,
      "y" : 2.618034,
      "z" : 9.472136
    },
    "orientation" : 49
  }, {
    "shape" : "23cfb06e-b78d-4ec6-a3c9-47bc49726d30",
    "color" : "#00993F",
    "position" : {
      "x" : 13.708204,
      "y" : 0.0,
      "z" : -8.472136
    },
    "orientation" : 32
  }, {
    "shape" : "23cfb06e-b78d-4ec6-a3c9-47bc49726d30",
    "color" : "#00993F",
    "position" : {
      "x" : -22.18034,
      "y" : -13.708204,
      "z" : -13.708204
    },
    "orientation" : 32
  }, {
    "shape" : "652a2fbb-dacb-4c62-8f45-b99f293b20d2",
    "color" : "#F2F2F2",
    "position" : {
      "x" : -19.562305,
      "y" : 4.236068,
      "z" : -6.854102
    }
  }, {
    "shape" : "23cfb06e-b78d-4ec6-a3c9-47bc49726d30",
    "color" : "#00993F",
    "position" : {
      "x" : -4.236068,
      "y" : -6.854102,
      "z" : -11.09017
    },
    "orientation" : 30
  }, {
    "shape" : "652a2fbb-dacb-4c62-8f45-b99f293b20d2",
    "color" : "#F2F2F2",
    "position" : {
      "x" : -8.472136,
      "y" : 0.0,
      "z" : 8.472136
    }
  }, {
    "shape" : "652a2fbb-dacb-4c62-8f45-b99f293b20d2",
    "color" : "#F2F2F2",
    "position" : {
      "x" : 29.034441,
      "y" : 11.09017,
      "z" : -4.236068
    }
  }, {
    "shape" : "23cfb06e-b78d-4ec6-a3c9-47bc49726d30",
    "color" : "#00993F",
    "position" : {
      "x" : 4.236068,
      "y" : 6.854102,
      "z" : 11.09017
    },
    "orientation" : 48
  }, {
    "shape" : "23cfb06e-b78d-4ec6-a3c9-47bc49726d30",
    "color" : "#00993F",
    "position" : {
      "x" : -4.236068,
      "y" : 15.326238,
      "z" : -2.618034
    },
    "orientation" : 32
  }, {
    "shape" : "23cfb06e-b78d-4ec6-a3c9-47bc49726d30",
    "color" : "#00993F",
    "position" : {
      "x" : 4.236068,
      "y" : -29.034441,
      "z" : -2.618034
    },
    "orientation" : 56
  }, {
    "shape" : "23cfb06e-b78d-4ec6-a3c9-47bc49726d30",
    "color" : "#00993F",
    "position" : {
      "x" : -6.854102,
      "y" : -24.798374,
      "z" : -17.944271
    },
    "orientation" : 48
  }, {
    "shape" : "23cfb06e-b78d-4ec6-a3c9-47bc49726d30",
    "color" : "#00993F",
    "position" : {
      "x" : 4.236068,
      "y" : -29.034441,
      "z" : -2.618034
    },
    "orientation" : 49
  }, {
    "shape" : "23cfb06e-b78d-4ec6-a3c9-47bc49726d30",
    "color" : "#00993F",
    "position" : {
      "x" : -4.236068,
      "y" : 15.326238,
      "z" : -2.618034
    },
    "orientation" : 56
  }, {
    "shape" : "23cfb06e-b78d-4ec6-a3c9-47bc49726d30",
    "color" : "#00993F",
    "position" : {
      "x" : -6.854102,
      "y" : -24.798374,
      "z" : -17.944271
    },
    "orientation" : 49
  }, {
    "shape" : "652a2fbb-dacb-4c62-8f45-b99f293b20d2",
    "color" : "#F2F2F2",
    "position" : {
      "x" : 15.326238,
      "y" : -2.618034,
      "z" : -26.416409
    }
  }, {
    "shape" : "23cfb06e-b78d-4ec6-a3c9-47bc49726d30",
    "color" : "#00993F",
    "position" : {
      "x" : 6.854102,
      "y" : 2.618034,
      "z" : 9.472136
    },
    "orientation" : 30
  }, {
    "shape" : "23cfb06e-b78d-4ec6-a3c9-47bc49726d30",
    "color" : "#00993F",
    "position" : {
      "x" : -1.618034,
      "y" : 11.09017,
      "z" : -4.236068
    },
    "orientation" : 30
  }, {
    "shape" : "23cfb06e-b78d-4ec6-a3c9-47bc49726d30",
    "color" : "#00993F",
    "position" : {
      "x" : 13.708204,
      "y" : 0.0,
      "z" : -8.472136
    },
    "orientation" : 48
  }, {
    "shape" : "23cfb06e-b78d-4ec6-a3c9-47bc49726d30",
    "color" : "#00993F",
    "position" : {
      "x" : -19.562305,
      "y" : 4.236068,
      "z" : -6.854102
    },
    "orientation" : 49
  }, {
    "shape" : "652a2fbb-dacb-4c62-8f45-b99f293b20d2",
    "color" : "#F2F2F2",
    "position" : {
      "x" : -2.618034,
      "y" : -9.472136,
      "z" : -29.034441
    }
  }, {
    "shape" : "23cfb06e-b78d-4ec6-a3c9-47bc49726d30",
    "color" : "#00993F",
    "position" : {
      "x" : 13.708204,
      "y" : 0.0,
      "z" : -8.472136
    },
    "orientation" : 49
  }, {
    "shape" : "652a2fbb-dacb-4c62-8f45-b99f293b20d2",
    "color" : "#F2F2F2",
    "position" : {
      "x" : 4.236068,
      "y" : -15.326238,
      "z" : 2.618034
    }
  }, {
    "shape" : "23cfb06e-b78d-4ec6-a3c9-47bc49726d30",
    "color" : "#00993F",
    "position" : {
      "x" : -1.618034,
      "y" : 11.09017,
      "z" : -4.236068
    },
    "orientation" : 16
  }, {
    "shape" : "23cfb06e-b78d-4ec6-a3c9-47bc49726d30",
    "color" : "#00993F",
    "position" : {
      "x" : 26.416409,
      "y" : -6.854102,
      "z" : -11.09017
    },
    "orientation" : 56
  }, {
    "shape" : "23cfb06e-b78d-4ec6-a3c9-47bc49726d30",
    "color" : "#00993F",
    "position" : {
      "x" : -11.09017,
      "y" : -4.236068,
      "z" : 6.854102
    },
    "orientation" : 30
  }, {
    "shape" : "652a2fbb-dacb-4c62-8f45-b99f293b20d2",
    "color" : "#F2F2F2",
    "position" : {
      "x" : 8.472136,
      "y" : -13.708204,
      "z" : -13.708204
    }
  }, {
    "shape" : "23cfb06e-b78d-4ec6-a3c9-47bc49726d30",
    "color" : "#00993F",
    "position" : {
      "x" : 24.798374,
      "y" : -4.236068,
      "z" : 6.854102
    },
    "orientation" : 32
  }, {
    "shape" : "652a2fbb-dacb-4c62-8f45-b99f293b20d2",
    "color" : "#F2F2F2",
    "position" : {
      "x" : -6.854102,
      "y" : -2.618034,
      "z" : -9.472136
    }
  }, {
    "shape" : "23cfb06e-b78d-4ec6-a3c9-47bc49726d30",
    "color" : "#00993F",
    "position" : {
      "x" : 15.326238,
      "y" : -2.618034,
      "z" : -26.416409
    },
    "orientation" : 48
  }, {
    "shape" : "23cfb06e-b78d-4ec6-a3c9-47bc49726d30",
    "color" : "#00993F",
    "position" : {
      "x" : -11.09017,
      "y" : -17.944271,
      "z" : 1.618034
    },
    "orientation" : 32
  }, {
    "shape" : "23cfb06e-b78d-4ec6-a3c9-47bc49726d30",
    "color" : "#00993F",
    "position" : {
      "x" : 29.034441,
      "y" : 11.09017,
      "z" : -4.236068
    },
    "orientation" : 30
  }, {
    "shape" : "23cfb06e-b78d-4ec6-a3c9-47bc49726d30",
    "color" : "#00993F",
    "position" : {
      "x" : 17.944271,
      "y" : 15.326238,
      "z" : -19.562305
    },
    "orientation" : 48
  }, {
    "shape" : "652a2fbb-dacb-4c62-8f45-b99f293b20d2",
    "color" : "#F2F2F2",
    "position" : {
      "x" : 0.0,
      "y" : 8.472136,
      "z" : -22.18034
    }
  }, {
    "shape" : "23cfb06e-b78d-4ec6-a3c9-47bc49726d30",
    "color" : "#00993F",
    "position" : {
      "x" : 17.944271,
      "y" : -1.618034,
      "z" : 24.798374
    },
    "orientation" : 30
  }, {
    "shape" : "23cfb06e-b78d-4ec6-a3c9-47bc49726d30",
    "color" : "#00993F",
    "position" : {
      "x" : 26.416409,
      "y" : -6.854102,
      "z" : -11.09017
    },
    "orientation" : 32
  }, {
    "shape" : "23cfb06e-b78d-4ec6-a3c9-47bc49726d30",
    "color" : "#00993F",
    "position" : {
      "x" : -6.854102,
      "y" : -2.618034,
      "z" : -9.472136
    },
    "orientation" : 32
  }, {
    "shape" : "652a2fbb-dacb-4c62-8f45-b99f293b20d2",
    "color" : "#F2F2F2",
    "position" : {
      "x" : 6.854102,
      "y" : -11.09017,
      "z" : 4.236068
    }
  }, {
    "shape" : "23cfb06e-b78d-4ec6-a3c9-47bc49726d30",
    "color" : "#00993F",
    "position" : {
      "x" : 9.472136,
      "y" : 6.854102,
      "z" : 11.09017
    },
    "orientation" : 56
  }, {
    "shape" : "23cfb06e-b78d-4ec6-a3c9-47bc49726d30",
    "color" : "#00993F",
    "position" : {
      "x" : 0.0,
      "y" : 8.472136,
      "z" : -22.18034
    },
    "orientation" : 30
  }, {
    "shape" : "23cfb06e-b78d-4ec6-a3c9-47bc49726d30",
    "color" : "#00993F",
    "position" : {
      "x" : 11.09017,
      "y" : -17.944271,
      "z" : -15.326238
    },
    "orientation" : 32
  }, {
    "shape" : "652a2fbb-dacb-4c62-8f45-b99f293b20d2",
    "color" : "#F2F2F2",
    "position" : {
      "x" : 19.562305,
      "y" : -4.236068,
      "z" : 6.854102
    }
  }, {
    "shape" : "23cfb06e-b78d-4ec6-a3c9-47bc49726d30",
    "color" : "#00993F",
    "position" : {
      "x" : -6.854102,
      "y" : 11.09017,
      "z" : -4.236068
    },
    "orientation" : 30
  }, {
    "shape" : "23cfb06e-b78d-4ec6-a3c9-47bc49726d30",
    "color" : "#00993F",
    "position" : {
      "x" : 2.618034,
      "y" : 26.416409,
      "z" : -15.326238
    },
    "orientation" : 32
  }, {
    "shape" : "652a2fbb-dacb-4c62-8f45-b99f293b20d2",
    "color" : "#F2F2F2",
    "position" : {
      "x" : -29.034441,
      "y" : -11.09017,
      "z" : 4.236068
    }
  }, {
    "shape" : "23cfb06e-b78d-4ec6-a3c9-47bc49726d30",
    "color" : "#00993F",
    "position" : {
      "x" : 11.09017,
      "y" : -17.944271,
      "z" : -15.326238
    },
    "orientation" : 49
  }, {
    "shape" : "23cfb06e-b78d-4ec6-a3c9-47bc49726d30",
    "color" : "#00993F",
    "position" : {
      "x" : 29.034441,
      "y" : 11.09017,
      "z" : -4.236068
    },
    "orientation" : 48
  }, {
    "shape" : "23cfb06e-b78d-4ec6-a3c9-47bc49726d30",
    "color" : "#00993F",
    "position" : {
      "x" : 17.944271,
      "y" : -1.618034,
      "z" : 24.798374
    },
    "orientation" : 16
  }, {
    "shape" : "23cfb06e-b78d-4ec6-a3c9-47bc49726d30",
    "color" : "#00993F",
    "position" : {
      "x" : -15.326238,
      "y" : 2.618034,
      "z" : 26.416409
    },
    "orientation" : 16
  }, {
    "shape" : "23cfb06e-b78d-4ec6-a3c9-47bc49726d30",
    "color" : "#00993F",
    "position" : {
      "x" : 11.09017,
      "y" : -17.944271,
      "z" : -15.326238
    },
    "orientation" : 30
  }, {
    "shape" : "23cfb06e-b78d-4ec6-a3c9-47bc49726d30",
    "color" : "#00993F",
    "position" : {
      "x" : -13.708204,
      "y" : -22.18034,
      "z" : 0.0
    },
    "orientation" : 49
  }, {
    "shape" : "23cfb06e-b78d-4ec6-a3c9-47bc49726d30",
    "color" : "#00993F",
    "position" : {
      "x" : -4.236068,
      "y" : -6.854102,
      "z" : -11.09017
    },
    "orientation" : 32
  }, {
    "shape" : "23cfb06e-b78d-4ec6-a3c9-47bc49726d30",
    "color" : "#00993F",
    "position" : {
      "x" : 15.326238,
      "y" : -2.618034,
      "z" : -26.416409
    },
    "orientation" : 32
  }, {
    "shape" : "23cfb06e-b78d-4ec6-a3c9-47bc49726d30",
    "color" : "#00993F",
    "position" : {
      "x" : 17.944271,
      "y" : -1.618034,
      "z" : 24.798374
    },
    "orientation" : 48
  }, {
    "shape" : "23cfb06e-b78d-4ec6-a3c9-47bc49726d30",
    "color" : "#00993F",
    "position" : {
      "x" : 17.944271,
      "y" : 15.326238,
      "z" : -19.562305
    },
    "orientation" : 32
  }, {
    "shape" : "652a2fbb-dacb-4c62-8f45-b99f293b20d2",
    "color" : "#F2F2F2",
    "position" : {
      "x" : 15.326238,
      "y" : -19.562305,
      "z" : 17.944271
    }
  }, {
    "shape" : "23cfb06e-b78d-4ec6-a3c9-47bc49726d30",
    "color" : "#00993F",
    "position" : {
      "x" : 0.0,
      "y" : -8.472136,
      "z" : 22.18034
    },
    "orientation" : 56
  }, {
    "shape" : "652a2fbb-dacb-4c62-8f45-b99f293b20d2",
    "color" : "#F2F2F2",
    "position" : {
      "x" : -13.708204,
      "y" : -22.18034,
      "z" : 0.0
    }
  }, {
    "shape" : "23cfb06e-b78d-4ec6-a3c9-47bc49726d30",
    "color" : "#00993F",
    "position" : {
      "x" : 24.798374,
      "y" : -4.236068,
      "z" : 6.854102
    },
    "orientation" : 30
  }, {
    "shape" : "23cfb06e-b78d-4ec6-a3c9-47bc49726d30",
    "color" : "#00993F",
    "position" : {
      "x" : -19.562305,
      "y" : 4.236068,
      "z" : -6.854102
    },
    "orientation" : 16
  }, {
    "shape" : "652a2fbb-dacb-4c62-8f45-b99f293b20d2",
    "color" : "#F2F2F2",
    "position" : {
      "x" : -1.618034,
      "y" : 11.09017,
      "z" : -4.236068
    }
  }, {
    "shape" : "23cfb06e-b78d-4ec6-a3c9-47bc49726d30",
    "color" : "#00993F",
    "position" : {
      "x" : -11.09017,
      "y" : 17.944271,
      "z" : 15.326238
    },
    "orientation" : 56
  }, {
    "shape" : "23cfb06e-b78d-4ec6-a3c9-47bc49726d30",
    "color" : "#00993F",
    "position" : {
      "x" : 15.326238,
      "y" : -19.562305,
      "z" : 17.944271
    },
    "orientation" : 49
  }, {
    "shape" : "652a2fbb-dacb-4c62-8f45-b99f293b20d2",
    "color" : "#F2F2F2",
    "position" : {
      "x" : 11.09017,
