{
  "polygons" : "true",
  "field" : "golden",
  "symmetry" : "icosahedral",
  "orientations" : [ [ 1.0, 0.0, 0.0, 0.0, 0.0, 1.0, 0.0, 0.0, 0.0, 0.0, 1.0, 0.0, 0.0, 0.0, 0.0, 1.0 ], [ 0.0, 0.0, 1.0, 0.0, 1.0, 0.0, 0.0, 0.0, 0.0, 1.0, 0.0, 0.0, 0.0, 0.0, 0.0, 1.0 ], [ 0.0, 1.0, 0.0, 0.0, 0.0, 0.0, 1.0, 0.0, 1.0, 0.0, 0.0, 0.0, 0.0, 0.0, 0.0, 1.0 ], [ 0.809017, 0.309017, 0.5, 0.0, 0.309017, 0.5, -0.809017, 0.0, -0.5, 0.809017, 0.309017, 0.0, 0.0, 0.0, 0.0, 1.0 ], [ -0.5, 0.809017, 0.309017, 0.0, 0.809017, 0.309017, 0.5, 0.0, 0.309017, 0.5, -0.809017, 0.0, 0.0, 0.0, 0.0, 1.0 ], [ 0.309017, 0.5, -0.809017, 0.0, -0.5, 0.809017, 0.309017, 0.0, 0.809017, 0.309017, 0.5, 0.0, 0.0, 0.0, 0.0, 1.0 ], [ 0.5, 0.809017, 0.309017, 0.0, 0.809017, -0.309017, -0.5, 0.0, -0.309017, 0.5, -0.809017, 0.0, 0.0, 0.0, 0.0, 1.0 ], [ -0.309017, 0.5, -0.809017, 0.0, 0.5, 0.809017, 0.309017, 0.0, 0.809017, -0.309017, -0.5, 0.0, 0.0, 0.0, 0.0, 1.0 ], [ 0.809017, -0.309017, -0.5, 0.0, -0.309017, 0.5, -0.809017, 0.0, 0.5, 0.809017, 0.309017, 0.0, 0.0, 0.0, 0.0, 1.0 ], [ 0.5, 0.809017, -0.309017, 0.0, 0.809017, -0.309017, 0.5, 0.0, 0.309017, -0.5, -0.809017, 0.0, 0.0, 0.0, 0.0, 1.0 ], [ 0.309017, -0.5, -0.809017, 0.0, 0.5, 0.809017, -0.309017, 0.0, 0.809017, -0.309017, 0.5, 0.0, 0.0, 0.0, 0.0, 1.0 ], [ 0.809017, -0.309017, 0.5, 0.0, 0.309017, -0.5, -0.809017, 0.0, 0.5, 0.809017, -0.309017, 0.0, 0.0, 0.0, 0.0, 1.0 ], [ 0.809017, 0.309017, -0.5, 0.0, 0.309017, 0.5, 0.809017, 0.0, 0.5, -0.809017, 0.309017, 0.0, 0.0, 0.0, 0.0, 1.0 ], [ 0.5, -0.809017, 0.309017, 0.0, 0.809017, 0.309017, -0.5, 0.0, 0.309017, 0.5, 0.809017, 0.0, 0.0, 0.0, 0.0, 1.0 ], [ 0.309017, 0.5, 0.809017, 0.0, 0.5, -0.809017, 0.309017, 0.0, 0.809017, 0.309017, -0.5, 0.0, 0.0, 0.0, 0.0, 1.0 ], [ 1.0, 0.0, 0.0, 0.0, 0.0, -1.0, 0.0, 0.0, 0.0, 0.0, -1.0, 0.0, 0.0, 0.0, 0.0, 1.0 ], [ 0.0, 0.0, 1.0, 0.0, -1.0, 0.0, 0.0, 0.0, 0.0, -1.0, 0.0, 0.0, 0.0, 0.0, 0.0, 1.0 ], [ 0.0, 1.0, 0.0, 0.0, 0.0, 0.0, -1.0, 0.0, -1.0, 0.0, 0.0, 0.0, 0.0, 0.0, 0.0, 1.0 ], [ 0.809017, 0.309017, 0.5, 0.0, -0.309017, -0.5, 0.809017, 0.0, 0.5, -0.809017, -0.309017, 0.0, 0.0, 0.0, 0.0, 1.0 ], [ -0.5, 0.809017, 0.309017, 0.0, -0.809017, -0.309017, -0.5, 0.0, -0.309017, -0.5, 0.809017, 0.0, 0.0, 0.0, 0.0, 1.0 ], [ 0.309017, 0.5, -0.809017, 0.0, 0.5, -0.809017, -0.309017, 0.0, -0.809017, -0.309017, -0.5, 0.0, 0.0, 0.0, 0.0, 1.0 ], [ 0.5, 0.809017, 0.309017, 0.0, -0.809017, 0.309017, 0.5, 0.0, 0.309017, -0.5, 0.809017, 0.0, 0.0, 0.0, 0.0, 1.0 ], [ -0.309017, 0.5, -0.809017, 0.0, -0.5, -0.809017, -0.309017, 0.0, -0.809017, 0.309017, 0.5, 0.0, 0.0, 0.0, 0.0, 1.0 ], [ 0.809017, -0.309017, -0.5, 0.0, 0.309017, -0.5, 0.809017, 0.0, -0.5, -0.809017, -0.309017, 0.0, 0.0, 0.0, 0.0, 1.0 ], [ 0.5, 0.809017, -0.309017, 0.0, -0.809017, 0.309017, -0.5, 0.0, -0.309017, 0.5, 0.809017, 0.0, 0.0, 0.0, 0.0, 1.0 ], [ 0.309017, -0.5, -0.809017, 0.0, -0.5, -0.809017, 0.309017, 0.0, -0.809017, 0.309017, -0.5, 0.0, 0.0, 0.0, 0.0, 1.0 ], [ 0.809017, -0.309017, 0.5, 0.0, -0.309017, 0.5, 0.809017, 0.0, -0.5, -0.809017, 0.309017, 0.0, 0.0, 0.0, 0.0, 1.0 ], [ 0.809017, 0.309017, -0.5, 0.0, -0.309017, -0.5, -0.809017, 0.0, -0.5, 0.809017, -0.309017, 0.0, 0.0, 0.0, 0.0, 1.0 ], [ 0.5, -0.809017, 0.309017, 0.0, -0.809017, -0.309017, 0.5, 0.0, -0.309017, -0.5, -0.809017, 0.0, 0.0, 0.0, 0.0, 1.0 ], [ 0.309017, 0.5, 0.809017, 0.0, -0.5, 0.809017, -0.309017, 0.0, -0.809017, -0.309017, 0.5, 0.0, 0.0, 0.0, 0.0, 1.0 ], [ -1.0, 0.0, 0.0, 0.0, 0.0, -1.0, 0.0, 0.0, 0.0, 0.0, 1.0, 0.0, 0.0, 0.0, 0.0, 1.0 ], [ 0.0, 0.0, -1.0, 0.0, -1.0, 0.0, 0.0, 0.0, 0.0, 1.0, 0.0, 0.0, 0.0, 0.0, 0.0, 1.0 ], [ 0.0, -1.0, 0.0, 0.0, 0.0, 0.0, -1.0, 0.0, 1.0, 0.0, 0.0, 0.0, 0.0, 0.0, 0.0, 1.0 ], [ -0.809017, -0.309017, -0.5, 0.0, -0.309017, -0.5, 0.809017, 0.0, -0.5, 0.809017, 0.309017, 0.0, 0.0, 0.0, 0.0, 1.0 ], [ 0.5, -0.809017, -0.309017, 0.0, -0.809017, -0.309017, -0.5, 0.0, 0.309017, 0.5, -0.809017, 0.0, 0.0, 0.0, 0.0, 1.0 ], [ -0.309017, -0.5, 0.809017, 0.0, 0.5, -0.809017, -0.309017, 0.0, 0.809017, 0.309017, 0.5, 0.0, 0.0, 0.0, 0.0, 1.0 ], [ -0.5, -0.809017, -0.309017, 0.0, -0.809017, 0.309017, 0.5, 0.0, -0.309017, 0.5, -0.809017, 0.0, 0.0, 0.0, 0.0, 1.0 ], [ 0.309017, -0.5, 0.809017, 0.0, -0.5, -0.809017, -0.309017, 0.0, 0.809017, -0.309017, -0.5, 0.0, 0.0, 0.0, 0.0, 1.0 ], [ -0.809017, 0.309017, 0.5, 0.0, 0.309017, -0.5, 0.809017, 0.0, 0.5, 0.809017, 0.309017, 0.0, 0.0, 0.0, 0.0, 1.0 ], [ -0.5, -0.809017, 0.309017, 0.0, -0.809017, 0.309017, -0.5, 0.0, 0.309017, -0.5, -0.809017, 0.0, 0.0, 0.0, 0.0, 1.0 ], [ -0.309017, 0.5, 0.809017, 0.0, -0.5, -0.809017, 0.309017, 0.0, 0.809017, -0.309017, 0.5, 0.0, 0.0, 0.0, 0.0, 1.0 ], [ -0.809017, 0.309017, -0.5, 0.0, -0.309017, 0.5, 0.809017, 0.0, 0.5, 0.809017, -0.309017, 0.0, 0.0, 0.0, 0.0, 1.0 ], [ -0.809017, -0.309017, 0.5, 0.0, -0.309017, -0.5, -0.809017, 0.0, 0.5, -0.809017, 0.309017, 0.0, 0.0, 0.0, 0.0, 1.0 ], [ -0.5, 0.809017, -0.309017, 0.0, -0.809017, -0.309017, 0.5, 0.0, 0.309017, 0.5, 0.809017, 0.0, 0.0, 0.0, 0.0, 1.0 ], [ -0.309017, -0.5, -0.809017, 0.0, -0.5, 0.809017, -0.309017, 0.0, 0.809017, 0.309017, -0.5, 0.0, 0.0, 0.0, 0.0, 1.0 ], [ -1.0, 0.0, 0.0, 0.0, 0.0, 1.0, 0.0, 0.0, 0.0, 0.0, -1.0, 0.0, 0.0, 0.0, 0.0, 1.0 ], [ 0.0, 0.0, -1.0, 0.0, 1.0, 0.0, 0.0, 0.0, 0.0, -1.0, 0.0, 0.0, 0.0, 0.0, 0.0, 1.0 ], [ 0.0, -1.0, 0.0, 0.0, 0.0, 0.0, 1.0, 0.0, -1.0, 0.0, 0.0, 0.0, 0.0, 0.0, 0.0, 1.0 ], [ -0.809017, -0.309017, -0.5, 0.0, 0.309017, 0.5, -0.809017, 0.0, 0.5, -0.809017, -0.309017, 0.0, 0.0, 0.0, 0.0, 1.0 ], [ 0.5, -0.809017, -0.309017, 0.0, 0.809017, 0.309017, 0.5, 0.0, -0.309017, -0.5, 0.809017, 0.0, 0.0, 0.0, 0.0, 1.0 ], [ -0.309017, -0.5, 0.809017, 0.0, -0.5, 0.809017, 0.309017, 0.0, -0.809017, -0.309017, -0.5, 0.0, 0.0, 0.0, 0.0, 1.0 ], [ -0.5, -0.809017, -0.309017, 0.0, 0.809017, -0.309017, -0.5, 0.0, 0.309017, -0.5, 0.809017, 0.0, 0.0, 0.0, 0.0, 1.0 ], [ 0.309017, -0.5, 0.809017, 0.0, 0.5, 0.809017, 0.309017, 0.0, -0.809017, 0.309017, 0.5, 0.0, 0.0, 0.0, 0.0, 1.0 ], [ -0.809017, 0.309017, 0.5, 0.0, -0.309017, 0.5, -0.809017, 0.0, -0.5, -0.809017, -0.309017, 0.0, 0.0, 0.0, 0.0, 1.0 ], [ -0.5, -0.809017, 0.309017, 0.0, 0.809017, -0.309017, 0.5, 0.0, -0.309017, 0.5, 0.809017, 0.0, 0.0, 0.0, 0.0, 1.0 ], [ -0.309017, 0.5, 0.809017, 0.0, 0.5, 0.809017, -0.309017, 0.0, -0.809017, 0.309017, -0.5, 0.0, 0.0, 0.0, 0.0, 1.0 ], [ -0.809017, 0.309017, -0.5, 0.0, 0.309017, -0.5, -0.809017, 0.0, -0.5, -0.809017, 0.309017, 0.0, 0.0, 0.0, 0.0, 1.0 ], [ -0.809017, -0.309017, 0.5, 0.0, 0.309017, 0.5, 0.809017, 0.0, -0.5, 0.809017, -0.309017, 0.0, 0.0, 0.0, 0.0, 1.0 ], [ -0.5, 0.809017, -0.309017, 0.0, 0.809017, 0.309017, -0.5, 0.0, -0.309017, -0.5, -0.809017, 0.0, 0.0, 0.0, 0.0, 1.0 ], [ -0.309017, -0.5, -0.809017, 0.0, 0.5, -0.809017, 0.309017, 0.0, -0.809017, -0.309017, 0.5, 0.0, 0.0, 0.0, 0.0, 1.0 ] ],
  "lights" : {
    "directionalLights" : [ {
      "direction" : [ 1.0, -1.0, -1.0 ],
      "color" : "#EBEBE4"
    }, {
      "direction" : [ -1.0, 0.0, 0.0 ],
      "color" : "#E4E4EB"
    }, {
      "direction" : [ 0.0, 0.0, -1.0 ],
      "color" : "#1E1E1E"
    } ],
    "ambientColor" : "#292929",
    "backgroundColor" : "#AFC8DC"
  },
  "camera" : {
    "width" : 159.2334,
    "position" : {
      "x" : 145.57083,
      "y" : 294.5543,
      "z" : 131.36646
    },
    "upDirectionRV" : {
      "x" : -0.8702584,
      "y" : 0.4797965,
      "z" : -0.11148317,
      "zero" : false
    },
    "lookAtPointRV" : {
      "x" : 0.0,
      "y" : 0.0,
      "z" : 0.0,
      "zero" : true
    },
    "perspective" : false,
    "viewDistance" : 353.8522,
    "fieldOfView" : 0.44262865,
    "lookDirectionRV" : {
      "x" : -0.41138878,
      "y" : -0.83242184,
      "z" : -0.37124667,
      "zero" : false
    },
    "nearClipDistance" : 0.8846295,
    "lookDirection" : {
      "x" : -0.41138878,
      "y" : -0.83242184,
      "z" : -0.37124667
    },
    "farClipDistance" : 707.70294,
    "upDirection" : {
      "x" : -0.8702584,
      "y" : 0.4797965,
      "z" : -0.11148317
    },
    "lookAtPoint" : {
      "x" : 0.0,
      "y" : 0.0,
      "z" : 0.0
    },
    "stereo" : false
  },
  "embedding" : [ 1.0, 0.0, 0.0, 0.0, 0.0, 1.0, 0.0, 0.0, 0.0, 0.0, 1.0, 0.0, 0.0, 0.0, 0.0, 1.0 ],
  "shapes" : [ {
    "id" : "62634469-917c-4462-9de7-b2a7fc349a31",
    "orbit" : "0",
    "orbitC" : "[[-8,5,1],[-11,7,1]]",
    "length" : "[1,0,1]",
    "name" : "short",
    "vertices" : [ {
      "x" : -4.033109,
      "y" : 5.0443144,
      "z" : 4.365937
    }, {
      "x" : -3.6331093,
      "y" : 5.1443143,
      "z" : 4.465937
    }, {
      "x" : -0.20295861,
      "y" : 0.36257407,
      "z" : 0.5937375
    }, {
      "x" : -0.6029586,
      "y" : 0.26257408,
      "z" : 0.49373746
    }, {
      "x" : -3.7664428,
      "y" : 4.910981,
      "z" : 4.7659373
    }, {
      "x" : -4.166443,
      "y" : 4.810981,
      "z" : 4.6659374
    }, {
      "x" : -0.46962526,
      "y" : 0.49590743,
      "z" : 0.19373746
    }, {
      "x" : -0.06962527,
      "y" : 0.5959074,
      "z" : 0.29373747
    } ],
    "faces" : [ {
      "vertices" : [ 2, 3, 6, 7 ]
    }, {
      "vertices" : [ 0, 5, 4, 1 ]
    }, {
      "vertices" : [ 2, 4, 5, 3 ]
    }, {
      "vertices" : [ 0, 6, 3, 5 ]
    }, {
      "vertices" : [ 0, 1, 7, 6 ]
    }, {
      "vertices" : [ 1, 4, 2, 7 ]
    } ]
  }, {
    "id" : "fbcbbd08-224e-471e-a8f9-2c2d673a766a",
    "name" : "ball",
    "vertices" : [ {
      "x" : 0.309017,
      "y" : -0.809017,
      "z" : 0.618034
    }, {
      "x" : 0.809017,
      "y" : -0.618034,
      "z" : 0.309017
    }, {
      "x" : 0.618034,
      "y" : -0.309017,
      "z" : 0.809017
    }, {
      "x" : 1.0,
      "y" : 0.309017,
      "z" : 0.19098301
    }, {
      "x" : 0.809017,
      "y" : 0.618034,
      "z" : 0.309017
    }, {
      "x" : 0.618034,
      "y" : 0.309017,
      "z" : 0.809017
    }, {
      "x" : 0.809017,
      "y" : 0.0,
      "z" : 0.690983
    }, {
      "x" : 0.19098301,
      "y" : -1.0,
      "z" : 0.309017
    }, {
      "x" : -0.19098301,
      "y" : -1.0,
      "z" : 0.309017
    }, {
      "x" : -0.19098301,
      "y" : -1.0,
      "z" : -0.309017
    }, {
      "x" : 0.19098301,
      "y" : -1.0,
      "z" : -0.309017
    }, {
      "x" : 1.0,
      "y" : -0.309017,
      "z" : -0.19098301
    }, {
      "x" : 0.809017,
      "y" : -0.618034,
      "z" : -0.309017
    }, {
      "x" : 0.618034,
      "y" : -0.309017,
      "z" : -0.809017
    }, {
      "x" : 0.809017,
      "y" : 0.0,
      "z" : -0.690983
    }, {
      "x" : 0.0,
      "y" : 0.690983,
      "z" : -0.809017
    }, {
      "x" : 0.309017,
      "y" : 0.809017,
      "z" : -0.618034
    }, {
      "x" : 0.618034,
      "y" : 0.309017,
      "z" : -0.809017
    }, {
      "x" : 0.309017,
      "y" : 0.19098301,
      "z" : -1.0
    }, {
      "x" : 1.0,
      "y" : 0.309017,
      "z" : -0.19098301
    }, {
      "x" : -0.309017,
      "y" : -0.809017,
      "z" : 0.618034
    }, {
      "x" : 0.0,
      "y" : -0.690983,
      "z" : 0.809017
    }, {
      "x" : 0.809017,
      "y" : 0.618034,
      "z" : -0.309017
    }, {
      "x" : 0.690983,
      "y" : 0.809017,
      "z" : 0.0
    }, {
      "x" : -0.690983,
      "y" : 0.809017,
      "z" : 0.0
    }, {
      "x" : -0.809017,
      "y" : 0.618034,
      "z" : 0.309017
    }, {
      "x" : -0.309017,
      "y" : 0.809017,
      "z" : 0.618034
    }, {
      "x" : -0.19098301,
      "y" : 1.0,
      "z" : 0.309017
    }, {
      "x" : 0.309017,
      "y" : -0.19098301,
      "z" : -1.0
    }, {
      "x" : 0.19098301,
      "y" : 1.0,
      "z" : 0.309017
    }, {
      "x" : 0.309017,
      "y" : 0.809017,
      "z" : 0.618034
    }, {
      "x" : -0.809017,
      "y" : -0.618034,
      "z" : 0.309017
    }, {
      "x" : -0.690983,
      "y" : -0.809017,
      "z" : 0.0
    }, {
      "x" : 0.0,
      "y" : 0.690983,
      "z" : 0.809017
    }, {
      "x" : 0.309017,
      "y" : -0.809017,
      "z" : -0.618034
    }, {
      "x" : 0.0,
      "y" : -0.690983,
      "z" : -0.809017
    }, {
      "x" : -1.0,
      "y" : 0.309017,
      "z" : 0.19098301
    }, {
      "x" : -0.809017,
      "y" : 0.0,
      "z" : 0.690983
    }, {
      "x" : -0.618034,
      "y" : 0.309017,
      "z" : 0.809017
    }, {
      "x" : 1.0,
      "y" : -0.309017,
      "z" : 0.19098301
    }, {
      "x" : -0.309017,
      "y" : -0.809017,
      "z" : -0.618034
    }, {
      "x" : -1.0,
      "y" : 0.309017,
      "z" : -0.19098301
    }, {
      "x" : -1.0,
      "y" : -0.309017,
      "z" : -0.19098301
    }, {
      "x" : -1.0,
      "y" : -0.309017,
      "z" : 0.19098301
    }, {
      "x" : 0.19098301,
      "y" : 1.0,
      "z" : -0.309017
    }, {
      "x" : -0.809017,
      "y" : 0.618034,
      "z" : -0.309017
    }, {
      "x" : -0.19098301,
      "y" : 1.0,
      "z" : -0.309017
    }, {
      "x" : -0.309017,
      "y" : 0.809017,
      "z" : -0.618034
    }, {
      "x" : -0.618034,
      "y" : -0.309017,
      "z" : 0.809017
    }, {
      "x" : 0.309017,
      "y" : 0.19098301,
      "z" : 1.0
    }, {
      "x" : -0.309017,
      "y" : 0.19098301,
      "z" : -1.0
    }, {
      "x" : -0.309017,
      "y" : 0.19098301,
      "z" : 1.0
    }, {
      "x" : -0.309017,
      "y" : -0.19098301,
      "z" : 1.0
    }, {
      "x" : 0.309017,
      "y" : -0.19098301,
      "z" : 1.0
    }, {
      "x" : 0.690983,
      "y" : -0.809017,
      "z" : 0.0
    }, {
      "x" : -0.809017,
      "y" : 0.0,
      "z" : -0.690983
    }, {
      "x" : -0.618034,
      "y" : -0.309017,
      "z" : -0.809017
    }, {
      "x" : -0.309017,
      "y" : -0.19098301,
      "z" : -1.0
    }, {
      "x" : -0.618034,
      "y" : 0.309017,
      "z" : -0.809017
    }, {
      "x" : -0.809017,
      "y" : -0.618034,
      "z" : -0.309017
    } ],
    "faces" : [ {
      "vertices" : [ 9, 40, 35, 34, 10 ]
    }, {
      "vertices" : [ 0, 1, 2 ]
    }, {
      "vertices" : [ 33, 51, 49 ]
    }, {
      "vertices" : [ 25, 36, 37, 38 ]
    }, {
      "vertices" : [ 41, 55, 42 ]
    }, {
      "vertices" : [ 9, 32, 59, 40 ]
    }, {
      "vertices" : [ 20, 21, 52, 48 ]
    }, {
      "vertices" : [ 26, 33, 30, 29, 27 ]
    }, {
      "vertices" : [ 3, 4, 5, 6 ]
    }, {
      "vertices" : [ 27, 29, 44, 46 ]
    }, {
      "vertices" : [ 50, 57, 56, 55, 58 ]
    }, {
      "vertices" : [ 26, 38, 51, 33 ]
    }, {
      "vertices" : [ 45, 47, 58 ]
    }, {
      "vertices" : [ 18, 28, 57, 50 ]
    }, {
      "vertices" : [ 40, 59, 56 ]
    }, {
      "vertices" : [ 31, 48, 37, 43 ]
    }, {
      "vertices" : [ 7, 8, 9, 10 ]
    }, {
      "vertices" : [ 36, 41, 42, 43 ]
    }, {
      "vertices" : [ 24, 46, 47, 45 ]
    }, {
      "vertices" : [ 4, 30, 5 ]
    }, {
      "vertices" : [ 15, 47, 46, 44, 16 ]
    }, {
      "vertices" : [ 15, 50, 58, 47 ]
    }, {
      "vertices" : [ 24, 45, 41, 36, 25 ]
    }, {
      "vertices" : [ 11, 14, 19 ]
    }, {
      "vertices" : [ 3, 6, 39 ]
    }, {
      "vertices" : [ 1, 39, 6, 2 ]
    }, {
      "vertices" : [ 8, 32, 9 ]
    }, {
      "vertices" : [ 11, 12, 13, 14 ]
    }, {
      "vertices" : [ 16, 22, 17 ]
    }, {
      "vertices" : [ 0, 21, 20, 8, 7 ]
    }, {
      "vertices" : [ 12, 34, 13 ]
    }, {
      "vertices" : [ 35, 40, 56, 57 ]
    }, {
      "vertices" : [ 0, 7, 54, 1 ]
    }, {
      "vertices" : [ 15, 16, 17, 18 ]
    }, {
      "vertices" : [ 3, 19, 22, 23, 4 ]
    }, {
      "vertices" : [ 7, 10, 54 ]
    }, {
      "vertices" : [ 41, 45, 58, 55 ]
    }, {
      "vertices" : [ 3, 39, 11, 19 ]
    }, {
      "vertices" : [ 14, 17, 22, 19 ]
    }, {
      "vertices" : [ 0, 2, 53, 21 ]
    }, {
      "vertices" : [ 49, 51, 52, 53 ]
    }, {
      "vertices" : [ 31, 43, 42, 59, 32 ]
    }, {
      "vertices" : [ 15, 18, 50 ]
    }, {
      "vertices" : [ 42, 55, 56, 59 ]
    }, {
      "vertices" : [ 4, 23, 29, 30 ]
    }, {
      "vertices" : [ 25, 38, 26 ]
    }, {
      "vertices" : [ 13, 28, 18, 17, 14 ]
    }, {
      "vertices" : [ 8, 20, 31, 32 ]
    }, {
      "vertices" : [ 23, 44, 29 ]
    }, {
      "vertices" : [ 24, 27, 46 ]
    }, {
      "vertices" : [ 37, 48, 52, 51, 38 ]
    }, {
      "vertices" : [ 20, 48, 31 ]
    }, {
      "vertices" : [ 24, 25, 26, 27 ]
    }, {
      "vertices" : [ 16, 44, 23, 22 ]
    }, {
      "vertices" : [ 13, 34, 35, 28 ]
    }, {
      "vertices" : [ 10, 34, 12, 54 ]
    }, {
      "vertices" : [ 2, 6, 5, 49, 53 ]
    }, {
      "vertices" : [ 36, 43, 37 ]
    }, {
      "vertices" : [ 5, 30, 33, 49 ]
    }, {
      "vertices" : [ 1, 54, 12, 11, 39 ]
    }, {
      "vertices" : [ 28, 35, 57 ]
    }, {
      "vertices" : [ 21, 53, 52 ]
    } ]
  }, {
    "id" : "8093e663-29a6-435d-8e12-3bd54e3a4e22",
    "orbit" : "blue",
    "orbitC" : "[[0,0,1],[0,0,1]]",
    "length" : "[1,0,1]",
    "name" : "b1",
    "vertices" : [ {
      "x" : 7.472136,
      "y" : 0.309017,
      "z" : 0.19098301
    }, {
      "x" : 7.472136,
      "y" : 0.309017,
      "z" : -0.19098301
    }, {
      "x" : 1.0,
      "y" : 0.309017,
      "z" : -0.19098301
    }, {
      "x" : 1.0,
      "y" : 0.309017,
      "z" : 0.19098301
    }, {
      "x" : 7.472136,
      "y" : -0.309017,
      "z" : 0.19098301
    }, {
      "x" : 1.0,
      "y" : -0.309017,
      "z" : 0.19098301
    }, {
      "x" : 1.0,
      "y" : -0.309017,
      "z" : -0.19098301
    }, {
      "x" : 7.472136,
      "y" : -0.309017,
      "z" : -0.19098301
    }, {
      "x" : 8.472136,
      "y" : 0.0,
      "z" : 0.0
    } ],
    "faces" : [ {
      "vertices" : [ 1, 7, 6, 2 ]
    }, {
      "vertices" : [ 0, 1, 2, 3 ]
    }, {
      "vertices" : [ 4, 5, 6, 7 ]
    }, {
      "vertices" : [ 0, 3, 5, 4 ]
    } ]
  } ],
  "instances" : [ {
    "shape" : "62634469-917c-4462-9de7-b2a7fc349a31",
    "color" : "#B0E0E6",
    "position" : {
      "x" : -8.866563,
      "y" : 21.200502,
      "z" : -5.545085
    },
    "orientation" : 15
  }, {
    "shape" : "62634469-917c-4462-9de7-b2a7fc349a31",
    "color" : "#B0E0E6",
    "position" : {
      "x" : -13.102632,
      "y" : 55.471012,
      "z" : -33.579525
    },
    "orientation" : 20
  }, {
    "shape" : "fbcbbd08-224e-471e-a8f9-2c2d673a766a",
    "color" : "#F2F2F2",
    "position" : {
      "x" : 15.208204,
      "y" : 63.04872,
      "z" : -45.84052
    }
  }, {
    "shape" : "fbcbbd08-224e-471e-a8f9-2c2d673a766a",
    "color" : "#F2F2F2",
    "position" : {
      "x" : -8.866563,
      "y" : 8.939512,
      "z" : -21.594929
    }
  }, {
    "shape" : "8093e663-29a6-435d-8e12-3bd54e3a4e22",
    "color" : "#008EC2",
    "position" : {
      "x" : 10.972136,
      "y" : 1.3618034,
      "z" : -0.8618034
    },
    "orientation" : 47
  }, {
    "shape" : "8093e663-29a6-435d-8e12-3bd54e3a4e22",
    "color" : "#008EC2",
    "position" : {
      "x" : -3.4596748,
      "y" : 12.451973,
      "z" : 7.163119
    },
    "orientation" : 23
  }, {
    "shape" : "fbcbbd08-224e-471e-a8f9-2c2d673a766a",
    "color" : "#F2F2F2",
    "position" : {
      "x" : 7.630495,
      "y" : 63.04872,
      "z" : -58.10151
    }
  }, {
    "shape" : "8093e663-29a6-435d-8e12-3bd54e3a4e22",
    "color" : "#008EC2",
    "position" : {
      "x" : 3.3944273,
      "y" : -53.471012,
      "z" : 36.815594
    },
    "orientation" : 11
  }, {
    "shape" : "fbcbbd08-224e-471e-a8f9-2c2d673a766a",
    "color" : "#F2F2F2",
    "position" : {
      "x" : -3.4596748,
      "y" : -14.964435,
      "z" : 24.107391
    }
  }, {
    "shape" : "fbcbbd08-224e-471e-a8f9-2c2d673a766a",
    "color" : "#F2F2F2",
    "position" : {
      "x" : -3.4596748,
      "y" : 12.451973,
      "z" : 7.163119
    }
  }, {
    "shape" : "62634469-917c-4462-9de7-b2a7fc349a31",
    "color" : "#B0E0E6",
    "position" : {
      "x" : -0.8416408,
      "y" : 8.215905,
      "z" : -24.212963
    },
    "orientation" : 49
  }, {
    "shape" : "8093e663-29a6-435d-8e12-3bd54e3a4e22",
    "color" : "#008EC2",
    "position" : {
      "x" : -8.866563,
      "y" : 21.200502,
      "z" : -5.545085
    },
    "orientation" : 56
  }, {
    "shape" : "fbcbbd08-224e-471e-a8f9-2c2d673a766a",
    "color" : "#F2F2F2",
    "position" : {
      "x" : 4.118034,
      "y" : 31.396246,
      "z" : -22.042143
    }
  }, {
    "shape" : "8093e663-29a6-435d-8e12-3bd54e3a4e22",
    "color" : "#008EC2",
    "position" : {
      "x" : 3.3944273,
      "y" : -53.471012,
      "z" : 20.76575
    },
    "orientation" : 56
  }, {
    "shape" : "8093e663-29a6-435d-8e12-3bd54e3a4e22",
    "color" : "#008EC2",
    "position" : {
      "x" : -15.720665,
      "y" : -22.542143,
      "z" : 24.107391
    },
    "orientation" : 37
  }, {
    "shape" : "62634469-917c-4462-9de7-b2a7fc349a31",
    "color" : "#B0E0E6",
    "position" : {
      "x" : 15.208204,
      "y" : 63.04872,
      "z" : -45.84052
    },
    "orientation" : 28
  }, {
    "shape" : "fbcbbd08-224e-471e-a8f9-2c2d673a766a",
    "color" : "#F2F2F2",
    "position" : {
      "x" : -15.720665,
      "y" : 11.557547,
      "z" : -17.358862
    }
  }, {
    "shape" : "fbcbbd08-224e-471e-a8f9-2c2d673a766a",
    "color" : "#F2F2F2",
    "position" : {
      "x" : 15.208204,
      "y" : 35.632313,
      "z" : -28.896246
    }
  }, {
    "shape" : "8093e663-29a6-435d-8e12-3bd54e3a4e22",
    "color" : "#008EC2",
    "position" : {
      "x" : 3.3944273,
      "y" : 28.778212,
      "z" : -5.545085
    },
    "orientation" : 51
  }, {
    "shape" : "62634469-917c-4462-9de7-b2a7fc349a31",
    "color" : "#B0E0E6",
    "position" : {
      "x" : -2.0124612,
      "y" : 20.029682,
      "z" : -17.358862
    },
    "orientation" : 52
  }, {
    "shape" : "fbcbbd08-224e-471e-a8f9-2c2d673a766a",
    "color" : "#F2F2F2",
    "position" : {
      "x" : 3.3944273,
      "y" : -12.3464,
      "z" : 28.343458
    }
  }, {
    "shape" : "fbcbbd08-224e-471e-a8f9-2c2d673a766a",
    "color" : "#F2F2F2",
    "position" : {
      "x" : -3.4596748,
      "y" : -42.380844,
      "z" : 41.051662
    }
  }, {
    "shape" : "8093e663-29a6-435d-8e12-3bd54e3a4e22",
    "color" : "#008EC2",
    "position" : {
      "x" : -3.4596748,
      "y" : 58.812653,
      "z" : -51.247406
    },
    "orientation" : 8
  }, {
    "shape" : "fbcbbd08-224e-471e-a8f9-2c2d673a766a",
    "color" : "#F2F2F2",
    "position" : {
      "x" : -8.866563,
      "y" : 21.200502,
      "z" : -5.545085
    }
  }, {
    "shape" : "8093e663-29a6-435d-8e12-3bd54e3a4e22",
    "color" : "#008EC2",
    "position" : {
      "x" : 10.248529,
      "y" : 39.86838,
      "z" : -9.781153
    },
    "orientation" : 40
  }, {
    "shape" : "62634469-917c-4462-9de7-b2a7fc349a31",
    "color" : "#B0E0E6",
    "position" : {
      "x" : -2.0124612,
      "y" : -34.803135,
      "z" : 16.529682
    },
    "orientation" : 5
  }, {
    "shape" : "8093e663-29a6-435d-8e12-3bd54e3a4e22",
    "color" : "#008EC2",
    "position" : {
      "x" : -15.720665,
      "y" : 4.8742647,
      "z" : 7.163119
    },
    "orientation" : 25
  }, {
    "shape" : "8093e663-29a6-435d-8e12-3bd54e3a4e22",
    "color" : "#008EC2",
    "position" : {
      "x" : -0.8416408,
      "y" : 8.215905,
      "z" : -10.50476
    },
    "orientation" : 24
  }, {
    "shape" : "8093e663-29a6-435d-8e12-3bd54e3a4e22",
    "color" : "#008EC2",
    "position" : {
      "x" : -8.866563,
      "y" : 8.939512,
      "z" : -21.594929
    },
    "orientation" : 38
  }, {
    "shape" : "62634469-917c-4462-9de7-b2a7fc349a31",
    "color" : "#B0E0E6",
    "position" : {
      "x" : 3.3944273,
      "y" : -26.054604,
      "z" : 28.343458
    },
    "orientation" : 25
  }, {
    "shape" : "8093e663-29a6-435d-8e12-3bd54e3a4e22",
    "color" : "#008EC2",
    "position" : {
      "x" : 10.972136,
      "y" : 28.778212,
      "z" : -17.806076
    },
    "orientation" : 23
  }, {
    "shape" : "8093e663-29a6-435d-8e12-3bd54e3a4e22",
    "color" : "#008EC2",
    "position" : {
      "x" : 3.3944273,
      "y" : 1.3618034,
      "z" : 2.927051
    },
    "orientation" : 54
  }, {
    "shape" : "fbcbbd08-224e-471e-a8f9-2c2d673a766a",
    "color" : "#F2F2F2",
    "position" : {
      "x" : 3.3944273,
      "y" : 28.778212,
      "z" : -5.545085
    }
  }, {
    "shape" : "8093e663-29a6-435d-8e12-3bd54e3a4e22",
    "color" : "#008EC2",
    "position" : {
      "x" : -2.0124612,
      "y" : -7.386726,
      "z" : -0.4145898
    },
    "orientation" : 56
  }, {
    "shape" : "8093e663-29a6-435d-8e12-3bd54e3a4e22",
    "color" : "#008EC2",
    "position" : {
      "x" : -8.866563,
      "y" : -47.34052,
      "z" : 36.815594
    },
    "orientation" : 41
  }, {
    "shape" : "62634469-917c-4462-9de7-b2a7fc349a31",
    "color" : "#B0E0E6",
    "position" : {
      "x" : -8.866563,
      "y" : 34.908707,
      "z" : -14.0172205
    },
    "orientation" : 29
  }, {
    "shape" : "62634469-917c-4462-9de7-b2a7fc349a31",
    "color" : "#B0E0E6",
    "position" : {
      "x" : 3.3944273,
      "y" : 28.778212,
      "z" : -5.545085
    },
    "orientation" : 25
  }, {
    "shape" : "62634469-917c-4462-9de7-b2a7fc349a31",
    "color" : "#B0E0E6",
    "position" : {
      "x" : 15.208204,
      "y" : -46.61691,
      "z" : 21.936571
    },
    "orientation" : 46
  }, {
    "shape" : "fbcbbd08-224e-471e-a8f9-2c2d673a766a",
    "color" : "#F2F2F2",
    "position" : {
      "x" : 10.248529,
      "y" : -42.380844,
      "z" : 16.529682
    }
  }, {
    "shape" : "fbcbbd08-224e-471e-a8f9-2c2d673a766a",
    "color" : "#F2F2F2",
    "position" : {
      "x" : -2.0124612,
      "y" : -3.5978713,
      "z" : 7.163119
    }
  }, {
    "shape" : "62634469-917c-4462-9de7-b2a7fc349a31",
    "color" : "#B0E0E6",
    "position" : {
      "x" : 3.3944273,
      "y" : 28.778212,
      "z" : -30.067066
    },
    "orientation" : 24
  }, {
    "shape" : "8093e663-29a6-435d-8e12-3bd54e3a4e22",
    "color" : "#008EC2",
    "position" : {
      "x" : -8.866563,
      "y" : 34.908707,
      "z" : -5.545085
    },
    "orientation" : 47
  }, {
    "shape" : "fbcbbd08-224e-471e-a8f9-2c2d673a766a",
    "color" : "#F2F2F2",
    "position" : {
      "x" : -8.866563,
      "y" : 36.35592,
      "z" : -30.067066
    }
  }, {
    "shape" : "fbcbbd08-224e-471e-a8f9-2c2d673a766a",
    "color" : "#F2F2F2",
    "position" : {
      "x" : -0.8416408,
      "y" : -46.61691,
      "z" : 23.383783
    }
  }, {
    "shape" : "8093e663-29a6-435d-8e12-3bd54e3a4e22",
    "color" : "#008EC2",
    "position" : {
      "x" : 3.3944273,
      "y" : 28.778212,
      "z" : -14.0172205
    },
    "orientation" : 11
  }, {
    "shape" : "8093e663-29a6-435d-8e12-3bd54e3a4e22",
    "color" : "#008EC2",
    "position" : {
      "x" : 3.3944273,
      "y" : -26.054604,
      "z" : 19.871323
    },
    "orientation" : 54
  }, {
    "shape" : "fbcbbd08-224e-471e-a8f9-2c2d673a766a",
    "color" : "#F2F2F2",
    "position" : {
      "x" : 3.3944273,
      "y" : 42.486416,
      "z" : -5.545085
    }
  }, {
    "shape" : "62634469-917c-4462-9de7-b2a7fc349a31",
    "color" : "#B0E0E6",
    "position" : {
      "x" : -15.720665,
      "y" : 47.44609,
      "z" : -34.303135
    },
    "orientation" : 52
  }, {
    "shape" : "8093e663-29a6-435d-8e12-3bd54e3a4e22",
    "color" : "#008EC2",
    "position" : {
      "x" : 15.208204,
      "y" : -46.61691,
      "z" : 21.936571
    },
    "orientation" : 37
  }, {
    "shape" : "fbcbbd08-224e-471e-a8f9-2c2d673a766a",
    "color" : "#F2F2F2",
    "position" : {
      "x" : -0.8416408,
      "y" : 63.04872,
      "z" : -19.871323
    }
  }, {
    "shape" : "fbcbbd08-224e-471e-a8f9-2c2d673a766a",
    "color" : "#F2F2F2",
    "position" : {
      "x" : -4.630495,
      "y" : -54.19462,
      "z" : 34.19756
    }
  }, {
    "shape" : "8093e663-29a6-435d-8e12-3bd54e3a4e22",
    "color" : "#008EC2",
    "position" : {
      "x" : -8.866563,
      "y" : 48.61691,
      "z" : -22.489357
    },
    "orientation" : 56
  }, {
    "shape" : "fbcbbd08-224e-471e-a8f9-2c2d673a766a",
    "color" : "#F2F2F2",
    "position" : {
      "x" : 10.248529,
      "y" : 67.28479,
      "z" : -26.725426
    }
  }, {
    "shape" : "8093e663-29a6-435d-8e12-3bd54e3a4e22",
    "color" : "#008EC2",
    "position" : {
      "x" : 10.972136,
      "y" : 15.070007,
      "z" : -0.8618034
    },
    "orientation" : 53
  }, {
    "shape" : "fbcbbd08-224e-471e-a8f9-2c2d673a766a",
    "color" : "#F2F2F2",
    "position" : {
      "x" : 3.3944273,
      "y" : -12.3464,
      "z" : 3.8214781
    }
  }, {
    "shape" : "62634469-917c-4462-9de7-b2a7fc349a31",
    "color" : "#B0E0E6",
    "position" : {
      "x" : 4.118034,
      "y" : 3.9798374,
      "z" : -5.0978713
    },
    "orientation" : 54
  }, {
    "shape" : "62634469-917c-4462-9de7-b2a7fc349a31",
    "color" : "#B0E0E6",
    "position" : {
      "x" : -2.0124612,
      "y" : -7.386726,
      "z" : -0.4145898
    },
    "orientation" : 14
  }, {
    "shape" : "8093e663-29a6-435d-8e12-3bd54e3a4e22",
    "color" : "#008EC2",
    "position" : {
      "x" : -4.630495,
      "y" : -26.778212,
      "z" : 17.253288
    },
    "orientation" : 51
  }, {
    "shape" : "fbcbbd08-224e-471e-a8f9-2c2d673a766a",
    "color" : "#F2F2F2",
    "position" : {
      "x" : 3.3944273,
      "y" : -26.054604,
      "z" : 19.871323
    }
  }, {
    "shape" : "62634469-917c-4462-9de7-b2a7fc349a31",
    "color" : "#B0E0E6",
    "position" : {
      "x" : 3.3944273,
      "y" : 42.486416,
      "z" : -30.067066
    },
    "orientation" : 49
  }, {
    "shape" : "8093e663-29a6-435d-8e12-3bd54e3a4e22",
    "color" : "#008EC2",
    "position" : {
      "x" : 10.248529,
      "y" : -23.436571,
      "z" : 24.107391
    },
    "orientation" : 41
  }, {
    "shape" : "fbcbbd08-224e-471e-a8f9-2c2d673a766a",
    "color" : "#F2F2F2",
    "position" : {
      "x" : 10.972136,
      "y" : 69.902824,
      "z" : -43.222485
    }
  }, {
    "shape" : "8093e663-29a6-435d-8e12-3bd54e3a4e22",
    "color" : "#008EC2",
    "position" : {
      "x" : 10.248529,
      "y" : -14.964435,
      "z" : 24.107391
    },
    "orientation" : 16
  }, {
    "shape" : "fbcbbd08-224e-471e-a8f9-2c2d673a766a",
    "color" : "#F2F2F2",
    "position" : {
      "x" : -15.720665,
      "y" : -7.386726,
      "z" : -0.4145898
    }
  }, {
    "shape" : "fbcbbd08-224e-471e-a8f9-2c2d673a766a",
    "color" : "#F2F2F2",
    "position" : {
      "x" : 17.826239,
      "y" : 12.451973,
      "z" : -5.0978713
    }
  }, {
    "shape" : "8093e663-29a6-435d-8e12-3bd54e3a4e22",
    "color" : "#008EC2",
    "position" : {
      "x" : -8.866563,
      "y" : 22.647717,
      "z" : -21.594929
    },
    "orientation" : 24
  }, {
    "shape" : "8093e663-29a6-435d-8e12-3bd54e3a4e22",
    "color" : "#008EC2",
    "position" : {
      "x" : 7.630495,
      "y" : 63.04872,
      "z" : -19.871323
    },
    "orientation" : 45
  }, {
    "shape" : "8093e663-29a6-435d-8e12-3bd54e3a4e22",
    "color" : "#008EC2",
    "position" : {
      "x" : -4.630495,
      "y" : -39.0392,
      "z" : 9.67558
    },
    "orientation" : 51
  }, {
    "shape" : "8093e663-29a6-435d-8e12-3bd54e3a4e22",
    "color" : "#008EC2",
    "position" : {
      "x" : 3.3944273,
      "y" : -53.471012,
      "z" : 36.815594
    },
    "orientation" : 2
  }, {
    "shape" : "fbcbbd08-224e-471e-a8f9-2c2d673a766a",
    "color" : "#F2F2F2",
    "position" : {
      "x" : 10.972136,
      "y" : -26.054604,
      "z" : 7.6103325
    }
  }, {
    "shape" : "fbcbbd08-224e-471e-a8f9-2c2d673a766a",
    "color" : "#F2F2F2",
    "position" : {
      "x" : 3.3944273,
      "y" : 69.902824,
      "z" : -30.961493
    }
  }, {
    "shape" : "8093e663-29a6-435d-8e12-3bd54e3a4e22",
    "color" : "#008EC2",
    "position" : {
      "x" : -2.0124612,
      "y" : -3.5978713,
      "z" : 7.163119
    },
    "orientation" : 41
  }, {
    "shape" : "62634469-917c-4462-9de7-b2a7fc349a31",
    "color" : "#B0E0E6",
    "position" : {
      "x" : 15.208204,
      "y" : -19.200502,
      "z" : 4.9922986
    },
    "orientation" : 28
  }, {
    "shape" : "fbcbbd08-224e-471e-a8f9-2c2d673a766a",
    "color" : "#F2F2F2",
    "position" : {
      "x" : -8.866563,
      "y" : 48.61691,
      "z" : -22.489357
    }
  }, {
    "shape" : "fbcbbd08-224e-471e-a8f9-2c2d673a766a",
    "color" : "#F2F2F2",
    "position" : {
      "x" : 3.3944273,
      "y" : 28.778212,
      "z" : -30.067066
    }
  }, {
    "shape" : "fbcbbd08-224e-471e-a8f9-2c2d673a766a",
    "color" : "#F2F2F2",
    "position" : {
      "x" : -2.0124612,
      "y" : -7.386726,
      "z" : -0.4145898
    }
  }, {
    "shape" : "62634469-917c-4462-9de7-b2a7fc349a31",
    "color" : "#B0E0E6",
    "position" : {
      "x" : 10.248529,
      "y" : -50.852978,
      "z" : 16.529682
    },
    "orientation" : 3
  }, {
    "shape" : "62634469-917c-4462-9de7-b2a7fc349a31",
    "color" : "#B0E0E6",
    "position" : {
      "x" : -15.720665,
      "y" : -34.803135,
      "z" : 16.529682
    },
    "orientation" : 52
  }, {
    "shape" : "62634469-917c-4462-9de7-b2a7fc349a31",
    "color" : "#B0E0E6",
    "position" : {
      "x" : -0.8416408,
      "y" : 35.632313,
      "z" : -2.927051
    },
    "orientation" : 51
  }, {
    "shape" : "8093e663-29a6-435d-8e12-3bd54e3a4e22",
    "color" : "#008EC2",
    "position" : {
      "x" : -15.720665,
      "y" : -43.27527,
      "z" : 16.529682
    },
    "orientation" : 10
  }, {
    "shape" : "fbcbbd08-224e-471e-a8f9-2c2d673a766a",
    "color" : "#F2F2F2",
    "position" : {
      "x" : -0.8416408,
      "y" : -19.200502,
      "z" : 30.961493
    }
  }, {
    "shape" : "8093e663-29a6-435d-8e12-3bd54e3a4e22",
    "color" : "#008EC2",
    "position" : {
      "x" : 10.248529,
      "y" : -14.964435,
      "z" : 24.107391
    },
    "orientation" : 40
  }, {
    "shape" : "8093e663-29a6-435d-8e12-3bd54e3a4e22",
    "color" : "#008EC2",
    "position" : {
      "x" : -0.8416408,
      "y" : 63.04872,
      "z" : -33.579525
    },
    "orientation" : 21
  }, {
    "shape" : "fbcbbd08-224e-471e-a8f9-2c2d673a766a",
    "color" : "#F2F2F2",
    "position" : {
      "x" : -0.8416408,
      "y" : -46.61691,
      "z" : 47.905766
    }
  }, {
    "shape" : "62634469-917c-4462-9de7-b2a7fc349a31",
    "color" : "#B0E0E6",
    "position" : {
      "x" : -8.866563,
      "y" : 34.908707,
      "z" : -5.545085
    },
    "orientation" : 55
  }, {
    "shape" : "8093e663-29a6-435d-8e12-3bd54e3a4e22",
    "color" : "#008EC2",
    "position" : {
      "x" : -2.0124612,
      "y" : 20.029682,
      "z" : -17.358862
    },
    "orientation" : 40
  }, {
    "shape" : "fbcbbd08-224e-471e-a8f9-2c2d673a766a",
    "color" : "#F2F2F2",
    "position" : {
      "x" : 7.630495,
      "y" : -19.200502,
      "z" : 30.961493
    }
  }, {
    "shape" : "8093e663-29a6-435d-8e12-3bd54e3a4e22",
    "color" : "#008EC2",
    "position" : {
      "x" : -4.630495,
      "y" : -54.19462,
      "z" : 47.905766
    },
    "orientation" : 36
  }, {
    "shape" : "8093e663-29a6-435d-8e12-3bd54e3a4e22",
    "color" : "#008EC2",
    "position" : {
      "x" : -13.102632,
      "y" : -39.0392,
      "z" : 9.67558
    },
    "orientation" : 21
  }, {
    "shape" : "8093e663-29a6-435d-8e12-3bd54e3a4e22",
    "color" : "#008EC2",
    "position" : {
      "x" : -3.4596748,
      "y" : 58.812653,
      "z" : -51.247406
    },
    "orientation" : 26
  }, {
    "shape" : "fbcbbd08-224e-471e-a8f9-2c2d673a766a",
    "color" : "#F2F2F2",
    "position" : {
      "x" : 4.118034,
      "y" : -42.380844,
      "z" : 28.790672
    }
  }, {
    "shape" : "8093e663-29a6-435d-8e12-3bd54e3a4e22",
    "color" : "#008EC2",
    "position" : {
      "x" : 17.826239,
      "y" : -23.436571,
      "z" : 11.8464
    },
    "orientation" : 55
  }, {
    "shape" : "fbcbbd08-224e-471e-a8f9-2c2d673a766a",
    "color" : "#F2F2F2",
    "position" : {
      "x" : 10.972136,
      "y" : 28.778212,
      "z" : -17.806076
    }
  }, {
    "shape" : "8093e663-29a6-435d-8e12-3bd54e3a4e22",
    "color" : "#008EC2",
    "position" : {
      "x" : -8.866563,
      "y" : 34.908707,
      "z" : -14.0172205
    },
    "orientation" : 24
  }, {
    "shape" : "8093e663-29a6-435d-8e12-3bd54e3a4e22",
    "color" : "#008EC2",
    "position" : {
      "x" : -0.8416408,
      "y" : -46.61691,
      "z" : 23.383783
    },
    "orientation" : 24
  }, {
    "shape" : "fbcbbd08-224e-471e-a8f9-2c2d673a766a",
    "color" : "#F2F2F2",
    "position" : {
      "x" : -8.866563,
      "y" : -61.04872,
      "z" : 45.28773
    }
  }, {
    "shape" : "8093e663-29a6-435d-8e12-3bd54e3a4e22",
    "color" : "#008EC2",
    "position" : {
      "x" : 10.972136,
      "y" : 69.902824,
      "z" : -43.222485
    },
    "orientation" : 2
  }, {
    "shape" : "fbcbbd08-224e-471e-a8f9-2c2d673a766a",
    "color" : "#F2F2F2",
    "position" : {
      "x" : 15.208204,
      "y" : -46.61691,
      "z" : 21.936571
    }
  }, {
    "shape" : "fbcbbd08-224e-471e-a8f9-2c2d673a766a",
    "color" : "#F2F2F2",
    "position" : {
      "x" : 3.3944273,
      "y" : 15.070007,
      "z" : -13.122794
    }
  }, {
    "shape" : "8093e663-29a6-435d-8e12-3bd54e3a4e22",
    "color" : "#008EC2",
    "position" : {
      "x" : -13.102632,
      "y" : -39.0392,
      "z" : 9.67558
    },
    "orientation" : 40
  }, {
    "shape" : "62634469-917c-4462-9de7-b2a7fc349a31",
    "color" : "#B0E0E6",
    "position" : {
      "x" : 3.3944273,
      "y" : -26.054604,
      "z" : 19.871323
    },
    "orientation" : 18
  }, {
    "shape" : "fbcbbd08-224e-471e-a8f9-2c2d673a766a",
    "color" : "#F2F2F2",
    "position" : {
      "x" : 10.972136,
      "y" : 42.486416,
      "z" : -26.278212
    }
  }, {
    "shape" : "8093e663-29a6-435d-8e12-3bd54e3a4e22",
    "color" : "#008EC2",
    "position" : {
      "x" : -8.866563,
      "y" : 48.61691,
      "z" : -22.489357
    },
    "orientation" : 51
  }, {
    "shape" : "fbcbbd08-224e-471e-a8f9-2c2d673a766a",
    "color" : "#F2F2F2",
    "position" : {
      "x" : -0.8416408,
      "y" : -19.200502,
      "z" : 17.253288
    }
  }, {
    "shape" : "8093e663-29a6-435d-8e12-3bd54e3a4e22",
    "color" : "#008EC2",
    "position" : {
      "x" : -0.8416408,
      "y" : 35.632313,
      "z" : -16.635256
    },
    "orientation" : 21
  }, {
    "shape" : "fbcbbd08-224e-471e-a8f9-2c2d673a766a",
    "color" : "#F2F2F2",
    "position" : {
      "x" : -13.102632,
      "y" : 43.210022,
      "z" : -41.157234
    }
  }, {
    "shape" : "8093e663-29a6-435d-8e12-3bd54e3a4e22",
    "color" : "#008EC2",
    "position" : {
      "x" : 3.3944273,
      "y" : -53.471012,
      "z" : 12.293614
    },
    "orientation" : 54
  }, {
