{
  "polygons" : "true",
  "field" : "golden",
  "symmetry" : "icosahedral",
  "orientations" : [ [ 1.0, 0.0, 0.0, 0.0, 0.0, 1.0, 0.0, 0.0, 0.0, 0.0, 1.0, 0.0, 0.0, 0.0, 0.0, 1.0 ], [ 0.0, 0.0, 1.0, 0.0, 1.0, 0.0, 0.0, 0.0, 0.0, 1.0, 0.0, 0.0, 0.0, 0.0, 0.0, 1.0 ], [ 0.0, 1.0, 0.0, 0.0, 0.0, 0.0, 1.0, 0.0, 1.0, 0.0, 0.0, 0.0, 0.0, 0.0, 0.0, 1.0 ], [ 0.809017, 0.309017, 0.5, 0.0, 0.309017, 0.5, -0.809017, 0.0, -0.5, 0.809017, 0.309017, 0.0, 0.0, 0.0, 0.0, 1.0 ], [ -0.5, 0.809017, 0.309017, 0.0, 0.809017, 0.309017, 0.5, 0.0, 0.309017, 0.5, -0.809017, 0.0, 0.0, 0.0, 0.0, 1.0 ], [ 0.309017, 0.5, -0.809017, 0.0, -0.5, 0.809017, 0.309017, 0.0, 0.809017, 0.309017, 0.5, 0.0, 0.0, 0.0, 0.0, 1.0 ], [ 0.5, 0.809017, 0.309017, 0.0, 0.809017, -0.309017, -0.5, 0.0, -0.309017, 0.5, -0.809017, 0.0, 0.0, 0.0, 0.0, 1.0 ], [ -0.309017, 0.5, -0.809017, 0.0, 0.5, 0.809017, 0.309017, 0.0, 0.809017, -0.309017, -0.5, 0.0, 0.0, 0.0, 0.0, 1.0 ], [ 0.809017, -0.309017, -0.5, 0.0, -0.309017, 0.5, -0.809017, 0.0, 0.5, 0.809017, 0.309017, 0.0, 0.0, 0.0, 0.0, 1.0 ], [ 0.5, 0.809017, -0.309017, 0.0, 0.809017, -0.309017, 0.5, 0.0, 0.309017, -0.5, -0.809017, 0.0, 0.0, 0.0, 0.0, 1.0 ], [ 0.309017, -0.5, -0.809017, 0.0, 0.5, 0.809017, -0.309017, 0.0, 0.809017, -0.309017, 0.5, 0.0, 0.0, 0.0, 0.0, 1.0 ], [ 0.809017, -0.309017, 0.5, 0.0, 0.309017, -0.5, -0.809017, 0.0, 0.5, 0.809017, -0.309017, 0.0, 0.0, 0.0, 0.0, 1.0 ], [ 0.809017, 0.309017, -0.5, 0.0, 0.309017, 0.5, 0.809017, 0.0, 0.5, -0.809017, 0.309017, 0.0, 0.0, 0.0, 0.0, 1.0 ], [ 0.5, -0.809017, 0.309017, 0.0, 0.809017, 0.309017, -0.5, 0.0, 0.309017, 0.5, 0.809017, 0.0, 0.0, 0.0, 0.0, 1.0 ], [ 0.309017, 0.5, 0.809017, 0.0, 0.5, -0.809017, 0.309017, 0.0, 0.809017, 0.309017, -0.5, 0.0, 0.0, 0.0, 0.0, 1.0 ], [ 1.0, 0.0, 0.0, 0.0, 0.0, -1.0, 0.0, 0.0, 0.0, 0.0, -1.0, 0.0, 0.0, 0.0, 0.0, 1.0 ], [ 0.0, 0.0, 1.0, 0.0, -1.0, 0.0, 0.0, 0.0, 0.0, -1.0, 0.0, 0.0, 0.0, 0.0, 0.0, 1.0 ], [ 0.0, 1.0, 0.0, 0.0, 0.0, 0.0, -1.0, 0.0, -1.0, 0.0, 0.0, 0.0, 0.0, 0.0, 0.0, 1.0 ], [ 0.809017, 0.309017, 0.5, 0.0, -0.309017, -0.5, 0.809017, 0.0, 0.5, -0.809017, -0.309017, 0.0, 0.0, 0.0, 0.0, 1.0 ], [ -0.5, 0.809017, 0.309017, 0.0, -0.809017, -0.309017, -0.5, 0.0, -0.309017, -0.5, 0.809017, 0.0, 0.0, 0.0, 0.0, 1.0 ], [ 0.309017, 0.5, -0.809017, 0.0, 0.5, -0.809017, -0.309017, 0.0, -0.809017, -0.309017, -0.5, 0.0, 0.0, 0.0, 0.0, 1.0 ], [ 0.5, 0.809017, 0.309017, 0.0, -0.809017, 0.309017, 0.5, 0.0, 0.309017, -0.5, 0.809017, 0.0, 0.0, 0.0, 0.0, 1.0 ], [ -0.309017, 0.5, -0.809017, 0.0, -0.5, -0.809017, -0.309017, 0.0, -0.809017, 0.309017, 0.5, 0.0, 0.0, 0.0, 0.0, 1.0 ], [ 0.809017, -0.309017, -0.5, 0.0, 0.309017, -0.5, 0.809017, 0.0, -0.5, -0.809017, -0.309017, 0.0, 0.0, 0.0, 0.0, 1.0 ], [ 0.5, 0.809017, -0.309017, 0.0, -0.809017, 0.309017, -0.5, 0.0, -0.309017, 0.5, 0.809017, 0.0, 0.0, 0.0, 0.0, 1.0 ], [ 0.309017, -0.5, -0.809017, 0.0, -0.5, -0.809017, 0.309017, 0.0, -0.809017, 0.309017, -0.5, 0.0, 0.0, 0.0, 0.0, 1.0 ], [ 0.809017, -0.309017, 0.5, 0.0, -0.309017, 0.5, 0.809017, 0.0, -0.5, -0.809017, 0.309017, 0.0, 0.0, 0.0, 0.0, 1.0 ], [ 0.809017, 0.309017, -0.5, 0.0, -0.309017, -0.5, -0.809017, 0.0, -0.5, 0.809017, -0.309017, 0.0, 0.0, 0.0, 0.0, 1.0 ], [ 0.5, -0.809017, 0.309017, 0.0, -0.809017, -0.309017, 0.5, 0.0, -0.309017, -0.5, -0.809017, 0.0, 0.0, 0.0, 0.0, 1.0 ], [ 0.309017, 0.5, 0.809017, 0.0, -0.5, 0.809017, -0.309017, 0.0, -0.809017, -0.309017, 0.5, 0.0, 0.0, 0.0, 0.0, 1.0 ], [ -1.0, 0.0, 0.0, 0.0, 0.0, -1.0, 0.0, 0.0, 0.0, 0.0, 1.0, 0.0, 0.0, 0.0, 0.0, 1.0 ], [ 0.0, 0.0, -1.0, 0.0, -1.0, 0.0, 0.0, 0.0, 0.0, 1.0, 0.0, 0.0, 0.0, 0.0, 0.0, 1.0 ], [ 0.0, -1.0, 0.0, 0.0, 0.0, 0.0, -1.0, 0.0, 1.0, 0.0, 0.0, 0.0, 0.0, 0.0, 0.0, 1.0 ], [ -0.809017, -0.309017, -0.5, 0.0, -0.309017, -0.5, 0.809017, 0.0, -0.5, 0.809017, 0.309017, 0.0, 0.0, 0.0, 0.0, 1.0 ], [ 0.5, -0.809017, -0.309017, 0.0, -0.809017, -0.309017, -0.5, 0.0, 0.309017, 0.5, -0.809017, 0.0, 0.0, 0.0, 0.0, 1.0 ], [ -0.309017, -0.5, 0.809017, 0.0, 0.5, -0.809017, -0.309017, 0.0, 0.809017, 0.309017, 0.5, 0.0, 0.0, 0.0, 0.0, 1.0 ], [ -0.5, -0.809017, -0.309017, 0.0, -0.809017, 0.309017, 0.5, 0.0, -0.309017, 0.5, -0.809017, 0.0, 0.0, 0.0, 0.0, 1.0 ], [ 0.309017, -0.5, 0.809017, 0.0, -0.5, -0.809017, -0.309017, 0.0, 0.809017, -0.309017, -0.5, 0.0, 0.0, 0.0, 0.0, 1.0 ], [ -0.809017, 0.309017, 0.5, 0.0, 0.309017, -0.5, 0.809017, 0.0, 0.5, 0.809017, 0.309017, 0.0, 0.0, 0.0, 0.0, 1.0 ], [ -0.5, -0.809017, 0.309017, 0.0, -0.809017, 0.309017, -0.5, 0.0, 0.309017, -0.5, -0.809017, 0.0, 0.0, 0.0, 0.0, 1.0 ], [ -0.309017, 0.5, 0.809017, 0.0, -0.5, -0.809017, 0.309017, 0.0, 0.809017, -0.309017, 0.5, 0.0, 0.0, 0.0, 0.0, 1.0 ], [ -0.809017, 0.309017, -0.5, 0.0, -0.309017, 0.5, 0.809017, 0.0, 0.5, 0.809017, -0.309017, 0.0, 0.0, 0.0, 0.0, 1.0 ], [ -0.809017, -0.309017, 0.5, 0.0, -0.309017, -0.5, -0.809017, 0.0, 0.5, -0.809017, 0.309017, 0.0, 0.0, 0.0, 0.0, 1.0 ], [ -0.5, 0.809017, -0.309017, 0.0, -0.809017, -0.309017, 0.5, 0.0, 0.309017, 0.5, 0.809017, 0.0, 0.0, 0.0, 0.0, 1.0 ], [ -0.309017, -0.5, -0.809017, 0.0, -0.5, 0.809017, -0.309017, 0.0, 0.809017, 0.309017, -0.5, 0.0, 0.0, 0.0, 0.0, 1.0 ], [ -1.0, 0.0, 0.0, 0.0, 0.0, 1.0, 0.0, 0.0, 0.0, 0.0, -1.0, 0.0, 0.0, 0.0, 0.0, 1.0 ], [ 0.0, 0.0, -1.0, 0.0, 1.0, 0.0, 0.0, 0.0, 0.0, -1.0, 0.0, 0.0, 0.0, 0.0, 0.0, 1.0 ], [ 0.0, -1.0, 0.0, 0.0, 0.0, 0.0, 1.0, 0.0, -1.0, 0.0, 0.0, 0.0, 0.0, 0.0, 0.0, 1.0 ], [ -0.809017, -0.309017, -0.5, 0.0, 0.309017, 0.5, -0.809017, 0.0, 0.5, -0.809017, -0.309017, 0.0, 0.0, 0.0, 0.0, 1.0 ], [ 0.5, -0.809017, -0.309017, 0.0, 0.809017, 0.309017, 0.5, 0.0, -0.309017, -0.5, 0.809017, 0.0, 0.0, 0.0, 0.0, 1.0 ], [ -0.309017, -0.5, 0.809017, 0.0, -0.5, 0.809017, 0.309017, 0.0, -0.809017, -0.309017, -0.5, 0.0, 0.0, 0.0, 0.0, 1.0 ], [ -0.5, -0.809017, -0.309017, 0.0, 0.809017, -0.309017, -0.5, 0.0, 0.309017, -0.5, 0.809017, 0.0, 0.0, 0.0, 0.0, 1.0 ], [ 0.309017, -0.5, 0.809017, 0.0, 0.5, 0.809017, 0.309017, 0.0, -0.809017, 0.309017, 0.5, 0.0, 0.0, 0.0, 0.0, 1.0 ], [ -0.809017, 0.309017, 0.5, 0.0, -0.309017, 0.5, -0.809017, 0.0, -0.5, -0.809017, -0.309017, 0.0, 0.0, 0.0, 0.0, 1.0 ], [ -0.5, -0.809017, 0.309017, 0.0, 0.809017, -0.309017, 0.5, 0.0, -0.309017, 0.5, 0.809017, 0.0, 0.0, 0.0, 0.0, 1.0 ], [ -0.309017, 0.5, 0.809017, 0.0, 0.5, 0.809017, -0.309017, 0.0, -0.809017, 0.309017, -0.5, 0.0, 0.0, 0.0, 0.0, 1.0 ], [ -0.809017, 0.309017, -0.5, 0.0, 0.309017, -0.5, -0.809017, 0.0, -0.5, -0.809017, 0.309017, 0.0, 0.0, 0.0, 0.0, 1.0 ], [ -0.809017, -0.309017, 0.5, 0.0, 0.309017, 0.5, 0.809017, 0.0, -0.5, 0.809017, -0.309017, 0.0, 0.0, 0.0, 0.0, 1.0 ], [ -0.5, 0.809017, -0.309017, 0.0, 0.809017, 0.309017, -0.5, 0.0, -0.309017, -0.5, -0.809017, 0.0, 0.0, 0.0, 0.0, 1.0 ], [ -0.309017, -0.5, -0.809017, 0.0, 0.5, -0.809017, 0.309017, 0.0, -0.809017, -0.309017, 0.5, 0.0, 0.0, 0.0, 0.0, 1.0 ] ],
  "lights" : {
    "ambientColor" : "#292929",
    "backgroundColor" : "#AFC8DC",
    "directionalLights" : [ {
      "direction" : [ 1.0, -1.0, -1.0 ],
      "color" : "#EBEBE4"
    }, {
      "direction" : [ -1.0, 0.0, 0.0 ],
      "color" : "#E4E4EB"
    }, {
      "direction" : [ 0.0, 0.0, -1.0 ],
      "color" : "#1E1E1E"
    } ]
  },
  "camera" : {
    "position" : {
      "x" : -433.9216,
      "y" : 149.32924,
      "z" : -4.7072687
    },
    "fieldOfView" : 0.44262907,
    "farClipDistance" : 917.8431,
    "perspective" : false,
    "lookAtPoint" : {
      "x" : 0.0,
      "y" : 0.0,
      "z" : 0.0
    },
    "viewDistance" : 458.92166,
    "nearClipDistance" : 1.1473048,
    "upDirection" : {
      "x" : -0.0973236,
      "y" : -0.31258854,
      "z" : -0.94488966
    },
    "stereo" : false,
    "lookDirection" : {
      "x" : 0.94552433,
      "y" : -0.32539156,
      "z" : 0.0102572385
    },
    "width" : 206.51483
  },
  "embedding" : [ 1.0, 0.0, 0.0, 0.0, 0.0, 1.0, 0.0, 0.0, 0.0, 0.0, 1.0, 0.0, 0.0, 0.0, 0.0, 1.0 ],
  "shapes" : [ {
    "id" : "458dcc66-26d7-4955-aaec-e33255e5e357",
    "orbit" : "red",
    "name" : " :4 +6*phi",
    "vertices" : [ {
      "x" : 46.169697,
      "y" : 28.652475,
      "z" : 0.309017
    }, {
      "x" : 47.78773,
      "y" : 29.416409,
      "z" : 0.309017
    }, {
      "x" : 47.59675,
      "y" : 29.725426,
      "z" : 0.19098301
    }, {
      "x" : 0.809017,
      "y" : 0.618034,
      "z" : -0.309017
    }, {
      "x" : 0.690983,
      "y" : 0.809017,
      "z" : 0.0
    }, {
      "x" : 46.051662,
      "y" : 28.843458,
      "z" : 0.0
    }, {
      "x" : 46.169697,
      "y" : 28.652475,
      "z" : -0.309017
    }, {
      "x" : 93.14841,
      "y" : 57.45085,
      "z" : 0.309017
    }, {
      "x" : 46.36068,
      "y" : 28.343458,
      "z" : 0.19098301
    }, {
      "x" : 46.36068,
      "y" : 28.343458,
      "z" : -0.19098301
    }, {
      "x" : 47.905766,
      "y" : 29.225426,
      "z" : 0.0
    }, {
      "x" : 47.78773,
      "y" : 29.416409,
      "z" : -0.309017
    }, {
      "x" : 93.26644,
      "y" : 57.259865,
      "z" : 0.0
    }, {
      "x" : 1.0,
      "y" : 0.309017,
      "z" : 0.19098301
    }, {
      "x" : 1.0,
      "y" : 0.309017,
      "z" : -0.19098301
    }, {
      "x" : 0.809017,
      "y" : 0.618034,
      "z" : 0.309017
    }, {
      "x" : 92.95743,
      "y" : 57.759865,
      "z" : 0.19098301
    }, {
      "x" : 93.14841,
      "y" : 57.45085,
      "z" : -0.309017
    }, {
      "x" : 92.95743,
      "y" : 57.759865,
      "z" : -0.19098301
    }, {
      "x" : 93.95743,
      "y" : 58.068882,
      "z" : 0.0
    }, {
      "x" : 47.59675,
      "y" : 29.725426,
      "z" : -0.19098301
    } ],
    "faces" : [ {
      "vertices" : [ 3, 6, 9, 14 ]
    }, {
      "vertices" : [ 11, 20, 18, 17 ]
    }, {
      "vertices" : [ 0, 1, 2 ]
    }, {
      "vertices" : [ 0, 15, 13, 8 ]
    }, {
      "vertices" : [ 6, 20, 11 ]
    }, {
      "vertices" : [ 0, 2, 5 ]
    }, {
      "vertices" : [ 0, 8, 1 ]
    }, {
      "vertices" : [ 8, 13, 14, 9 ]
    }, {
      "vertices" : [ 3, 4, 5, 6 ]
    }, {
      "vertices" : [ 10, 11, 17, 12 ]
    }, {
      "vertices" : [ 1, 8, 10 ]
    }, {
      "vertices" : [ 0, 5, 4, 15 ]
    }, {
      "vertices" : [ 2, 16, 18, 20 ]
    }, {
      "vertices" : [ 1, 7, 16, 2 ]
    }, {
      "vertices" : [ 6, 11, 9 ]
    }, {
      "vertices" : [ 8, 9, 10 ]
    }, {
      "vertices" : [ 2, 20, 5 ]
    }, {
      "vertices" : [ 9, 11, 10 ]
    }, {
      "vertices" : [ 1, 10, 12, 7 ]
    }, {
      "vertices" : [ 5, 20, 6 ]
    } ]
  }, {
    "id" : "b15d7510-a185-41d3-ab36-355425bcff27",
    "name" : "ball",
    "vertices" : [ {
      "x" : 0.309017,
      "y" : -0.809017,
      "z" : 0.618034
    }, {
      "x" : 0.809017,
      "y" : -0.618034,
      "z" : 0.309017
    }, {
      "x" : 0.618034,
      "y" : -0.309017,
      "z" : 0.809017
    }, {
      "x" : 1.0,
      "y" : 0.309017,
      "z" : 0.19098301
    }, {
      "x" : 0.809017,
      "y" : 0.618034,
      "z" : 0.309017
    }, {
      "x" : 0.618034,
      "y" : 0.309017,
      "z" : 0.809017
    }, {
      "x" : 0.809017,
      "y" : 0.0,
      "z" : 0.690983
    }, {
      "x" : 0.19098301,
      "y" : -1.0,
      "z" : 0.309017
    }, {
      "x" : -0.19098301,
      "y" : -1.0,
      "z" : 0.309017
    }, {
      "x" : -0.19098301,
      "y" : -1.0,
      "z" : -0.309017
    }, {
      "x" : 0.19098301,
      "y" : -1.0,
      "z" : -0.309017
    }, {
      "x" : 1.0,
      "y" : -0.309017,
      "z" : -0.19098301
    }, {
      "x" : 0.809017,
      "y" : -0.618034,
      "z" : -0.309017
    }, {
      "x" : 0.618034,
      "y" : -0.309017,
      "z" : -0.809017
    }, {
      "x" : 0.809017,
      "y" : 0.0,
      "z" : -0.690983
    }, {
      "x" : 0.0,
      "y" : 0.690983,
      "z" : -0.809017
    }, {
      "x" : 0.309017,
      "y" : 0.809017,
      "z" : -0.618034
    }, {
      "x" : 0.618034,
      "y" : 0.309017,
      "z" : -0.809017
    }, {
      "x" : 0.309017,
      "y" : 0.19098301,
      "z" : -1.0
    }, {
      "x" : 1.0,
      "y" : 0.309017,
      "z" : -0.19098301
    }, {
      "x" : -0.309017,
      "y" : -0.809017,
      "z" : 0.618034
    }, {
      "x" : 0.0,
      "y" : -0.690983,
      "z" : 0.809017
    }, {
      "x" : 0.809017,
      "y" : 0.618034,
      "z" : -0.309017
    }, {
      "x" : 0.690983,
      "y" : 0.809017,
      "z" : 0.0
    }, {
      "x" : -0.690983,
      "y" : 0.809017,
      "z" : 0.0
    }, {
      "x" : -0.809017,
      "y" : 0.618034,
      "z" : 0.309017
    }, {
      "x" : -0.309017,
      "y" : 0.809017,
      "z" : 0.618034
    }, {
      "x" : -0.19098301,
      "y" : 1.0,
      "z" : 0.309017
    }, {
      "x" : 0.309017,
      "y" : -0.19098301,
      "z" : -1.0
    }, {
      "x" : 0.19098301,
      "y" : 1.0,
      "z" : 0.309017
    }, {
      "x" : 0.309017,
      "y" : 0.809017,
      "z" : 0.618034
    }, {
      "x" : -0.809017,
      "y" : -0.618034,
      "z" : 0.309017
    }, {
      "x" : -0.690983,
      "y" : -0.809017,
      "z" : 0.0
    }, {
      "x" : 0.0,
      "y" : 0.690983,
      "z" : 0.809017
    }, {
      "x" : 0.309017,
      "y" : -0.809017,
      "z" : -0.618034
    }, {
      "x" : 0.0,
      "y" : -0.690983,
      "z" : -0.809017
    }, {
      "x" : -1.0,
      "y" : 0.309017,
      "z" : 0.19098301
    }, {
      "x" : -0.809017,
      "y" : 0.0,
      "z" : 0.690983
    }, {
      "x" : -0.618034,
      "y" : 0.309017,
      "z" : 0.809017
    }, {
      "x" : 1.0,
      "y" : -0.309017,
      "z" : 0.19098301
    }, {
      "x" : -0.309017,
      "y" : -0.809017,
      "z" : -0.618034
    }, {
      "x" : -1.0,
      "y" : 0.309017,
      "z" : -0.19098301
    }, {
      "x" : -1.0,
      "y" : -0.309017,
      "z" : -0.19098301
    }, {
      "x" : -1.0,
      "y" : -0.309017,
      "z" : 0.19098301
    }, {
      "x" : 0.19098301,
      "y" : 1.0,
      "z" : -0.309017
    }, {
      "x" : -0.809017,
      "y" : 0.618034,
      "z" : -0.309017
    }, {
      "x" : -0.19098301,
      "y" : 1.0,
      "z" : -0.309017
    }, {
      "x" : -0.309017,
      "y" : 0.809017,
      "z" : -0.618034
    }, {
      "x" : -0.618034,
      "y" : -0.309017,
      "z" : 0.809017
    }, {
      "x" : 0.309017,
      "y" : 0.19098301,
      "z" : 1.0
    }, {
      "x" : -0.309017,
      "y" : 0.19098301,
      "z" : -1.0
    }, {
      "x" : -0.309017,
      "y" : 0.19098301,
      "z" : 1.0
    }, {
      "x" : -0.309017,
      "y" : -0.19098301,
      "z" : 1.0
    }, {
      "x" : 0.309017,
      "y" : -0.19098301,
      "z" : 1.0
    }, {
      "x" : 0.690983,
      "y" : -0.809017,
      "z" : 0.0
    }, {
      "x" : -0.809017,
      "y" : 0.0,
      "z" : -0.690983
    }, {
      "x" : -0.618034,
      "y" : -0.309017,
      "z" : -0.809017
    }, {
      "x" : -0.309017,
      "y" : -0.19098301,
      "z" : -1.0
    }, {
      "x" : -0.618034,
      "y" : 0.309017,
      "z" : -0.809017
    }, {
      "x" : -0.809017,
      "y" : -0.618034,
      "z" : -0.309017
    } ],
    "faces" : [ {
      "vertices" : [ 9, 40, 35, 34, 10 ]
    }, {
      "vertices" : [ 0, 1, 2 ]
    }, {
      "vertices" : [ 33, 51, 49 ]
    }, {
      "vertices" : [ 25, 36, 37, 38 ]
    }, {
      "vertices" : [ 41, 55, 42 ]
    }, {
      "vertices" : [ 9, 32, 59, 40 ]
    }, {
      "vertices" : [ 20, 21, 52, 48 ]
    }, {
      "vertices" : [ 26, 33, 30, 29, 27 ]
    }, {
      "vertices" : [ 3, 4, 5, 6 ]
    }, {
      "vertices" : [ 27, 29, 44, 46 ]
    }, {
      "vertices" : [ 50, 57, 56, 55, 58 ]
    }, {
      "vertices" : [ 26, 38, 51, 33 ]
    }, {
      "vertices" : [ 45, 47, 58 ]
    }, {
      "vertices" : [ 18, 28, 57, 50 ]
    }, {
      "vertices" : [ 40, 59, 56 ]
    }, {
      "vertices" : [ 31, 48, 37, 43 ]
    }, {
      "vertices" : [ 7, 8, 9, 10 ]
    }, {
      "vertices" : [ 36, 41, 42, 43 ]
    }, {
      "vertices" : [ 24, 46, 47, 45 ]
    }, {
      "vertices" : [ 4, 30, 5 ]
    }, {
      "vertices" : [ 15, 47, 46, 44, 16 ]
    }, {
      "vertices" : [ 15, 50, 58, 47 ]
    }, {
      "vertices" : [ 24, 45, 41, 36, 25 ]
    }, {
      "vertices" : [ 11, 14, 19 ]
    }, {
      "vertices" : [ 3, 6, 39 ]
    }, {
      "vertices" : [ 1, 39, 6, 2 ]
    }, {
      "vertices" : [ 8, 32, 9 ]
    }, {
      "vertices" : [ 11, 12, 13, 14 ]
    }, {
      "vertices" : [ 16, 22, 17 ]
    }, {
      "vertices" : [ 0, 21, 20, 8, 7 ]
    }, {
      "vertices" : [ 12, 34, 13 ]
    }, {
      "vertices" : [ 35, 40, 56, 57 ]
    }, {
      "vertices" : [ 0, 7, 54, 1 ]
    }, {
      "vertices" : [ 15, 16, 17, 18 ]
    }, {
      "vertices" : [ 3, 19, 22, 23, 4 ]
    }, {
      "vertices" : [ 7, 10, 54 ]
    }, {
      "vertices" : [ 41, 45, 58, 55 ]
    }, {
      "vertices" : [ 3, 39, 11, 19 ]
    }, {
      "vertices" : [ 14, 17, 22, 19 ]
    }, {
      "vertices" : [ 0, 2, 53, 21 ]
    }, {
      "vertices" : [ 49, 51, 52, 53 ]
    }, {
      "vertices" : [ 31, 43, 42, 59, 32 ]
    }, {
      "vertices" : [ 15, 18, 50 ]
    }, {
      "vertices" : [ 42, 55, 56, 59 ]
    }, {
      "vertices" : [ 4, 23, 29, 30 ]
    }, {
      "vertices" : [ 25, 38, 26 ]
    }, {
      "vertices" : [ 13, 28, 18, 17, 14 ]
    }, {
      "vertices" : [ 8, 20, 31, 32 ]
    }, {
      "vertices" : [ 23, 44, 29 ]
    }, {
      "vertices" : [ 24, 27, 46 ]
    }, {
      "vertices" : [ 37, 48, 52, 51, 38 ]
    }, {
      "vertices" : [ 20, 48, 31 ]
    }, {
      "vertices" : [ 24, 25, 26, 27 ]
    }, {
      "vertices" : [ 16, 44, 23, 22 ]
    }, {
      "vertices" : [ 13, 34, 35, 28 ]
    }, {
      "vertices" : [ 10, 34, 12, 54 ]
    }, {
      "vertices" : [ 2, 6, 5, 49, 53 ]
    }, {
      "vertices" : [ 36, 43, 37 ]
    }, {
      "vertices" : [ 5, 30, 33, 49 ]
    }, {
      "vertices" : [ 1, 54, 12, 11, 39 ]
    }, {
      "vertices" : [ 28, 35, 57 ]
    }, {
      "vertices" : [ 21, 53, 52 ]
    } ]
  } ],
  "instances" : [ {
    "shape" : "458dcc66-26d7-4955-aaec-e33255e5e357",
    "color" : "#0033FF",
    "position" : {
      "x" : 6.854102,
      "y" : 49.59675,
      "z" : -24.798374
    },
    "orientation" : 31
  }, {
    "shape" : "b15d7510-a185-41d3-ab36-355425bcff27",
    "color" : "#0033FF",
    "position" : {
      "x" : -2.618034,
      "y" : 56.45085,
      "z" : -13.708204
    }
  }, {
    "shape" : "b15d7510-a185-41d3-ab36-355425bcff27",
    "color" : "#0033FF",
    "position" : {
      "x" : 16.326239,
      "y" : -42.742645,
      "z" : 35.888542
    }
  }, {
    "shape" : "458dcc66-26d7-4955-aaec-e33255e5e357",
    "color" : "#FFFF00",
    "position" : {
      "x" : 55.45085,
      "y" : -15.326238,
      "z" : -8.472136
    },
    "orientation" : 45
  }, {
    "shape" : "458dcc66-26d7-4955-aaec-e33255e5e357",
    "color" : "#0033FF",
    "position" : {
      "x" : -2.618034,
      "y" : 42.742645,
      "z" : -35.888542
    },
    "orientation" : 31
  }, {
    "shape" : "458dcc66-26d7-4955-aaec-e33255e5e357",
    "color" : "#00FF00",
    "position" : {
      "x" : 42.742645,
      "y" : 35.888542,
      "z" : -16.326239
    },
    "orientation" : 30
  }, {
    "shape" : "458dcc66-26d7-4955-aaec-e33255e5e357",
    "color" : "#FF9900",
    "position" : {
      "x" : 40.12461,
      "y" : 17.944271,
      "z" : 40.12461
    },
    "orientation" : 47
  }, {
    "shape" : "b15d7510-a185-41d3-ab36-355425bcff27",
    "color" : "#FFFF00",
    "position" : {
      "x" : -35.888542,
      "y" : 46.978714,
      "z" : 6.854102
    }
  }, {
    "shape" : "b15d7510-a185-41d3-ab36-355425bcff27",
    "color" : "#FF9900",
    "position" : {
      "x" : -44.36068,
      "y" : 2.618034,
      "z" : -37.506577
    }
  }, {
    "shape" : "458dcc66-26d7-4955-aaec-e33255e5e357",
    "color" : "#FF0033",
    "position" : {
      "x" : -22.18034,
      "y" : 46.978714,
      "z" : 29.034441
    },
    "orientation" : 16
  }, {
    "shape" : "b15d7510-a185-41d3-ab36-355425bcff27",
    "color" : "#FFFF00",
    "position" : {
      "x" : -49.59675,
      "y" : 24.798374,
      "z" : 6.854102
    }
  }, {
    "shape" : "458dcc66-26d7-4955-aaec-e33255e5e357",
    "color" : "#FF9900",
    "position" : {
      "x" : -24.798374,
      "y" : -6.854102,
      "z" : -49.59675
    },
    "orientation" : 2
  }, {
    "shape" : "458dcc66-26d7-4955-aaec-e33255e5e357",
    "color" : "#00FF00",
    "position" : {
      "x" : 40.12461,
      "y" : 40.12461,
      "z" : -12.708204
    },
    "orientation" : 30
  }, {
    "shape" : "458dcc66-26d7-4955-aaec-e33255e5e357",
    "color" : "#FFFF00",
    "position" : {
      "x" : 37.506577,
      "y" : -44.36068,
      "z" : -2.618034
    },
    "orientation" : 45
  }, {
    "shape" : "b15d7510-a185-41d3-ab36-355425bcff27",
    "color" : "#FF9900",
    "position" : {
      "x" : 31.652475,
      "y" : 17.944271,
      "z" : 45.36068
    }
  }, {
    "shape" : "458dcc66-26d7-4955-aaec-e33255e5e357",
    "color" : "#FFFF00",
    "position" : {
      "x" : -46.978714,
      "y" : 29.034441,
      "z" : 22.18034
    },
    "orientation" : 15
  }, {
    "shape" : "b15d7510-a185-41d3-ab36-355425bcff27",
    "color" : "#CC00FF",
    "position" : {
      "x" : 22.18034,
      "y" : 16.326239,
      "z" : -51.214783
    }
  }, {
    "shape" : "b15d7510-a185-41d3-ab36-355425bcff27",
    "color" : "#CC00FF",
    "position" : {
      "x" : 29.034441,
      "y" : -8.472136,
      "z" : -46.978714
    }
  }, {
    "shape" : "b15d7510-a185-41d3-ab36-355425bcff27",
    "color" : "#CC00FF",
    "position" : {
      "x" : 33.27051,
      "y" : 6.854102,
      "z" : -44.36068
    }
  }, {
    "shape" : "458dcc66-26d7-4955-aaec-e33255e5e357",
    "color" : "#FF0033",
    "position" : {
      "x" : -6.854102,
      "y" : 35.888542,
      "z" : 46.978714
    },
    "orientation" : 16
  }, {
    "shape" : "b15d7510-a185-41d3-ab36-355425bcff27",
    "color" : "#FF9900",
    "position" : {
      "x" : -24.798374,
      "y" : -6.854102,
      "z" : -49.59675
    }
  }, {
    "shape" : "b15d7510-a185-41d3-ab36-355425bcff27",
    "color" : "#00FF00",
    "position" : {
      "x" : 53.832817,
      "y" : 17.944271,
      "z" : -12.708204
    }
  }, {
    "shape" : "b15d7510-a185-41d3-ab36-355425bcff27",
    "color" : "#FFFF00",
    "position" : {
      "x" : -40.12461,
      "y" : 40.12461,
      "z" : 12.708204
    }
  }, {
    "shape" : "b15d7510-a185-41d3-ab36-355425bcff27",
    "color" : "#CC00FF",
    "position" : {
      "x" : 11.09017,
      "y" : 6.854102,
      "z" : -58.068882
    }
  }, {
    "shape" : "b15d7510-a185-41d3-ab36-355425bcff27",
    "color" : "#00FF00",
    "position" : {
      "x" : 48.59675,
      "y" : 26.416409,
      "z" : 17.944271
    }
  }, {
    "shape" : "458dcc66-26d7-4955-aaec-e33255e5e357",
    "color" : "#FF9900",
    "position" : {
      "x" : -26.416409,
      "y" : 17.944271,
      "z" : -48.59675
    },
    "orientation" : 2
  }, {
    "shape" : "b15d7510-a185-41d3-ab36-355425bcff27",
    "color" : "#FF0033",
    "position" : {
      "x" : 8.472136,
      "y" : 38.506577,
      "z" : 42.742645
    }
  }, {
    "shape" : "458dcc66-26d7-4955-aaec-e33255e5e357",
    "color" : "#00FF00",
    "position" : {
      "x" : 35.888542,
      "y" : 46.978714,
      "z" : -6.854102
    },
    "orientation" : 30
  }, {
    "shape" : "b15d7510-a185-41d3-ab36-355425bcff27",
    "color" : "#CC00FF",
    "position" : {
      "x" : 13.708204,
      "y" : -2.618034,
      "z" : -56.45085
    }
  }, {
    "shape" : "458dcc66-26d7-4955-aaec-e33255e5e357",
    "color" : "#FFFF00",
    "position" : {
      "x" : 51.214783,
      "y" : -22.18034,
      "z" : 16.326239
    },
    "orientation" : 45
  }, {
    "shape" : "458dcc66-26d7-4955-aaec-e33255e5e357",
    "color" : "#0033FF",
    "position" : {
      "x" : 22.18034,
      "y" : -46.978714,
      "z" : 29.034441
    },
    "orientation" : 46
  }, {
    "shape" : "458dcc66-26d7-4955-aaec-e33255e5e357",
    "color" : "#FF9900",
    "position" : {
      "x" : -35.888542,
      "y" : 2.618034,
      "z" : -42.742645
    },
    "orientation" : 2
  }, {
    "shape" : "b15d7510-a185-41d3-ab36-355425bcff27",
    "color" : "#00FF00",
    "position" : {
      "x" : -51.214783,
      "y" : -22.18034,
      "z" : 2.618034
    }
  }, {
    "shape" : "b15d7510-a185-41d3-ab36-355425bcff27",
    "color" : "#0033FF",
    "position" : {
      "x" : -8.472136,
      "y" : 46.978714,
      "z" : -29.034441
    }
  }, {
    "shape" : "b15d7510-a185-41d3-ab36-355425bcff27",
    "color" : "#FF0033",
    "position" : {
      "x" : -12.708204,
      "y" : -53.832817,
      "z" : -17.944271
    }
  }, {
    "shape" : "458dcc66-26d7-4955-aaec-e33255e5e357",
    "color" : "#FFFF00",
    "position" : {
      "x" : 35.888542,
      "y" : -46.978714,
      "z" : 6.854102
    },
    "orientation" : 45
  }, {
    "shape" : "b15d7510-a185-41d3-ab36-355425bcff27",
    "color" : "#FF9900",
    "position" : {
      "x" : -26.416409,
      "y" : 17.944271,
      "z" : -48.59675
    }
  }, {
    "shape" : "458dcc66-26d7-4955-aaec-e33255e5e357",
    "color" : "#FFFF00",
    "position" : {
      "x" : 56.45085,
      "y" : -13.708204,
      "z" : -2.618034
    },
    "orientation" : 45
  }, {
    "shape" : "458dcc66-26d7-4955-aaec-e33255e5e357",
    "color" : "#00FF00",
    "position" : {
      "x" : -40.12461,
      "y" : -40.12461,
      "z" : -12.708204
    },
    "orientation" : 0
  }, {
    "shape" : "b15d7510-a185-41d3-ab36-355425bcff27",
    "color" : "#FFFF00",
    "position" : {
      "x" : 55.45085,
      "y" : -15.326238,
      "z" : -8.472136
    }
  }, {
    "shape" : "b15d7510-a185-41d3-ab36-355425bcff27",
    "color" : "#00FF00",
    "position" : {
      "x" : 51.214783,
      "y" : 22.18034,
      "z" : -16.326239
    }
  }, {
    "shape" : "458dcc66-26d7-4955-aaec-e33255e5e357",
    "color" : "#FF9900",
    "position" : {
      "x" : 13.708204,
      "y" : 2.618034,
      "z" : 56.45085
    },
    "orientation" : 47
  }, {
    "shape" : "b15d7510-a185-41d3-ab36-355425bcff27",
    "color" : "#FFFF00",
    "position" : {
      "x" : -53.832817,
      "y" : 17.944271,
      "z" : -17.944271
    }
  }, {
    "shape" : "458dcc66-26d7-4955-aaec-e33255e5e357",
    "color" : "#FFFF00",
    "position" : {
      "x" : -51.214783,
      "y" : 22.18034,
      "z" : -2.618034
    },
    "orientation" : 15
  }, {
    "shape" : "458dcc66-26d7-4955-aaec-e33255e5e357",
    "color" : "#FFFF00",
    "position" : {
      "x" : 45.36068,
      "y" : -31.652475,
      "z" : -17.944271
    },
    "orientation" : 45
  }, {
    "shape" : "b15d7510-a185-41d3-ab36-355425bcff27",
    "color" : "#FF9900",
    "position" : {
      "x" : 40.12461,
      "y" : -12.708204,
      "z" : 40.12461
    }
  }, {
    "shape" : "458dcc66-26d7-4955-aaec-e33255e5e357",
    "color" : "#FFFF00",
    "position" : {
      "x" : 48.59675,
      "y" : -26.416409,
      "z" : -17.944271
    },
    "orientation" : 45
  }, {
    "shape" : "b15d7510-a185-41d3-ab36-355425bcff27",
    "color" : "#0033FF",
    "position" : {
      "x" : -8.472136,
      "y" : 55.45085,
      "z" : -15.326238
    }
  }, {
    "shape" : "b15d7510-a185-41d3-ab36-355425bcff27",
    "color" : "#FFFF00",
    "position" : {
      "x" : 51.214783,
      "y" : -22.18034,
      "z" : -2.618034
    }
  }, {
    "shape" : "458dcc66-26d7-4955-aaec-e33255e5e357",
    "color" : "#FF0033",
    "position" : {
      "x" : -12.708204,
      "y" : -40.12461,
      "z" : -40.12461
    },
    "orientation" : 1
  }, {
    "shape" : "b15d7510-a185-41d3-ab36-355425bcff27",
    "color" : "#FF0033",
    "position" : {
      "x" : 8.472136,
      "y" : -38.506577,
      "z" : -42.742645
    }
  }, {
    "shape" : "b15d7510-a185-41d3-ab36-355425bcff27",
    "color" : "#FF9900",
    "position" : {
      "x" : 42.742645,
      "y" : 8.472136,
      "z" : 38.506577
    }
  }, {
    "shape" : "b15d7510-a185-41d3-ab36-355425bcff27",
    "color" : "#0033FF",
    "position" : {
      "x" : -8.472136,
      "y" : -55.45085,
      "z" : 15.326238
    }
  }, {
    "shape" : "458dcc66-26d7-4955-aaec-e33255e5e357",
    "color" : "#FF0033",
    "position" : {
      "x" : 17.944271,
      "y" : -45.36068,
      "z" : -31.652475
    },
    "orientation" : 1
  }, {
    "shape" : "b15d7510-a185-41d3-ab36-355425bcff27",
    "color" : "#FFFF00",
    "position" : {
      "x" : 48.59675,
      "y" : -26.416409,
      "z" : -17.944271
    }
  }, {
    "shape" : "b15d7510-a185-41d3-ab36-355425bcff27",
    "color" : "#FFFF00",
    "position" : {
      "x" : -48.59675,
      "y" : 26.416409,
      "z" : -17.944271
    }
  }, {
    "shape" : "458dcc66-26d7-4955-aaec-e33255e5e357",
    "color" : "#0033FF",
    "position" : {
      "x" : 6.854102,
      "y" : -49.59675,
      "z" : 24.798374
    },
    "orientation" : 46
  }, {
    "shape" : "458dcc66-26d7-4955-aaec-e33255e5e357",
    "color" : "#FF9900",
    "position" : {
      "x" : 17.944271,
      "y" : 17.944271,
      "z" : 53.832817
    },
    "orientation" : 47
  }, {
    "shape" : "b15d7510-a185-41d3-ab36-355425bcff27",
    "color" : "#0033FF",
    "position" : {
      "x" : 6.854102,
      "y" : 35.888542,
      "z" : -46.978714
    }
  }, {
    "shape" : "b15d7510-a185-41d3-ab36-355425bcff27",
    "color" : "#0033FF",
    "position" : {
      "x" : 6.854102,
      "y" : 58.068882,
      "z" : -11.09017
    }
  }, {
    "shape" : "458dcc66-26d7-4955-aaec-e33255e5e357",
    "color" : "#00FF00",
    "position" : {
      "x" : 45.36068,
      "y" : 31.652475,
      "z" : 17.944271
    },
    "orientation" : 30
  }, {
    "shape" : "b15d7510-a185-41d3-ab36-355425bcff27",
    "color" : "#FFFF00",
    "position" : {
      "x" : 42.742645,
      "y" : -35.888542,
      "z" : 16.326239
    }
  }, {
    "shape" : "b15d7510-a185-41d3-ab36-355425bcff27",
    "color" : "#FF9900",
    "position" : {
      "x" : 11.09017,
      "y" : -6.854102,
      "z" : 58.068882
    }
  }, {
    "shape" : "458dcc66-26d7-4955-aaec-e33255e5e357",
    "color" : "#FF0033",
    "position" : {
      "x" : 2.618034,
      "y" : -37.506577,
      "z" : -44.36068
    },
    "orientation" : 1
  }, {
    "shape" : "b15d7510-a185-41d3-ab36-355425bcff27",
    "color" : "#FF0033",
    "position" : {
      "x" : -16.326239,
      "y" : 51.214783,
      "z" : 22.18034
    }
  }, {
    "shape" : "b15d7510-a185-41d3-ab36-355425bcff27",
    "color" : "#00FF00",
    "position" : {
      "x" : 40.12461,
      "y" : 40.12461,
      "z" : 17.944271
    }
  }, {
    "shape" : "b15d7510-a185-41d3-ab36-355425bcff27",
    "color" : "#00FF00",
    "position" : {
      "x" : -56.45085,
      "y" : -13.708204,
      "z" : 2.618034
    }
  }, {
    "shape" : "b15d7510-a185-41d3-ab36-355425bcff27",
    "color" : "#0033FF",
    "position" : {
      "x" : 6.854102,
      "y" : 44.36068,
      "z" : -33.27051
    }
  }, {
    "shape" : "b15d7510-a185-41d3-ab36-355425bcff27",
    "color" : "#0033FF",
    "position" : {
      "x" : 6.854102,
      "y" : -49.59675,
      "z" : 24.798374
    }
  }, {
    "shape" : "b15d7510-a185-41d3-ab36-355425bcff27",
    "color" : "#00FF00",
    "position" : {
      "x" : 44.36068,
      "y" : 33.27051,
      "z" : -6.854102
    }
  }, {
    "shape" : "b15d7510-a185-41d3-ab36-355425bcff27",
    "color" : "#FF9900",
    "position" : {
      "x" : 24.798374,
      "y" : -6.854102,
      "z" : 49.59675
    }
  }, {
    "shape" : "b15d7510-a185-41d3-ab36-355425bcff27",
    "color" : "#00FF00",
    "position" : {
      "x" : -40.12461,
      "y" : -40.12461,
      "z" : -12.708204
    }
  }, {
    "shape" : "b15d7510-a185-41d3-ab36-355425bcff27",
    "color" : "#FF9900",
    "position" : {
      "x" : 40.12461,
      "y" : 17.944271,
      "z" : 40.12461
    }
  }, {
    "shape" : "b15d7510-a185-41d3-ab36-355425bcff27",
    "color" : "#CC00FF",
    "position" : {
      "x" : 35.888542,
      "y" : 16.326239,
      "z" : -42.742645
    }
  }, {
    "shape" : "458dcc66-26d7-4955-aaec-e33255e5e357",
    "color" : "#CC00FF",
    "position" : {
      "x" : 24.798374,
      "y" : 6.854102,
      "z" : -49.59675
    },
    "orientation" : 32
  }, {
    "shape" : "b15d7510-a185-41d3-ab36-355425bcff27",
    "color" : "#FFFF00",
    "position" : {
      "x" : 45.36068,
      "y" : -31.652475,
      "z" : -17.944271
    }
  }, {
    "shape" : "b15d7510-a185-41d3-ab36-355425bcff27",
    "color" : "#0033FF",
    "position" : {
      "x" : 6.854102,
      "y" : -35.888542,
      "z" : 46.978714
    }
  }, {
    "shape" : "b15d7510-a185-41d3-ab36-355425bcff27",
    "color" : "#FF9900",
    "position" : {
      "x" : -29.034441,
      "y" : 8.472136,
      "z" : -46.978714
    }
  }, {
    "shape" : "458dcc66-26d7-4955-aaec-e33255e5e357",
    "color" : "#CC00FF",
    "position" : {
      "x" : -42.742645,
      "y" : -8.472136,
      "z" : 38.506577
    },
    "orientation" : 17
  }, {
    "shape" : "458dcc66-26d7-4955-aaec-e33255e5e357",
    "color" : "#FF0033",
    "position" : {
      "x" : 2.618034,
      "y" : 51.214783,
      "z" : 22.18034
    },
    "orientation" : 16
  }, {
    "shape" : "458dcc66-26d7-4955-aaec-e33255e5e357",
    "color" : "#00FF00",
    "position" : {
      "x" : -42.742645,
      "y" : -35.888542,
      "z" : -16.326239
    },
    "orientation" : 0
  }, {
    "shape" : "b15d7510-a185-41d3-ab36-355425bcff27",
    "color" : "#00FF00",
    "position" : {
      "x" : 49.59675,
      "y" : 24.798374,
      "z" : -6.854102
    }
  }, {
    "shape" : "b15d7510-a185-41d3-ab36-355425bcff27",
    "color" : "#CC00FF",
    "position" : {
      "x" : -29.034441,
      "y" : -8.472136,
      "z" : 46.978714
    }
  }, {
    "shape" : "458dcc66-26d7-4955-aaec-e33255e5e357",
    "color" : "#FF9900",
    "position" : {
      "x" : -22.18034,
      "y" : 2.618034,
      "z" : -51.214783
    },
    "orientation" : 2
  }, {
    "shape" : "b15d7510-a185-41d3-ab36-355425bcff27",
    "color" : "#CC00FF",
    "position" : {
      "x" : 35.888542,
      "y" : -2.618034,
      "z" : -42.742645
    }
  }, {
    "shape" : "b15d7510-a185-41d3-ab36-355425bcff27",
    "color" : "#FF0033",
    "position" : {
      "x" : 17.944271,
      "y" : -48.59675,
      "z" : -26.416409
    }
  }, {
    "shape" : "b15d7510-a185-41d3-ab36-355425bcff27",
    "color" : "#00FF00",
    "position" : {
      "x" : -37.506577,
      "y" : -44.36068,
      "z" : 2.618034
    }
  }, {
    "shape" : "b15d7510-a185-41d3-ab36-355425bcff27",
    "color" : "#0033FF",
    "position" : {
      "x" : -8.472136,
      "y" : -46.978714,
      "z" : 29.034441
    }
  }, {
    "shape" : "b15d7510-a185-41d3-ab36-355425bcff27",
    "color" : "#00FF00",
    "position" : {
      "x" : -51.214783,
      "y" : -22.18034,
      "z" : -16.326239
    }
  }, {
    "shape" : "b15d7510-a185-41d3-ab36-355425bcff27",
    "color" : "#FF9900",
    "position" : {
      "x" : -11.09017,
      "y" : -6.854102,
      "z" : -58.068882
    }
  }, {
    "shape" : "b15d7510-a185-41d3-ab36-355425bcff27",
    "color" : "#FFFF00",
    "position" : {
      "x" : -58.068882,
      "y" : 11.09017,
      "z" : 6.854102
    }
  }, {
    "shape" : "b15d7510-a185-41d3-ab36-355425bcff27",
    "color" : "#CC00FF",
    "position" : {
      "x" : -40.12461,
      "y" : -17.944271,
      "z" : 40.12461
    }
  }, {
    "shape" : "b15d7510-a185-41d3-ab36-355425bcff27",
    "color" : "#FFFF00",
    "position" : {
      "x" : 35.888542,
      "y" : -46.978714,
      "z" : 6.854102
    }
  }, {
    "shape" : "458dcc66-26d7-4955-aaec-e33255e5e357",
    "color" : "#FF0033",
    "position" : {
      "x" : 8.472136,
      "y" : -38.506577,
      "z" : -42.742645
    },
    "orientation" : 1
  }, {
    "shape" : "458dcc66-26d7-4955-aaec-e33255e5e357",
    "color" : "#CC00FF",
    "position" : {
      "x" : 22.18034,
      "y" : -2.618034,
      "z" : -51.214783
    },
    "orientation" : 32
  }, {
    "shape" : "458dcc66-26d7-4955-aaec-e33255e5e357",
    "color" : "#0033FF",
    "position" : {
      "x" : -2.618034,
      "y" : -56.45085,
      "z" : 13.708204
    },
    "orientation" : 46
  }, {
    "shape" : "b15d7510-a185-41d3-ab36-355425bcff27",
    "color" : "#00FF00",
    "position" : {
      "x" : -38.506577,
      "y" : -42.742645,
      "z" : 8.472136
    }
  }, {
    "shape" : "b15d7510-a185-41d3-ab36-355425bcff27",
    "color" : "#0033FF",
    "position" : {
      "x" : 12.708204,
      "y" : 53.832817,
      "z" : -17.944271
    }
  }, {
    "shape" : "b15d7510-a185-41d3-ab36-355425bcff27",
    "color" : "#FFFF00",
    "position" : {
      "x" : 46.978714,
      "y" : -29.034441,
      "z" : -8.472136
    }
  }, {
    "shape" : "b15d7510-a185-41d3-ab36-355425bcff27",
    "color" : "#FF0033",
    "position" : {
      "x" : 8.472136,
      "y" : -46.978714,
      "z" : -29.034441
    }
  }, {
    "shape" : "458dcc66-26d7-4955-aaec-e33255e5e357",
    "color" : "#FF0033",
    "position" : {
      "x" : -12.708204,
      "y" : 40.12461,
      "z" : 40.12461
    },
    "orientation" : 16
  }, {
    "shape" : "b15d7510-a185-41d3-ab36-355425bcff27",
    "color" : "#0033FF",
    "position" : {
      "x" : -2.618034,
      "y" : -37.506577,
      "z" : 44.36068
    }
  }, {
    "shape" : "b15d7510-a185-41d3-ab36-355425bcff27",
    "color" : "#0033FF",
    "position" : {
      "x" : -2.618034,
      "y" : 51.214783,
      "z" : -22.18034
    }
  }, {
    "shape" : "458dcc66-26d7-4955-aaec-e33255e5e357",
    "color" : "#FF0033",
    "position" : {
      "x" : -16.326239,
      "y" : 42.742645,
      "z" : 35.888542
    },
    "orientation" : 16
  }, {
    "shape" : "458dcc66-26d7-4955-aaec-e33255e5e357",
    "color" : "#FF9900",
    "position" : {
      "x" : 42.742645,
      "y" : 8.472136,
      "z" : 38.506577
    },
    "orientation" : 47
  }, {
    "shape" : "b15d7510-a185-41d3-ab36-355425bcff27",
    "color" : "#00FF00",
    "position" : {
      "x" : 55.45085,
      "y" : 15.326238,
      "z" : 8.472136
    }
  }, {
    "shape" : "458dcc66-26d7-4955-aaec-e33255e5e357",
    "color" : "#00FF00",
    "position" : {
      "x" : 49.59675,
      "y" : 24.798374,
      "z" : -6.854102
    },
    "orientation" : 30
  }, {
    "shape" : "b15d7510-a185-41d3-ab36-355425bcff27",
    "color" : "#FFFF00",
    "position" : {
      "x" : 56.45085,
      "y" : -13.708204,
      "z" : -2.618034
    }
  }, {
    "shape" : "458dcc66-26d7-4955-aaec-e33255e5e357",
    "color" : "#FF0033",
    "position" : {
      "x" : 17.944271,
      "y" : -48.59675,
      "z" : -26.416409
    },
    "orientation" : 1
  }, {
    "shape" : "458dcc66-26d7-4955-aaec-e33255e5e357",
    "color" : "#CC00FF",
    "position" : {
      "x" : -31.652475,
      "y" : -17.944271,
      "z" : 45.36068
    },
    "orientation" : 17
