{
  "polygons" : "true",
  "field" : "golden",
  "symmetry" : "icosahedral",
  "orientations" : [ [ 1.0, 0.0, 0.0, 0.0, 0.0, 1.0, 0.0, 0.0, 0.0, 0.0, 1.0, 0.0, 0.0, 0.0, 0.0, 1.0 ], [ 0.0, 0.0, 1.0, 0.0, 1.0, 0.0, 0.0, 0.0, 0.0, 1.0, 0.0, 0.0, 0.0, 0.0, 0.0, 1.0 ], [ 0.0, 1.0, 0.0, 0.0, 0.0, 0.0, 1.0, 0.0, 1.0, 0.0, 0.0, 0.0, 0.0, 0.0, 0.0, 1.0 ], [ 0.809017, 0.309017, 0.5, 0.0, 0.309017, 0.5, -0.809017, 0.0, -0.5, 0.809017, 0.309017, 0.0, 0.0, 0.0, 0.0, 1.0 ], [ -0.5, 0.809017, 0.309017, 0.0, 0.809017, 0.309017, 0.5, 0.0, 0.309017, 0.5, -0.809017, 0.0, 0.0, 0.0, 0.0, 1.0 ], [ 0.309017, 0.5, -0.809017, 0.0, -0.5, 0.809017, 0.309017, 0.0, 0.809017, 0.309017, 0.5, 0.0, 0.0, 0.0, 0.0, 1.0 ], [ 0.5, 0.809017, 0.309017, 0.0, 0.809017, -0.309017, -0.5, 0.0, -0.309017, 0.5, -0.809017, 0.0, 0.0, 0.0, 0.0, 1.0 ], [ -0.309017, 0.5, -0.809017, 0.0, 0.5, 0.809017, 0.309017, 0.0, 0.809017, -0.309017, -0.5, 0.0, 0.0, 0.0, 0.0, 1.0 ], [ 0.809017, -0.309017, -0.5, 0.0, -0.309017, 0.5, -0.809017, 0.0, 0.5, 0.809017, 0.309017, 0.0, 0.0, 0.0, 0.0, 1.0 ], [ 0.5, 0.809017, -0.309017, 0.0, 0.809017, -0.309017, 0.5, 0.0, 0.309017, -0.5, -0.809017, 0.0, 0.0, 0.0, 0.0, 1.0 ], [ 0.309017, -0.5, -0.809017, 0.0, 0.5, 0.809017, -0.309017, 0.0, 0.809017, -0.309017, 0.5, 0.0, 0.0, 0.0, 0.0, 1.0 ], [ 0.809017, -0.309017, 0.5, 0.0, 0.309017, -0.5, -0.809017, 0.0, 0.5, 0.809017, -0.309017, 0.0, 0.0, 0.0, 0.0, 1.0 ], [ 0.809017, 0.309017, -0.5, 0.0, 0.309017, 0.5, 0.809017, 0.0, 0.5, -0.809017, 0.309017, 0.0, 0.0, 0.0, 0.0, 1.0 ], [ 0.5, -0.809017, 0.309017, 0.0, 0.809017, 0.309017, -0.5, 0.0, 0.309017, 0.5, 0.809017, 0.0, 0.0, 0.0, 0.0, 1.0 ], [ 0.309017, 0.5, 0.809017, 0.0, 0.5, -0.809017, 0.309017, 0.0, 0.809017, 0.309017, -0.5, 0.0, 0.0, 0.0, 0.0, 1.0 ], [ 1.0, 0.0, 0.0, 0.0, 0.0, -1.0, 0.0, 0.0, 0.0, 0.0, -1.0, 0.0, 0.0, 0.0, 0.0, 1.0 ], [ 0.0, 0.0, 1.0, 0.0, -1.0, 0.0, 0.0, 0.0, 0.0, -1.0, 0.0, 0.0, 0.0, 0.0, 0.0, 1.0 ], [ 0.0, 1.0, 0.0, 0.0, 0.0, 0.0, -1.0, 0.0, -1.0, 0.0, 0.0, 0.0, 0.0, 0.0, 0.0, 1.0 ], [ 0.809017, 0.309017, 0.5, 0.0, -0.309017, -0.5, 0.809017, 0.0, 0.5, -0.809017, -0.309017, 0.0, 0.0, 0.0, 0.0, 1.0 ], [ -0.5, 0.809017, 0.309017, 0.0, -0.809017, -0.309017, -0.5, 0.0, -0.309017, -0.5, 0.809017, 0.0, 0.0, 0.0, 0.0, 1.0 ], [ 0.309017, 0.5, -0.809017, 0.0, 0.5, -0.809017, -0.309017, 0.0, -0.809017, -0.309017, -0.5, 0.0, 0.0, 0.0, 0.0, 1.0 ], [ 0.5, 0.809017, 0.309017, 0.0, -0.809017, 0.309017, 0.5, 0.0, 0.309017, -0.5, 0.809017, 0.0, 0.0, 0.0, 0.0, 1.0 ], [ -0.309017, 0.5, -0.809017, 0.0, -0.5, -0.809017, -0.309017, 0.0, -0.809017, 0.309017, 0.5, 0.0, 0.0, 0.0, 0.0, 1.0 ], [ 0.809017, -0.309017, -0.5, 0.0, 0.309017, -0.5, 0.809017, 0.0, -0.5, -0.809017, -0.309017, 0.0, 0.0, 0.0, 0.0, 1.0 ], [ 0.5, 0.809017, -0.309017, 0.0, -0.809017, 0.309017, -0.5, 0.0, -0.309017, 0.5, 0.809017, 0.0, 0.0, 0.0, 0.0, 1.0 ], [ 0.309017, -0.5, -0.809017, 0.0, -0.5, -0.809017, 0.309017, 0.0, -0.809017, 0.309017, -0.5, 0.0, 0.0, 0.0, 0.0, 1.0 ], [ 0.809017, -0.309017, 0.5, 0.0, -0.309017, 0.5, 0.809017, 0.0, -0.5, -0.809017, 0.309017, 0.0, 0.0, 0.0, 0.0, 1.0 ], [ 0.809017, 0.309017, -0.5, 0.0, -0.309017, -0.5, -0.809017, 0.0, -0.5, 0.809017, -0.309017, 0.0, 0.0, 0.0, 0.0, 1.0 ], [ 0.5, -0.809017, 0.309017, 0.0, -0.809017, -0.309017, 0.5, 0.0, -0.309017, -0.5, -0.809017, 0.0, 0.0, 0.0, 0.0, 1.0 ], [ 0.309017, 0.5, 0.809017, 0.0, -0.5, 0.809017, -0.309017, 0.0, -0.809017, -0.309017, 0.5, 0.0, 0.0, 0.0, 0.0, 1.0 ], [ -1.0, 0.0, 0.0, 0.0, 0.0, -1.0, 0.0, 0.0, 0.0, 0.0, 1.0, 0.0, 0.0, 0.0, 0.0, 1.0 ], [ 0.0, 0.0, -1.0, 0.0, -1.0, 0.0, 0.0, 0.0, 0.0, 1.0, 0.0, 0.0, 0.0, 0.0, 0.0, 1.0 ], [ 0.0, -1.0, 0.0, 0.0, 0.0, 0.0, -1.0, 0.0, 1.0, 0.0, 0.0, 0.0, 0.0, 0.0, 0.0, 1.0 ], [ -0.809017, -0.309017, -0.5, 0.0, -0.309017, -0.5, 0.809017, 0.0, -0.5, 0.809017, 0.309017, 0.0, 0.0, 0.0, 0.0, 1.0 ], [ 0.5, -0.809017, -0.309017, 0.0, -0.809017, -0.309017, -0.5, 0.0, 0.309017, 0.5, -0.809017, 0.0, 0.0, 0.0, 0.0, 1.0 ], [ -0.309017, -0.5, 0.809017, 0.0, 0.5, -0.809017, -0.309017, 0.0, 0.809017, 0.309017, 0.5, 0.0, 0.0, 0.0, 0.0, 1.0 ], [ -0.5, -0.809017, -0.309017, 0.0, -0.809017, 0.309017, 0.5, 0.0, -0.309017, 0.5, -0.809017, 0.0, 0.0, 0.0, 0.0, 1.0 ], [ 0.309017, -0.5, 0.809017, 0.0, -0.5, -0.809017, -0.309017, 0.0, 0.809017, -0.309017, -0.5, 0.0, 0.0, 0.0, 0.0, 1.0 ], [ -0.809017, 0.309017, 0.5, 0.0, 0.309017, -0.5, 0.809017, 0.0, 0.5, 0.809017, 0.309017, 0.0, 0.0, 0.0, 0.0, 1.0 ], [ -0.5, -0.809017, 0.309017, 0.0, -0.809017, 0.309017, -0.5, 0.0, 0.309017, -0.5, -0.809017, 0.0, 0.0, 0.0, 0.0, 1.0 ], [ -0.309017, 0.5, 0.809017, 0.0, -0.5, -0.809017, 0.309017, 0.0, 0.809017, -0.309017, 0.5, 0.0, 0.0, 0.0, 0.0, 1.0 ], [ -0.809017, 0.309017, -0.5, 0.0, -0.309017, 0.5, 0.809017, 0.0, 0.5, 0.809017, -0.309017, 0.0, 0.0, 0.0, 0.0, 1.0 ], [ -0.809017, -0.309017, 0.5, 0.0, -0.309017, -0.5, -0.809017, 0.0, 0.5, -0.809017, 0.309017, 0.0, 0.0, 0.0, 0.0, 1.0 ], [ -0.5, 0.809017, -0.309017, 0.0, -0.809017, -0.309017, 0.5, 0.0, 0.309017, 0.5, 0.809017, 0.0, 0.0, 0.0, 0.0, 1.0 ], [ -0.309017, -0.5, -0.809017, 0.0, -0.5, 0.809017, -0.309017, 0.0, 0.809017, 0.309017, -0.5, 0.0, 0.0, 0.0, 0.0, 1.0 ], [ -1.0, 0.0, 0.0, 0.0, 0.0, 1.0, 0.0, 0.0, 0.0, 0.0, -1.0, 0.0, 0.0, 0.0, 0.0, 1.0 ], [ 0.0, 0.0, -1.0, 0.0, 1.0, 0.0, 0.0, 0.0, 0.0, -1.0, 0.0, 0.0, 0.0, 0.0, 0.0, 1.0 ], [ 0.0, -1.0, 0.0, 0.0, 0.0, 0.0, 1.0, 0.0, -1.0, 0.0, 0.0, 0.0, 0.0, 0.0, 0.0, 1.0 ], [ -0.809017, -0.309017, -0.5, 0.0, 0.309017, 0.5, -0.809017, 0.0, 0.5, -0.809017, -0.309017, 0.0, 0.0, 0.0, 0.0, 1.0 ], [ 0.5, -0.809017, -0.309017, 0.0, 0.809017, 0.309017, 0.5, 0.0, -0.309017, -0.5, 0.809017, 0.0, 0.0, 0.0, 0.0, 1.0 ], [ -0.309017, -0.5, 0.809017, 0.0, -0.5, 0.809017, 0.309017, 0.0, -0.809017, -0.309017, -0.5, 0.0, 0.0, 0.0, 0.0, 1.0 ], [ -0.5, -0.809017, -0.309017, 0.0, 0.809017, -0.309017, -0.5, 0.0, 0.309017, -0.5, 0.809017, 0.0, 0.0, 0.0, 0.0, 1.0 ], [ 0.309017, -0.5, 0.809017, 0.0, 0.5, 0.809017, 0.309017, 0.0, -0.809017, 0.309017, 0.5, 0.0, 0.0, 0.0, 0.0, 1.0 ], [ -0.809017, 0.309017, 0.5, 0.0, -0.309017, 0.5, -0.809017, 0.0, -0.5, -0.809017, -0.309017, 0.0, 0.0, 0.0, 0.0, 1.0 ], [ -0.5, -0.809017, 0.309017, 0.0, 0.809017, -0.309017, 0.5, 0.0, -0.309017, 0.5, 0.809017, 0.0, 0.0, 0.0, 0.0, 1.0 ], [ -0.309017, 0.5, 0.809017, 0.0, 0.5, 0.809017, -0.309017, 0.0, -0.809017, 0.309017, -0.5, 0.0, 0.0, 0.0, 0.0, 1.0 ], [ -0.809017, 0.309017, -0.5, 0.0, 0.309017, -0.5, -0.809017, 0.0, -0.5, -0.809017, 0.309017, 0.0, 0.0, 0.0, 0.0, 1.0 ], [ -0.809017, -0.309017, 0.5, 0.0, 0.309017, 0.5, 0.809017, 0.0, -0.5, 0.809017, -0.309017, 0.0, 0.0, 0.0, 0.0, 1.0 ], [ -0.5, 0.809017, -0.309017, 0.0, 0.809017, 0.309017, -0.5, 0.0, -0.309017, -0.5, -0.809017, 0.0, 0.0, 0.0, 0.0, 1.0 ], [ -0.309017, -0.5, -0.809017, 0.0, 0.5, -0.809017, 0.309017, 0.0, -0.809017, -0.309017, 0.5, 0.0, 0.0, 0.0, 0.0, 1.0 ] ],
  "lights" : {
    "backgroundColor" : "#AFC8DC",
    "directionalLights" : [ {
      "direction" : [ 1.0, -1.0, -1.0 ],
      "color" : "#EBEBE4"
    }, {
      "direction" : [ -1.0, 0.0, 0.0 ],
      "color" : "#E4E4EB"
    }, {
      "direction" : [ 0.0, 0.0, -1.0 ],
      "color" : "#1E1E1E"
    } ],
    "ambientColor" : "#292929"
  },
  "camera" : {
    "perspective" : true,
    "stereo" : false,
    "lookAtPoint" : {
      "x" : 0.0,
      "y" : 0.0,
      "z" : 0.0
    },
    "lookDirection" : {
      "x" : -0.74384993,
      "y" : -0.2580739,
      "z" : -0.6165094
    },
    "upDirection" : {
      "x" : -0.21057704,
      "y" : 0.96595603,
      "z" : -0.15028013
    },
    "farClipDistance" : 185.30937,
    "nearClipDistance" : 0.23163672,
    "width" : 41.694614,
    "position" : {
      "x" : 68.92118,
      "y" : 23.911757,
      "z" : 57.122482
    },
    "lookAtPointRV" : {
      "x" : 0.0,
      "y" : 0.0,
      "z" : 0.0,
      "zero" : true
    },
    "fieldOfView" : 0.44262892,
    "viewDistance" : 92.654686,
    "lookDirectionRV" : {
      "x" : -0.74384993,
      "y" : -0.2580739,
      "z" : -0.6165094,
      "zero" : false
    },
    "upDirectionRV" : {
      "x" : -0.21057704,
      "y" : 0.96595603,
      "z" : -0.15028013,
      "zero" : false
    }
  },
  "embedding" : [ 1.0, 0.0, 0.0, 0.0, 0.0, 1.0, 0.0, 0.0, 0.0, 0.0, 1.0, 0.0, 0.0, 0.0, 0.0, 1.0 ],
  "shapes" : [ {
    "id" : "4fb05593-5a76-450b-aa66-c47bab2e492c",
    "name" : "ball",
    "vertices" : [ {
      "x" : 0.309017,
      "y" : -0.809017,
      "z" : 0.618034
    }, {
      "x" : 0.809017,
      "y" : -0.618034,
      "z" : 0.309017
    }, {
      "x" : 0.618034,
      "y" : -0.309017,
      "z" : 0.809017
    }, {
      "x" : 1.0,
      "y" : 0.309017,
      "z" : 0.19098301
    }, {
      "x" : 0.809017,
      "y" : 0.618034,
      "z" : 0.309017
    }, {
      "x" : 0.618034,
      "y" : 0.309017,
      "z" : 0.809017
    }, {
      "x" : 0.809017,
      "y" : 0.0,
      "z" : 0.690983
    }, {
      "x" : 0.19098301,
      "y" : -1.0,
      "z" : 0.309017
    }, {
      "x" : -0.19098301,
      "y" : -1.0,
      "z" : 0.309017
    }, {
      "x" : -0.19098301,
      "y" : -1.0,
      "z" : -0.309017
    }, {
      "x" : 0.19098301,
      "y" : -1.0,
      "z" : -0.309017
    }, {
      "x" : 1.0,
      "y" : -0.309017,
      "z" : -0.19098301
    }, {
      "x" : 0.809017,
      "y" : -0.618034,
      "z" : -0.309017
    }, {
      "x" : 0.618034,
      "y" : -0.309017,
      "z" : -0.809017
    }, {
      "x" : 0.809017,
      "y" : 0.0,
      "z" : -0.690983
    }, {
      "x" : 0.0,
      "y" : 0.690983,
      "z" : -0.809017
    }, {
      "x" : 0.309017,
      "y" : 0.809017,
      "z" : -0.618034
    }, {
      "x" : 0.618034,
      "y" : 0.309017,
      "z" : -0.809017
    }, {
      "x" : 0.309017,
      "y" : 0.19098301,
      "z" : -1.0
    }, {
      "x" : 1.0,
      "y" : 0.309017,
      "z" : -0.19098301
    }, {
      "x" : -0.309017,
      "y" : -0.809017,
      "z" : 0.618034
    }, {
      "x" : 0.0,
      "y" : -0.690983,
      "z" : 0.809017
    }, {
      "x" : 0.809017,
      "y" : 0.618034,
      "z" : -0.309017
    }, {
      "x" : 0.690983,
      "y" : 0.809017,
      "z" : 0.0
    }, {
      "x" : -0.690983,
      "y" : 0.809017,
      "z" : 0.0
    }, {
      "x" : -0.809017,
      "y" : 0.618034,
      "z" : 0.309017
    }, {
      "x" : -0.309017,
      "y" : 0.809017,
      "z" : 0.618034
    }, {
      "x" : -0.19098301,
      "y" : 1.0,
      "z" : 0.309017
    }, {
      "x" : 0.309017,
      "y" : -0.19098301,
      "z" : -1.0
    }, {
      "x" : 0.19098301,
      "y" : 1.0,
      "z" : 0.309017
    }, {
      "x" : 0.309017,
      "y" : 0.809017,
      "z" : 0.618034
    }, {
      "x" : -0.809017,
      "y" : -0.618034,
      "z" : 0.309017
    }, {
      "x" : -0.690983,
      "y" : -0.809017,
      "z" : 0.0
    }, {
      "x" : 0.0,
      "y" : 0.690983,
      "z" : 0.809017
    }, {
      "x" : 0.309017,
      "y" : -0.809017,
      "z" : -0.618034
    }, {
      "x" : 0.0,
      "y" : -0.690983,
      "z" : -0.809017
    }, {
      "x" : -1.0,
      "y" : 0.309017,
      "z" : 0.19098301
    }, {
      "x" : -0.809017,
      "y" : 0.0,
      "z" : 0.690983
    }, {
      "x" : -0.618034,
      "y" : 0.309017,
      "z" : 0.809017
    }, {
      "x" : 1.0,
      "y" : -0.309017,
      "z" : 0.19098301
    }, {
      "x" : -0.309017,
      "y" : -0.809017,
      "z" : -0.618034
    }, {
      "x" : -1.0,
      "y" : 0.309017,
      "z" : -0.19098301
    }, {
      "x" : -1.0,
      "y" : -0.309017,
      "z" : -0.19098301
    }, {
      "x" : -1.0,
      "y" : -0.309017,
      "z" : 0.19098301
    }, {
      "x" : 0.19098301,
      "y" : 1.0,
      "z" : -0.309017
    }, {
      "x" : -0.809017,
      "y" : 0.618034,
      "z" : -0.309017
    }, {
      "x" : -0.19098301,
      "y" : 1.0,
      "z" : -0.309017
    }, {
      "x" : -0.309017,
      "y" : 0.809017,
      "z" : -0.618034
    }, {
      "x" : -0.618034,
      "y" : -0.309017,
      "z" : 0.809017
    }, {
      "x" : 0.309017,
      "y" : 0.19098301,
      "z" : 1.0
    }, {
      "x" : -0.309017,
      "y" : 0.19098301,
      "z" : -1.0
    }, {
      "x" : -0.309017,
      "y" : 0.19098301,
      "z" : 1.0
    }, {
      "x" : -0.309017,
      "y" : -0.19098301,
      "z" : 1.0
    }, {
      "x" : 0.309017,
      "y" : -0.19098301,
      "z" : 1.0
    }, {
      "x" : 0.690983,
      "y" : -0.809017,
      "z" : 0.0
    }, {
      "x" : -0.809017,
      "y" : 0.0,
      "z" : -0.690983
    }, {
      "x" : -0.618034,
      "y" : -0.309017,
      "z" : -0.809017
    }, {
      "x" : -0.309017,
      "y" : -0.19098301,
      "z" : -1.0
    }, {
      "x" : -0.618034,
      "y" : 0.309017,
      "z" : -0.809017
    }, {
      "x" : -0.809017,
      "y" : -0.618034,
      "z" : -0.309017
    } ],
    "faces" : [ {
      "vertices" : [ 9, 40, 35, 34, 10 ]
    }, {
      "vertices" : [ 0, 1, 2 ]
    }, {
      "vertices" : [ 33, 51, 49 ]
    }, {
      "vertices" : [ 25, 36, 37, 38 ]
    }, {
      "vertices" : [ 41, 55, 42 ]
    }, {
      "vertices" : [ 9, 32, 59, 40 ]
    }, {
      "vertices" : [ 20, 21, 52, 48 ]
    }, {
      "vertices" : [ 26, 33, 30, 29, 27 ]
    }, {
      "vertices" : [ 3, 4, 5, 6 ]
    }, {
      "vertices" : [ 27, 29, 44, 46 ]
    }, {
      "vertices" : [ 50, 57, 56, 55, 58 ]
    }, {
      "vertices" : [ 26, 38, 51, 33 ]
    }, {
      "vertices" : [ 45, 47, 58 ]
    }, {
      "vertices" : [ 18, 28, 57, 50 ]
    }, {
      "vertices" : [ 40, 59, 56 ]
    }, {
      "vertices" : [ 31, 48, 37, 43 ]
    }, {
      "vertices" : [ 7, 8, 9, 10 ]
    }, {
      "vertices" : [ 36, 41, 42, 43 ]
    }, {
      "vertices" : [ 24, 46, 47, 45 ]
    }, {
      "vertices" : [ 4, 30, 5 ]
    }, {
      "vertices" : [ 15, 47, 46, 44, 16 ]
    }, {
      "vertices" : [ 15, 50, 58, 47 ]
    }, {
      "vertices" : [ 24, 45, 41, 36, 25 ]
    }, {
      "vertices" : [ 11, 14, 19 ]
    }, {
      "vertices" : [ 3, 6, 39 ]
    }, {
      "vertices" : [ 1, 39, 6, 2 ]
    }, {
      "vertices" : [ 8, 32, 9 ]
    }, {
      "vertices" : [ 11, 12, 13, 14 ]
    }, {
      "vertices" : [ 16, 22, 17 ]
    }, {
      "vertices" : [ 0, 21, 20, 8, 7 ]
    }, {
      "vertices" : [ 12, 34, 13 ]
    }, {
      "vertices" : [ 35, 40, 56, 57 ]
    }, {
      "vertices" : [ 0, 7, 54, 1 ]
    }, {
      "vertices" : [ 15, 16, 17, 18 ]
    }, {
      "vertices" : [ 3, 19, 22, 23, 4 ]
    }, {
      "vertices" : [ 7, 10, 54 ]
    }, {
      "vertices" : [ 41, 45, 58, 55 ]
    }, {
      "vertices" : [ 3, 39, 11, 19 ]
    }, {
      "vertices" : [ 14, 17, 22, 19 ]
    }, {
      "vertices" : [ 0, 2, 53, 21 ]
    }, {
      "vertices" : [ 49, 51, 52, 53 ]
    }, {
      "vertices" : [ 31, 43, 42, 59, 32 ]
    }, {
      "vertices" : [ 15, 18, 50 ]
    }, {
      "vertices" : [ 42, 55, 56, 59 ]
    }, {
      "vertices" : [ 4, 23, 29, 30 ]
    }, {
      "vertices" : [ 25, 38, 26 ]
    }, {
      "vertices" : [ 13, 28, 18, 17, 14 ]
    }, {
      "vertices" : [ 8, 20, 31, 32 ]
    }, {
      "vertices" : [ 23, 44, 29 ]
    }, {
      "vertices" : [ 24, 27, 46 ]
    }, {
      "vertices" : [ 37, 48, 52, 51, 38 ]
    }, {
      "vertices" : [ 20, 48, 31 ]
    }, {
      "vertices" : [ 24, 25, 26, 27 ]
    }, {
      "vertices" : [ 16, 44, 23, 22 ]
    }, {
      "vertices" : [ 13, 34, 35, 28 ]
    }, {
      "vertices" : [ 10, 34, 12, 54 ]
    }, {
      "vertices" : [ 2, 6, 5, 49, 53 ]
    }, {
      "vertices" : [ 36, 43, 37 ]
    }, {
      "vertices" : [ 5, 30, 33, 49 ]
    }, {
      "vertices" : [ 1, 54, 12, 11, 39 ]
    }, {
      "vertices" : [ 28, 35, 57 ]
    }, {
      "vertices" : [ 21, 53, 52 ]
    } ]
  }, {
    "id" : "3aac7631-f651-4647-b6c3-fc8990e46b92",
    "orbit" : "blue",
    "orbitC" : "[[0,0,1],[0,0,1]]",
    "length" : "[\"1\",\"0\",\"1\"]",
    "name" : "b1",
    "vertices" : [ {
      "x" : 7.472136,
      "y" : 0.309017,
      "z" : 0.19098301
    }, {
      "x" : 7.472136,
      "y" : 0.309017,
      "z" : -0.19098301
    }, {
      "x" : 1.0,
      "y" : 0.309017,
      "z" : -0.19098301
    }, {
      "x" : 1.0,
      "y" : 0.309017,
      "z" : 0.19098301
    }, {
      "x" : 7.472136,
      "y" : -0.309017,
      "z" : 0.19098301
    }, {
      "x" : 1.0,
      "y" : -0.309017,
      "z" : 0.19098301
    }, {
      "x" : 1.0,
      "y" : -0.309017,
      "z" : -0.19098301
    }, {
      "x" : 7.472136,
      "y" : -0.309017,
      "z" : -0.19098301
    }, {
      "x" : 8.472136,
      "y" : 0.0,
      "z" : 0.0
    } ],
    "faces" : [ {
      "vertices" : [ 1, 7, 6, 2 ]
    }, {
      "vertices" : [ 0, 1, 2, 3 ]
    }, {
      "vertices" : [ 4, 5, 6, 7 ]
    }, {
      "vertices" : [ 0, 3, 5, 4 ]
    } ]
  }, {
    "id" : "5c7a81c6-bdbe-4285-8c7f-8b71db9a8b71",
    "orbit" : "green",
    "orbitC" : "[[2,-1,1],[5,-3,1]]",
    "length" : "[\"-1\",\"1\",\"1\"]",
    "name" : "g0",
    "vertices" : [ {
      "x" : 5.1405764,
      "y" : 1.7725425,
      "z" : -0.868034
    }, {
      "x" : 6.163119,
      "y" : 1.809017,
      "z" : -1.0
    }, {
      "x" : 5.1405764,
      "y" : 1.7725425,
      "z" : -0.48606798
    }, {
      "x" : 4.9495935,
      "y" : 2.0815594,
      "z" : -0.98606795
    }, {
      "x" : 4.9495935,
      "y" : 2.0815594,
      "z" : -0.60410196
    }, {
      "x" : 0.809017,
      "y" : 0.618034,
      "z" : 0.309017
    }, {
      "x" : 1.0,
      "y" : 0.309017,
      "z" : 0.19098301
    }, {
      "x" : 1.9045085,
      "y" : 0.5364745,
      "z" : -0.013932022
    }, {
      "x" : 5.854102,
      "y" : 2.309017,
      "z" : -1.190983
    }, {
      "x" : 6.045085,
      "y" : 2.0,
      "z" : -1.309017
    }, {
      "x" : 6.045085,
      "y" : 2.0,
      "z" : -0.690983
    }, {
      "x" : 5.854102,
      "y" : 2.309017,
      "z" : -0.809017
    }, {
      "x" : 1.7135255,
      "y" : 0.8454915,
      "z" : -0.13196601
    }, {
      "x" : 0.690983,
      "y" : 0.809017,
      "z" : 0.0
    }, {
      "x" : 1.9045085,
      "y" : 0.5364745,
      "z" : -0.39589804
    }, {
      "x" : 1.7135255,
      "y" : 0.8454915,
      "z" : -0.51393205
    }, {
      "x" : 0.809017,
      "y" : 0.618034,
      "z" : -0.309017
    }, {
      "x" : 1.0,
      "y" : 0.309017,
      "z" : -0.19098301
    }, {
      "x" : 6.854102,
      "y" : 2.618034,
      "z" : -1.0
    } ],
    "faces" : [ {
      "vertices" : [ 0, 14, 15, 3 ]
    }, {
      "vertices" : [ 3, 15, 12, 4 ]
    }, {
      "vertices" : [ 0, 1, 2 ]
    }, {
      "vertices" : [ 12, 15, 13 ]
    }, {
      "vertices" : [ 0, 9, 1 ]
    }, {
      "vertices" : [ 0, 3, 9 ]
    }, {
      "vertices" : [ 13, 15, 16 ]
    }, {
      "vertices" : [ 6, 17, 14, 7 ]
    }, {
      "vertices" : [ 1, 10, 2 ]
    }, {
      "vertices" : [ 5, 6, 7 ]
    }, {
      "vertices" : [ 3, 8, 9 ]
    }, {
      "vertices" : [ 0, 2, 7, 14 ]
    }, {
      "vertices" : [ 5, 7, 12 ]
    }, {
      "vertices" : [ 2, 4, 12, 7 ]
    }, {
      "vertices" : [ 3, 4, 11, 8 ]
    }, {
      "vertices" : [ 2, 10, 11, 4 ]
    }, {
      "vertices" : [ 5, 12, 13 ]
    }, {
      "vertices" : [ 14, 17, 16, 15 ]
    } ]
  }, {
    "id" : "6ef7f372-85fe-4823-8fb0-2cb88019cc01",
    "orbit" : "blue",
    "orbitC" : "[[0,0,1],[0,0,1]]",
    "length" : "[\"-1\",\"1\",\"1\"]",
    "name" : "b0",
    "vertices" : [ {
      "x" : 4.236068,
      "y" : 0.309017,
      "z" : 0.19098301
    }, {
      "x" : 4.236068,
      "y" : 0.309017,
      "z" : -0.19098301
    }, {
      "x" : 1.0,
      "y" : 0.309017,
      "z" : -0.19098301
    }, {
      "x" : 1.0,
      "y" : 0.309017,
      "z" : 0.19098301
    }, {
      "x" : 4.236068,
      "y" : -0.309017,
      "z" : 0.19098301
    }, {
      "x" : 1.0,
      "y" : -0.309017,
      "z" : 0.19098301
    }, {
      "x" : 1.0,
      "y" : -0.309017,
      "z" : -0.19098301
    }, {
      "x" : 4.236068,
      "y" : -0.309017,
      "z" : -0.19098301
    }, {
      "x" : 5.236068,
      "y" : 0.0,
      "z" : 0.0
    } ],
    "faces" : [ {
      "vertices" : [ 1, 7, 6, 2 ]
    }, {
      "vertices" : [ 0, 1, 2, 3 ]
    }, {
      "vertices" : [ 4, 5, 6, 7 ]
    }, {
      "vertices" : [ 0, 3, 5, 4 ]
    } ]
  } ],
  "instances" : [ {
    "shape" : "4fb05593-5a76-450b-aa66-c47bab2e492c",
    "color" : "#F2F2F2",
    "position" : {
      "x" : 0.0,
      "y" : 4.236068,
      "z" : 2.618034
    }
  }, {
    "shape" : "3aac7631-f651-4647-b6c3-fc8990e46b92",
    "color" : "#008EC2",
    "position" : {
      "x" : -8.472136,
      "y" : -4.236068,
      "z" : -2.618034
    },
    "orientation" : 0
  }, {
    "shape" : "4fb05593-5a76-450b-aa66-c47bab2e492c",
    "color" : "#F2F2F2",
    "position" : {
      "x" : 2.618034,
      "y" : -8.472136,
      "z" : 4.236068
    }
  }, {
    "shape" : "4fb05593-5a76-450b-aa66-c47bab2e492c",
    "color" : "#F2F2F2",
    "position" : {
      "x" : 0.0,
      "y" : -4.236068,
      "z" : 2.618034
    }
  }, {
    "shape" : "5c7a81c6-bdbe-4285-8c7f-8b71db9a8b71",
    "color" : "#00993F",
    "position" : {
      "x" : 4.236068,
      "y" : 2.618034,
      "z" : -8.472136
    },
    "orientation" : 4
  }, {
    "shape" : "5c7a81c6-bdbe-4285-8c7f-8b71db9a8b71",
    "color" : "#00993F",
    "position" : {
      "x" : -2.618034,
      "y" : 8.472136,
      "z" : -4.236068
    },
    "orientation" : 19
  }, {
    "shape" : "5c7a81c6-bdbe-4285-8c7f-8b71db9a8b71",
    "color" : "#00993F",
    "position" : {
      "x" : 2.618034,
      "y" : -8.472136,
      "z" : -4.236068
    },
    "orientation" : 49
  }, {
    "shape" : "4fb05593-5a76-450b-aa66-c47bab2e492c",
    "color" : "#F2F2F2",
    "position" : {
      "x" : -8.472136,
      "y" : 4.236068,
      "z" : 2.618034
    }
  }, {
    "shape" : "6ef7f372-85fe-4823-8fb0-2cb88019cc01",
    "color" : "#008EC2",
    "position" : {
      "x" : 2.618034,
      "y" : -8.472136,
      "z" : -4.236068
    },
    "orientation" : 45
  }, {
    "shape" : "5c7a81c6-bdbe-4285-8c7f-8b71db9a8b71",
    "color" : "#00993F",
    "position" : {
      "x" : 8.472136,
      "y" : -4.236068,
      "z" : 2.618034
    },
    "orientation" : 35
  }, {
    "shape" : "3aac7631-f651-4647-b6c3-fc8990e46b92",
    "color" : "#008EC2",
    "position" : {
      "x" : 0.0,
      "y" : 4.236068,
      "z" : 2.618034
    },
    "orientation" : 0
  }, {
    "shape" : "4fb05593-5a76-450b-aa66-c47bab2e492c",
    "color" : "#F2F2F2",
    "position" : {
      "x" : 4.236068,
      "y" : 2.618034,
      "z" : 8.472136
    }
  }, {
    "shape" : "5c7a81c6-bdbe-4285-8c7f-8b71db9a8b71",
    "color" : "#00993F",
    "position" : {
      "x" : 4.236068,
      "y" : -2.618034,
      "z" : 8.472136
    },
    "orientation" : 19
  }, {
    "shape" : "3aac7631-f651-4647-b6c3-fc8990e46b92",
    "color" : "#008EC2",
    "position" : {
      "x" : -8.472136,
      "y" : -4.236068,
      "z" : 2.618034
    },
    "orientation" : 0
  }, {
    "shape" : "4fb05593-5a76-450b-aa66-c47bab2e492c",
    "color" : "#F2F2F2",
    "position" : {
      "x" : 4.236068,
      "y" : -2.618034,
      "z" : 8.472136
    }
  }, {
    "shape" : "4fb05593-5a76-450b-aa66-c47bab2e492c",
    "color" : "#F2F2F2",
    "position" : {
      "x" : 2.618034,
      "y" : 8.472136,
      "z" : -4.236068
    }
  }, {
    "shape" : "4fb05593-5a76-450b-aa66-c47bab2e492c",
    "color" : "#F2F2F2",
    "position" : {
      "x" : -2.618034,
      "y" : -8.472136,
      "z" : 4.236068
    }
  }, {
    "shape" : "3aac7631-f651-4647-b6c3-fc8990e46b92",
    "color" : "#008EC2",
    "position" : {
      "x" : -2.618034,
      "y" : 8.472136,
      "z" : -4.236068
    },
    "orientation" : 2
  }, {
    "shape" : "3aac7631-f651-4647-b6c3-fc8990e46b92",
    "color" : "#008EC2",
    "position" : {
      "x" : -4.236068,
      "y" : -2.618034,
      "z" : 8.472136
    },
    "orientation" : 0
  }, {
    "shape" : "4fb05593-5a76-450b-aa66-c47bab2e492c",
    "color" : "#F2F2F2",
    "position" : {
      "x" : 8.472136,
      "y" : -4.236068,
      "z" : 2.618034
    }
  }, {
    "shape" : "3aac7631-f651-4647-b6c3-fc8990e46b92",
    "color" : "#008EC2",
    "position" : {
      "x" : -4.236068,
      "y" : 2.618034,
      "z" : 0.0
    },
    "orientation" : 2
  }, {
    "shape" : "3aac7631-f651-4647-b6c3-fc8990e46b92",
    "color" : "#008EC2",
    "position" : {
      "x" : -2.618034,
      "y" : 0.0,
      "z" : 4.236068
    },
    "orientation" : 1
  }, {
    "shape" : "6ef7f372-85fe-4823-8fb0-2cb88019cc01",
    "color" : "#008EC2",
    "position" : {
      "x" : 4.236068,
      "y" : 2.618034,
      "z" : 8.472136
    },
    "orientation" : 16
  }, {
    "shape" : "3aac7631-f651-4647-b6c3-fc8990e46b92",
    "color" : "#008EC2",
    "position" : {
      "x" : 8.472136,
      "y" : -4.236068,
      "z" : -2.618034
    },
    "orientation" : 1
  }, {
    "shape" : "3aac7631-f651-4647-b6c3-fc8990e46b92",
    "color" : "#008EC2",
    "position" : {
      "x" : 4.236068,
      "y" : -2.618034,
      "z" : 0.0
    },
    "orientation" : 2
  }, {
    "shape" : "3aac7631-f651-4647-b6c3-fc8990e46b92",
    "color" : "#008EC2",
    "position" : {
      "x" : 0.0,
      "y" : -4.236068,
      "z" : -2.618034
    },
    "orientation" : 0
  }, {
    "shape" : "5c7a81c6-bdbe-4285-8c7f-8b71db9a8b71",
    "color" : "#00993F",
    "position" : {
      "x" : 8.472136,
      "y" : 4.236068,
      "z" : 2.618034
    },
    "orientation" : 48
  }, {
    "shape" : "4fb05593-5a76-450b-aa66-c47bab2e492c",
    "color" : "#F2F2F2",
    "position" : {
      "x" : 8.472136,
      "y" : -4.236068,
      "z" : -2.618034
    }
  }, {
    "shape" : "3aac7631-f651-4647-b6c3-fc8990e46b92",
    "color" : "#008EC2",
    "position" : {
      "x" : -4.236068,
      "y" : -2.618034,
      "z" : 0.0
    },
    "orientation" : 2
  }, {
    "shape" : "3aac7631-f651-4647-b6c3-fc8990e46b92",
    "color" : "#008EC2",
    "position" : {
      "x" : 4.236068,
      "y" : 2.618034,
      "z" : 0.0
    },
    "orientation" : 2
  }, {
    "shape" : "5c7a81c6-bdbe-4285-8c7f-8b71db9a8b71",
    "color" : "#00993F",
    "position" : {
      "x" : -2.618034,
      "y" : 8.472136,
      "z" : 4.236068
    },
    "orientation" : 33
  }, {
    "shape" : "3aac7631-f651-4647-b6c3-fc8990e46b92",
    "color" : "#008EC2",
    "position" : {
      "x" : 2.618034,
      "y" : 8.472136,
      "z" : 4.236068
    },
    "orientation" : 47
  }, {
    "shape" : "6ef7f372-85fe-4823-8fb0-2cb88019cc01",
    "color" : "#008EC2",
    "position" : {
      "x" : -4.236068,
      "y" : -2.618034,
      "z" : 8.472136
    },
    "orientation" : 1
  }, {
    "shape" : "3aac7631-f651-4647-b6c3-fc8990e46b92",
    "color" : "#008EC2",
    "position" : {
      "x" : -8.472136,
      "y" : 4.236068,
      "z" : -2.618034
    },
    "orientation" : 0
  }, {
    "shape" : "4fb05593-5a76-450b-aa66-c47bab2e492c",
    "color" : "#F2F2F2",
    "position" : {
      "x" : -2.618034,
      "y" : -8.472136,
      "z" : -4.236068
    }
  }, {
    "shape" : "4fb05593-5a76-450b-aa66-c47bab2e492c",
    "color" : "#F2F2F2",
    "position" : {
      "x" : 2.618034,
      "y" : 8.472136,
      "z" : 4.236068
    }
  }, {
    "shape" : "5c7a81c6-bdbe-4285-8c7f-8b71db9a8b71",
    "color" : "#00993F",
    "position" : {
      "x" : -2.618034,
      "y" : -8.472136,
      "z" : -4.236068
    },
    "orientation" : 48
  }, {
    "shape" : "4fb05593-5a76-450b-aa66-c47bab2e492c",
    "color" : "#F2F2F2",
    "position" : {
      "x" : -4.236068,
      "y" : -2.618034,
      "z" : -8.472136
    }
  }, {
    "shape" : "4fb05593-5a76-450b-aa66-c47bab2e492c",
    "color" : "#F2F2F2",
    "position" : {
      "x" : 4.236068,
      "y" : 2.618034,
      "z" : 0.0
    }
  }, {
    "shape" : "4fb05593-5a76-450b-aa66-c47bab2e492c",
    "color" : "#F2F2F2",
    "position" : {
      "x" : 0.0,
      "y" : 4.236068,
      "z" : -2.618034
    }
  }, {
    "shape" : "3aac7631-f651-4647-b6c3-fc8990e46b92",
    "color" : "#008EC2",
    "position" : {
      "x" : -8.472136,
      "y" : 4.236068,
      "z" : -2.618034
    },
    "orientation" : 16
  }, {
    "shape" : "3aac7631-f651-4647-b6c3-fc8990e46b92",
    "color" : "#008EC2",
    "position" : {
      "x" : -2.618034,
      "y" : 8.472136,
      "z" : -4.236068
    },
    "orientation" : 16
  }, {
    "shape" : "3aac7631-f651-4647-b6c3-fc8990e46b92",
    "color" : "#008EC2",
    "position" : {
      "x" : 0.0,
      "y" : -4.236068,
      "z" : 2.618034
    },
    "orientation" : 0
  }, {
    "shape" : "3aac7631-f651-4647-b6c3-fc8990e46b92",
    "color" : "#008EC2",
    "position" : {
      "x" : 2.618034,
      "y" : 0.0,
      "z" : -4.236068
    },
    "orientation" : 16
  }, {
    "shape" : "5c7a81c6-bdbe-4285-8c7f-8b71db9a8b71",
    "color" : "#00993F",
    "position" : {
      "x" : -2.618034,
      "y" : -8.472136,
      "z" : 4.236068
    },
    "orientation" : 54
  }, {
    "shape" : "6ef7f372-85fe-4823-8fb0-2cb88019cc01",
    "color" : "#008EC2",
    "position" : {
      "x" : 8.472136,
      "y" : -4.236068,
      "z" : -2.618034
    },
    "orientation" : 2
  }, {
    "shape" : "5c7a81c6-bdbe-4285-8c7f-8b71db9a8b71",
    "color" : "#00993F",
    "position" : {
      "x" : 4.236068,
      "y" : -2.618034,
      "z" : -8.472136
    },
    "orientation" : 5
  }, {
    "shape" : "5c7a81c6-bdbe-4285-8c7f-8b71db9a8b71",
    "color" : "#00993F",
    "position" : {
      "x" : 8.472136,
      "y" : 4.236068,
      "z" : -2.618034
    },
    "orientation" : 50
  }, {
    "shape" : "3aac7631-f651-4647-b6c3-fc8990e46b92",
    "color" : "#008EC2",
    "position" : {
      "x" : 4.236068,
      "y" : 2.618034,
      "z" : -8.472136
    },
    "orientation" : 2
  }, {
    "shape" : "4fb05593-5a76-450b-aa66-c47bab2e492c",
    "color" : "#F2F2F2",
    "position" : {
      "x" : -2.618034,
      "y" : 8.472136,
      "z" : -4.236068
    }
  }, {
    "shape" : "6ef7f372-85fe-4823-8fb0-2cb88019cc01",
    "color" : "#008EC2",
    "position" : {
      "x" : -2.618034,
      "y" : -8.472136,
      "z" : 4.236068
    },
    "orientation" : 0
  }, {
    "shape" : "4fb05593-5a76-450b-aa66-c47bab2e492c",
    "color" : "#F2F2F2",
    "position" : {
      "x" : 2.618034,
      "y" : 0.0,
      "z" : 4.236068
    }
  }, {
    "shape" : "6ef7f372-85fe-4823-8fb0-2cb88019cc01",
    "color" : "#008EC2",
    "position" : {
      "x" : 4.236068,
      "y" : -2.618034,
      "z" : -8.472136
    },
    "orientation" : 1
  }, {
    "shape" : "4fb05593-5a76-450b-aa66-c47bab2e492c",
    "color" : "#F2F2F2",
    "position" : {
      "x" : -8.472136,
      "y" : -4.236068,
      "z" : -2.618034
    }
  }, {
    "shape" : "3aac7631-f651-4647-b6c3-fc8990e46b92",
    "color" : "#008EC2",
    "position" : {
      "x" : 4.236068,
      "y" : 2.618034,
      "z" : 8.472136
    },
    "orientation" : 45
  }, {
    "shape" : "5c7a81c6-bdbe-4285-8c7f-8b71db9a8b71",
    "color" : "#00993F",
    "position" : {
      "x" : -4.236068,
      "y" : -2.618034,
      "z" : -8.472136
    },
    "orientation" : 34
  }, {
    "shape" : "3aac7631-f651-4647-b6c3-fc8990e46b92",
    "color" : "#008EC2",
    "position" : {
      "x" : -4.236068,
      "y" : 2.618034,
      "z" : -8.472136
    },
    "orientation" : 2
  }, {
    "shape" : "5c7a81c6-bdbe-4285-8c7f-8b71db9a8b71",
    "color" : "#00993F",
    "position" : {
      "x" : 2.618034,
      "y" : -8.472136,
      "z" : 4.236068
    },
    "orientation" : 3
  }, {
    "shape" : "3aac7631-f651-4647-b6c3-fc8990e46b92",
    "color" : "#008EC2",
    "position" : {
      "x" : -8.472136,
      "y" : 4.236068,
      "z" : 2.618034
    },
    "orientation" : 0
  }, {
    "shape" : "5c7a81c6-bdbe-4285-8c7f-8b71db9a8b71",
    "color" : "#00993F",
    "position" : {
      "x" : 8.472136,
      "y" : -4.236068,
      "z" : -2.618034
    },
    "orientation" : 33
  }, {
    "shape" : "4fb05593-5a76-450b-aa66-c47bab2e492c",
    "color" : "#F2F2F2",
    "position" : {
      "x" : -2.618034,
      "y" : 0.0,
      "z" : 4.236068
    }
  }, {
    "shape" : "6ef7f372-85fe-4823-8fb0-2cb88019cc01",
    "color" : "#008EC2",
    "position" : {
      "x" : 8.472136,
      "y" : 4.236068,
      "z" : 2.618034
    },
    "orientation" : 47
  }, {
    "shape" : "4fb05593-5a76-450b-aa66-c47bab2e492c",
    "color" : "#F2F2F2",
    "position" : {
      "x" : -4.236068,
      "y" : -2.618034,
      "z" : 8.472136
    }
  }, {
    "shape" : "4fb05593-5a76-450b-aa66-c47bab2e492c",
    "color" : "#F2F2F2",
    "position" : {
      "x" : -4.236068,
      "y" : 2.618034,
      "z" : 0.0
    }
  }, {
    "shape" : "4fb05593-5a76-450b-aa66-c47bab2e492c",
    "color" : "#F2F2F2",
    "position" : {
      "x" : 2.618034,
      "y" : -8.472136,
      "z" : -4.236068
    }
  }, {
    "shape" : "4fb05593-5a76-450b-aa66-c47bab2e492c",
    "color" : "#F2F2F2",
    "position" : {
      "x" : 0.0,
      "y" : -4.236068,
      "z" : -2.618034
    }
  }, {
    "shape" : "4fb05593-5a76-450b-aa66-c47bab2e492c",
    "color" : "#F2F2F2",
    "position" : {
      "x" : -4.236068,
      "y" : 2.618034,
      "z" : 8.472136
    }
  }, {
    "shape" : "5c7a81c6-bdbe-4285-8c7f-8b71db9a8b71",
    "color" : "#00993F",
    "position" : {
      "x" : 2.618034,
      "y" : 8.472136,
      "z" : -4.236068
    },
    "orientation" : 18
  }, {
    "shape" : "3aac7631-f651-4647-b6c3-fc8990e46b92",
    "color" : "#008EC2",
    "position" : {
      "x" : -2.618034,
      "y" : 0.0,
      "z" : -4.236068
    },
    "orientation" : 16
  }, {
    "shape" : "3aac7631-f651-4647-b6c3-fc8990e46b92",
    "color" : "#008EC2",
    "position" : {
      "x" : -2.618034,
      "y" : -8.472136,
      "z" : 4.236068
    },
    "orientation" : 47
  }, {
    "shape" : "6ef7f372-85fe-4823-8fb0-2cb88019cc01",
    "color" : "#008EC2",
    "position" : {
      "x" : -8.472136,
      "y" : -4.236068,
      "z" : 2.618034
    },
    "orientation" : 47
  }, {
    "shape" : "3aac7631-f651-4647-b6c3-fc8990e46b92",
    "color" : "#008EC2",
    "position" : {
      "x" : 2.618034,
      "y" : -8.472136,
      "z" : 4.236068
    },
    "orientation" : 1
  }, {
    "shape" : "3aac7631-f651-4647-b6c3-fc8990e46b92",
    "color" : "#008EC2",
    "position" : {
      "x" : -2.618034,
      "y" : -8.472136,
      "z" : 4.236068
    },
    "orientation" : 1
  }, {
    "shape" : "3aac7631-f651-4647-b6c3-fc8990e46b92",
    "color" : "#008EC2",
    "position" : {
      "x" : -4.236068,
      "y" : 2.618034,
      "z" : -8.472136
    },
    "orientation" : 0
  }, {
    "shape" : "4fb05593-5a76-450b-aa66-c47bab2e492c",
    "color" : "#F2F2F2",
    "position" : {
      "x" : 4.236068,
      "y" : -2.618034,
      "z" : -8.472136
    }
  }, {
    "shape" : "6ef7f372-85fe-4823-8fb0-2cb88019cc01",
    "color" : "#008EC2",
    "position" : {
      "x" : -2.618034,
      "y" : 8.472136,
      "z" : -4.236068
    },
    "orientation" : 0
  }, {
    "shape" : "5c7a81c6-bdbe-4285-8c7f-8b71db9a8b71",
    "color" : "#00993F",
    "position" : {
      "x" : 2.618034,
      "y" : 8.472136,
      "z" : 4.236068
    },
    "orientation" : 34
  }, {
    "shape" : "5c7a81c6-bdbe-4285-8c7f-8b71db9a8b71",
    "color" : "#00993F",
    "position" : {
      "x" : -2.618034,
      "y" : -8.472136,
      "z" : 4.236068
    },
    "orientation" : 4
  }, {
    "shape" : "4fb05593-5a76-450b-aa66-c47bab2e492c",
    "color" : "#F2F2F2",
    "position" : {
      "x" : -2.618034,
      "y" : 8.472136,
      "z" : 4.236068
    }
  }, {
    "shape" : "4fb05593-5a76-450b-aa66-c47bab2e492c",
    "color" : "#F2F2F2",
    "position" : {
      "x" : 4.236068,
      "y" : 2.618034,
      "z" : -8.472136
    }
  }, {
    "shape" : "3aac7631-f651-4647-b6c3-fc8990e46b92",
    "color" : "#008EC2",
    "position" : {
      "x" : 8.472136,
      "y" : 4.236068,
      "z" : 2.618034
    },
    "orientation" : 16
  }, {
    "shape" : "6ef7f372-85fe-4823-8fb0-2cb88019cc01",
    "color" : "#008EC2",
    "position" : {
      "x" : -8.472136,
      "y" : 4.236068,
      "z" : -2.618034
    },
    "orientation" : 2
  }, {
    "shape" : "4fb05593-5a76-450b-aa66-c47bab2e492c",
    "color" : "#F2F2F2",
    "position" : {
      "x" : -4.236068,
      "y" : 2.618034,
      "z" : -8.472136
    }
  }, {
    "shape" : "4fb05593-5a76-450b-aa66-c47bab2e492c",
    "color" : "#F2F2F2",
    "position" : {
      "x" : 2.618034,
      "y" : 0.0,
      "z" : -4.236068
    }
  }, {
    "shape" : "3aac7631-f651-4647-b6c3-fc8990e46b92",
    "color" : "#008EC2",
    "position" : {
      "x" : 2.618034,
      "y" : -8.472136,
      "z" : -4.236068
    },
    "orientation" : 2
  }, {
    "shape" : "6ef7f372-85fe-4823-8fb0-2cb88019cc01",
    "color" : "#008EC2",
    "position" : {
      "x" : 2.618034,
      "y" : 8.472136,
      "z" : 4.236068
    },
    "orientation" : 45
  }, {
    "shape" : "4fb05593-5a76-450b-aa66-c47bab2e492c",
    "color" : "#F2F2F2",
    "position" : {
      "x" : 8.472136,
      "y" : 4.236068,
      "z" : 2.618034
    }
  }, {
    "shape" : "5c7a81c6-bdbe-4285-8c7f-8b71db9a8b71",
    "color" : "#00993F",
    "position" : {
      "x" : -4.236068,
      "y" : 2.618034,
      "z" : 8.472136
    },
    "orientation" : 56
  }, {
    "shape" : "3aac7631-f651-4647-b6c3-fc8990e46b92",
    "color" : "#008EC2",
    "position" : {
      "x" : -8.472136,
      "y" : -4.236068,
      "z" : 2.618034
    },
    "orientation" : 1
  }, {
    "shape" : "4fb05593-5a76-450b-aa66-c47bab2e492c",
    "color" : "#F2F2F2",
    "position" : {
      "x" : 4.236068,
      "y" : -2.618034,
      "z" : 0.0
    }
  }, {
    "shape" : "3aac7631-f651-4647-b6c3-fc8990e46b92",
    "color" : "#008EC2",
    "position" : {
      "x" : 2.618034,
      "y" : 0.0,
      "z" : 4.236068
    },
    "orientation" : 1
  }, {
    "shape" : "5c7a81c6-bdbe-4285-8c7f-8b71db9a8b71",
    "color" : "#00993F",
    "position" : {
      "x" : 4.236068,
      "y" : 2.618034,
      "z" : 8.472136
    },
    "orientation" : 20
  }, {
    "shape" : "4fb05593-5a76-450b-aa66-c47bab2e492c",
    "color" : "#F2F2F2",
    "position" : {
      "x" : -8.472136,
      "y" : -4.236068,
      "z" : 2.618034
    }
  }, {
    "shape" : "5c7a81c6-bdbe-4285-8c7f-8b71db9a8b71",
    "color" : "#00993F",
    "position" : {
      "x" : -8.472136,
      "y" : 4.236068,
      "z" : -2.618034
    },
    "orientation" : 3
  }, {
    "shape" : "3aac7631-f651-4647-b6c3-fc8990e46b92",
    "color" : "#008EC2",
    "position" : {
      "x" : 4.236068,
      "y" : -2.618034,
      "z" : -8.472136
    },
    "orientation" : 2
  }, {
    "shape" : "4fb05593-5a76-450b-aa66-c47bab2e492c",
    "color" : "#F2F2F2",
    "position" : {
      "x" : -2.618034,
      "y" : 0.0,
      "z" : -4.236068
    }
  }, {
