{
  "polygons" : "true",
  "field" : "golden",
  "symmetry" : "icosahedral",
  "orientations" : [ [ 1.0, 0.0, 0.0, 0.0, 0.0, 1.0, 0.0, 0.0, 0.0, 0.0, 1.0, 0.0, 0.0, 0.0, 0.0, 1.0 ], [ 0.0, 0.0, 1.0, 0.0, 1.0, 0.0, 0.0, 0.0, 0.0, 1.0, 0.0, 0.0, 0.0, 0.0, 0.0, 1.0 ], [ 0.0, 1.0, 0.0, 0.0, 0.0, 0.0, 1.0, 0.0, 1.0, 0.0, 0.0, 0.0, 0.0, 0.0, 0.0, 1.0 ], [ 0.809017, 0.309017, 0.5, 0.0, 0.309017, 0.5, -0.809017, 0.0, -0.5, 0.809017, 0.309017, 0.0, 0.0, 0.0, 0.0, 1.0 ], [ -0.5, 0.809017, 0.309017, 0.0, 0.809017, 0.309017, 0.5, 0.0, 0.309017, 0.5, -0.809017, 0.0, 0.0, 0.0, 0.0, 1.0 ], [ 0.309017, 0.5, -0.809017, 0.0, -0.5, 0.809017, 0.309017, 0.0, 0.809017, 0.309017, 0.5, 0.0, 0.0, 0.0, 0.0, 1.0 ], [ 0.5, 0.809017, 0.309017, 0.0, 0.809017, -0.309017, -0.5, 0.0, -0.309017, 0.5, -0.809017, 0.0, 0.0, 0.0, 0.0, 1.0 ], [ -0.309017, 0.5, -0.809017, 0.0, 0.5, 0.809017, 0.309017, 0.0, 0.809017, -0.309017, -0.5, 0.0, 0.0, 0.0, 0.0, 1.0 ], [ 0.809017, -0.309017, -0.5, 0.0, -0.309017, 0.5, -0.809017, 0.0, 0.5, 0.809017, 0.309017, 0.0, 0.0, 0.0, 0.0, 1.0 ], [ 0.5, 0.809017, -0.309017, 0.0, 0.809017, -0.309017, 0.5, 0.0, 0.309017, -0.5, -0.809017, 0.0, 0.0, 0.0, 0.0, 1.0 ], [ 0.309017, -0.5, -0.809017, 0.0, 0.5, 0.809017, -0.309017, 0.0, 0.809017, -0.309017, 0.5, 0.0, 0.0, 0.0, 0.0, 1.0 ], [ 0.809017, -0.309017, 0.5, 0.0, 0.309017, -0.5, -0.809017, 0.0, 0.5, 0.809017, -0.309017, 0.0, 0.0, 0.0, 0.0, 1.0 ], [ 0.809017, 0.309017, -0.5, 0.0, 0.309017, 0.5, 0.809017, 0.0, 0.5, -0.809017, 0.309017, 0.0, 0.0, 0.0, 0.0, 1.0 ], [ 0.5, -0.809017, 0.309017, 0.0, 0.809017, 0.309017, -0.5, 0.0, 0.309017, 0.5, 0.809017, 0.0, 0.0, 0.0, 0.0, 1.0 ], [ 0.309017, 0.5, 0.809017, 0.0, 0.5, -0.809017, 0.309017, 0.0, 0.809017, 0.309017, -0.5, 0.0, 0.0, 0.0, 0.0, 1.0 ], [ 1.0, 0.0, 0.0, 0.0, 0.0, -1.0, 0.0, 0.0, 0.0, 0.0, -1.0, 0.0, 0.0, 0.0, 0.0, 1.0 ], [ 0.0, 0.0, 1.0, 0.0, -1.0, 0.0, 0.0, 0.0, 0.0, -1.0, 0.0, 0.0, 0.0, 0.0, 0.0, 1.0 ], [ 0.0, 1.0, 0.0, 0.0, 0.0, 0.0, -1.0, 0.0, -1.0, 0.0, 0.0, 0.0, 0.0, 0.0, 0.0, 1.0 ], [ 0.809017, 0.309017, 0.5, 0.0, -0.309017, -0.5, 0.809017, 0.0, 0.5, -0.809017, -0.309017, 0.0, 0.0, 0.0, 0.0, 1.0 ], [ -0.5, 0.809017, 0.309017, 0.0, -0.809017, -0.309017, -0.5, 0.0, -0.309017, -0.5, 0.809017, 0.0, 0.0, 0.0, 0.0, 1.0 ], [ 0.309017, 0.5, -0.809017, 0.0, 0.5, -0.809017, -0.309017, 0.0, -0.809017, -0.309017, -0.5, 0.0, 0.0, 0.0, 0.0, 1.0 ], [ 0.5, 0.809017, 0.309017, 0.0, -0.809017, 0.309017, 0.5, 0.0, 0.309017, -0.5, 0.809017, 0.0, 0.0, 0.0, 0.0, 1.0 ], [ -0.309017, 0.5, -0.809017, 0.0, -0.5, -0.809017, -0.309017, 0.0, -0.809017, 0.309017, 0.5, 0.0, 0.0, 0.0, 0.0, 1.0 ], [ 0.809017, -0.309017, -0.5, 0.0, 0.309017, -0.5, 0.809017, 0.0, -0.5, -0.809017, -0.309017, 0.0, 0.0, 0.0, 0.0, 1.0 ], [ 0.5, 0.809017, -0.309017, 0.0, -0.809017, 0.309017, -0.5, 0.0, -0.309017, 0.5, 0.809017, 0.0, 0.0, 0.0, 0.0, 1.0 ], [ 0.309017, -0.5, -0.809017, 0.0, -0.5, -0.809017, 0.309017, 0.0, -0.809017, 0.309017, -0.5, 0.0, 0.0, 0.0, 0.0, 1.0 ], [ 0.809017, -0.309017, 0.5, 0.0, -0.309017, 0.5, 0.809017, 0.0, -0.5, -0.809017, 0.309017, 0.0, 0.0, 0.0, 0.0, 1.0 ], [ 0.809017, 0.309017, -0.5, 0.0, -0.309017, -0.5, -0.809017, 0.0, -0.5, 0.809017, -0.309017, 0.0, 0.0, 0.0, 0.0, 1.0 ], [ 0.5, -0.809017, 0.309017, 0.0, -0.809017, -0.309017, 0.5, 0.0, -0.309017, -0.5, -0.809017, 0.0, 0.0, 0.0, 0.0, 1.0 ], [ 0.309017, 0.5, 0.809017, 0.0, -0.5, 0.809017, -0.309017, 0.0, -0.809017, -0.309017, 0.5, 0.0, 0.0, 0.0, 0.0, 1.0 ], [ -1.0, 0.0, 0.0, 0.0, 0.0, -1.0, 0.0, 0.0, 0.0, 0.0, 1.0, 0.0, 0.0, 0.0, 0.0, 1.0 ], [ 0.0, 0.0, -1.0, 0.0, -1.0, 0.0, 0.0, 0.0, 0.0, 1.0, 0.0, 0.0, 0.0, 0.0, 0.0, 1.0 ], [ 0.0, -1.0, 0.0, 0.0, 0.0, 0.0, -1.0, 0.0, 1.0, 0.0, 0.0, 0.0, 0.0, 0.0, 0.0, 1.0 ], [ -0.809017, -0.309017, -0.5, 0.0, -0.309017, -0.5, 0.809017, 0.0, -0.5, 0.809017, 0.309017, 0.0, 0.0, 0.0, 0.0, 1.0 ], [ 0.5, -0.809017, -0.309017, 0.0, -0.809017, -0.309017, -0.5, 0.0, 0.309017, 0.5, -0.809017, 0.0, 0.0, 0.0, 0.0, 1.0 ], [ -0.309017, -0.5, 0.809017, 0.0, 0.5, -0.809017, -0.309017, 0.0, 0.809017, 0.309017, 0.5, 0.0, 0.0, 0.0, 0.0, 1.0 ], [ -0.5, -0.809017, -0.309017, 0.0, -0.809017, 0.309017, 0.5, 0.0, -0.309017, 0.5, -0.809017, 0.0, 0.0, 0.0, 0.0, 1.0 ], [ 0.309017, -0.5, 0.809017, 0.0, -0.5, -0.809017, -0.309017, 0.0, 0.809017, -0.309017, -0.5, 0.0, 0.0, 0.0, 0.0, 1.0 ], [ -0.809017, 0.309017, 0.5, 0.0, 0.309017, -0.5, 0.809017, 0.0, 0.5, 0.809017, 0.309017, 0.0, 0.0, 0.0, 0.0, 1.0 ], [ -0.5, -0.809017, 0.309017, 0.0, -0.809017, 0.309017, -0.5, 0.0, 0.309017, -0.5, -0.809017, 0.0, 0.0, 0.0, 0.0, 1.0 ], [ -0.309017, 0.5, 0.809017, 0.0, -0.5, -0.809017, 0.309017, 0.0, 0.809017, -0.309017, 0.5, 0.0, 0.0, 0.0, 0.0, 1.0 ], [ -0.809017, 0.309017, -0.5, 0.0, -0.309017, 0.5, 0.809017, 0.0, 0.5, 0.809017, -0.309017, 0.0, 0.0, 0.0, 0.0, 1.0 ], [ -0.809017, -0.309017, 0.5, 0.0, -0.309017, -0.5, -0.809017, 0.0, 0.5, -0.809017, 0.309017, 0.0, 0.0, 0.0, 0.0, 1.0 ], [ -0.5, 0.809017, -0.309017, 0.0, -0.809017, -0.309017, 0.5, 0.0, 0.309017, 0.5, 0.809017, 0.0, 0.0, 0.0, 0.0, 1.0 ], [ -0.309017, -0.5, -0.809017, 0.0, -0.5, 0.809017, -0.309017, 0.0, 0.809017, 0.309017, -0.5, 0.0, 0.0, 0.0, 0.0, 1.0 ], [ -1.0, 0.0, 0.0, 0.0, 0.0, 1.0, 0.0, 0.0, 0.0, 0.0, -1.0, 0.0, 0.0, 0.0, 0.0, 1.0 ], [ 0.0, 0.0, -1.0, 0.0, 1.0, 0.0, 0.0, 0.0, 0.0, -1.0, 0.0, 0.0, 0.0, 0.0, 0.0, 1.0 ], [ 0.0, -1.0, 0.0, 0.0, 0.0, 0.0, 1.0, 0.0, -1.0, 0.0, 0.0, 0.0, 0.0, 0.0, 0.0, 1.0 ], [ -0.809017, -0.309017, -0.5, 0.0, 0.309017, 0.5, -0.809017, 0.0, 0.5, -0.809017, -0.309017, 0.0, 0.0, 0.0, 0.0, 1.0 ], [ 0.5, -0.809017, -0.309017, 0.0, 0.809017, 0.309017, 0.5, 0.0, -0.309017, -0.5, 0.809017, 0.0, 0.0, 0.0, 0.0, 1.0 ], [ -0.309017, -0.5, 0.809017, 0.0, -0.5, 0.809017, 0.309017, 0.0, -0.809017, -0.309017, -0.5, 0.0, 0.0, 0.0, 0.0, 1.0 ], [ -0.5, -0.809017, -0.309017, 0.0, 0.809017, -0.309017, -0.5, 0.0, 0.309017, -0.5, 0.809017, 0.0, 0.0, 0.0, 0.0, 1.0 ], [ 0.309017, -0.5, 0.809017, 0.0, 0.5, 0.809017, 0.309017, 0.0, -0.809017, 0.309017, 0.5, 0.0, 0.0, 0.0, 0.0, 1.0 ], [ -0.809017, 0.309017, 0.5, 0.0, -0.309017, 0.5, -0.809017, 0.0, -0.5, -0.809017, -0.309017, 0.0, 0.0, 0.0, 0.0, 1.0 ], [ -0.5, -0.809017, 0.309017, 0.0, 0.809017, -0.309017, 0.5, 0.0, -0.309017, 0.5, 0.809017, 0.0, 0.0, 0.0, 0.0, 1.0 ], [ -0.309017, 0.5, 0.809017, 0.0, 0.5, 0.809017, -0.309017, 0.0, -0.809017, 0.309017, -0.5, 0.0, 0.0, 0.0, 0.0, 1.0 ], [ -0.809017, 0.309017, -0.5, 0.0, 0.309017, -0.5, -0.809017, 0.0, -0.5, -0.809017, 0.309017, 0.0, 0.0, 0.0, 0.0, 1.0 ], [ -0.809017, -0.309017, 0.5, 0.0, 0.309017, 0.5, 0.809017, 0.0, -0.5, 0.809017, -0.309017, 0.0, 0.0, 0.0, 0.0, 1.0 ], [ -0.5, 0.809017, -0.309017, 0.0, 0.809017, 0.309017, -0.5, 0.0, -0.309017, -0.5, -0.809017, 0.0, 0.0, 0.0, 0.0, 1.0 ], [ -0.309017, -0.5, -0.809017, 0.0, 0.5, -0.809017, 0.309017, 0.0, -0.809017, -0.309017, 0.5, 0.0, 0.0, 0.0, 0.0, 1.0 ] ],
  "lights" : {
    "directionalLights" : [ {
      "direction" : [ 1.0, -1.0, -1.0 ],
      "color" : "#EBEBE4"
    }, {
      "direction" : [ -1.0, 0.0, 0.0 ],
      "color" : "#E4E4EB"
    }, {
      "direction" : [ 0.0, 0.0, -1.0 ],
      "color" : "#1E1E1E"
    } ],
    "backgroundColor" : "#AFC8DC",
    "ambientColor" : "#292929"
  },
  "camera" : {
    "width" : 130.36928,
    "position" : {
      "x" : -275.52512,
      "y" : -0.6925227,
      "z" : 89.53976
    },
    "perspective" : false,
    "nearClipDistance" : 0.72427356,
    "upDirectionRV" : {
      "x" : -0.3025384,
      "y" : -0.1974092,
      "z" : -0.93247217,
      "zero" : false
    },
    "fieldOfView" : 0.44262856,
    "viewDistance" : 289.70972,
    "lookAtPointRV" : {
      "x" : 0.0,
      "y" : 0.0,
      "z" : 0.0,
      "zero" : true
    },
    "lookDirectionRV" : {
      "x" : 0.9510386,
      "y" : 0.0023904021,
      "z" : -0.30906716,
      "zero" : false
    },
    "lookDirection" : {
      "x" : 0.9510386,
      "y" : 0.0023904021,
      "z" : -0.30906716
    },
    "upDirection" : {
      "x" : -0.3025384,
      "y" : -0.1974092,
      "z" : -0.93247217
    },
    "lookAtPoint" : {
      "x" : 0.0,
      "y" : 0.0,
      "z" : 0.0
    },
    "farClipDistance" : 579.41815,
    "stereo" : false
  },
  "embedding" : [ 1.0, 0.0, 0.0, 0.0, 0.0, 1.0, 0.0, 0.0, 0.0, 0.0, 1.0, 0.0, 0.0, 0.0, 0.0, 1.0 ],
  "shapes" : [ {
    "id" : "df77626a-df6b-4859-856a-14442ba4a554",
    "vertices" : [ {
      "x" : 0.0,
      "y" : 0.0,
      "z" : 0.0
    }, {
      "x" : -2.618034,
      "y" : 4.236068,
      "z" : 6.854102
    }, {
      "x" : 5.4068885,
      "y" : 4.959675,
      "z" : 4.236068
    } ],
    "faces" : [ {
      "vertices" : [ 0, 1, 2 ]
    }, {
      "vertices" : [ 0, 2, 1 ]
    } ]
  }, {
    "id" : "14694925-ab64-464e-ad0a-877aa4930c39",
    "orbit" : "blue",
    "orbitC" : "[[0,0,1],[0,0,1]]",
    "length" : "[1,0,1]",
    "name" : "b1",
    "vertices" : [ {
      "x" : 7.472136,
      "y" : 0.309017,
      "z" : 0.19098301
    }, {
      "x" : 7.472136,
      "y" : 0.309017,
      "z" : -0.19098301
    }, {
      "x" : 1.0,
      "y" : 0.309017,
      "z" : -0.19098301
    }, {
      "x" : 1.0,
      "y" : 0.309017,
      "z" : 0.19098301
    }, {
      "x" : 7.472136,
      "y" : -0.309017,
      "z" : 0.19098301
    }, {
      "x" : 1.0,
      "y" : -0.309017,
      "z" : 0.19098301
    }, {
      "x" : 1.0,
      "y" : -0.309017,
      "z" : -0.19098301
    }, {
      "x" : 7.472136,
      "y" : -0.309017,
      "z" : -0.19098301
    }, {
      "x" : 8.472136,
      "y" : 0.0,
      "z" : 0.0
    } ],
    "faces" : [ {
      "vertices" : [ 1, 7, 6, 2 ]
    }, {
      "vertices" : [ 0, 1, 2, 3 ]
    }, {
      "vertices" : [ 4, 5, 6, 7 ]
    }, {
      "vertices" : [ 0, 3, 5, 4 ]
    } ]
  }, {
    "id" : "e14dd884-863b-487b-84df-0b15b643267d",
    "vertices" : [ {
      "x" : 0.0,
      "y" : 0.0,
      "z" : 0.0
    }, {
      "x" : 2.618034,
      "y" : -4.236068,
      "z" : -6.854102
    }, {
      "x" : -5.4068885,
      "y" : -4.959675,
      "z" : -4.236068
    } ],
    "faces" : [ {
      "vertices" : [ 0, 1, 2 ]
    }, {
      "vertices" : [ 0, 2, 1 ]
    } ]
  }, {
    "id" : "7fe4f3da-3f6a-4b6d-b89a-5295be7f276c",
    "orbit" : "0",
    "orbitC" : "[[-8,5,1],[-11,7,1]]",
    "length" : "[1,0,1]",
    "name" : "short",
    "vertices" : [ {
      "x" : -4.033109,
      "y" : 5.0443144,
      "z" : 4.365937
    }, {
      "x" : -3.6331093,
      "y" : 5.1443143,
      "z" : 4.465937
    }, {
      "x" : -0.20295861,
      "y" : 0.36257407,
      "z" : 0.5937375
    }, {
      "x" : -0.6029586,
      "y" : 0.26257408,
      "z" : 0.49373746
    }, {
      "x" : -3.7664428,
      "y" : 4.910981,
      "z" : 4.7659373
    }, {
      "x" : -4.166443,
      "y" : 4.810981,
      "z" : 4.6659374
    }, {
      "x" : -0.46962526,
      "y" : 0.49590743,
      "z" : 0.19373746
    }, {
      "x" : -0.06962527,
      "y" : 0.5959074,
      "z" : 0.29373747
    } ],
    "faces" : [ {
      "vertices" : [ 2, 3, 6, 7 ]
    }, {
      "vertices" : [ 0, 5, 4, 1 ]
    }, {
      "vertices" : [ 2, 4, 5, 3 ]
    }, {
      "vertices" : [ 0, 6, 3, 5 ]
    }, {
      "vertices" : [ 0, 1, 7, 6 ]
    }, {
      "vertices" : [ 1, 4, 2, 7 ]
    } ]
  }, {
    "id" : "d578bf67-e5f7-4747-95b5-d49d1e71b076",
    "vertices" : [ {
      "x" : 0.0,
      "y" : 0.0,
      "z" : 0.0
    }, {
      "x" : 0.0,
      "y" : -8.472136,
      "z" : 0.0
    }, {
      "x" : -2.618034,
      "y" : -4.236068,
      "z" : -6.854102
    } ],
    "faces" : [ {
      "vertices" : [ 0, 1, 2 ]
    }, {
      "vertices" : [ 0, 2, 1 ]
    } ]
  }, {
    "id" : "dbb886ca-9372-4e60-a61c-b62e15be268b",
    "name" : "ball",
    "vertices" : [ {
      "x" : 0.309017,
      "y" : -0.809017,
      "z" : 0.618034
    }, {
      "x" : 0.809017,
      "y" : -0.618034,
      "z" : 0.309017
    }, {
      "x" : 0.618034,
      "y" : -0.309017,
      "z" : 0.809017
    }, {
      "x" : 1.0,
      "y" : 0.309017,
      "z" : 0.19098301
    }, {
      "x" : 0.809017,
      "y" : 0.618034,
      "z" : 0.309017
    }, {
      "x" : 0.618034,
      "y" : 0.309017,
      "z" : 0.809017
    }, {
      "x" : 0.809017,
      "y" : 0.0,
      "z" : 0.690983
    }, {
      "x" : 0.19098301,
      "y" : -1.0,
      "z" : 0.309017
    }, {
      "x" : -0.19098301,
      "y" : -1.0,
      "z" : 0.309017
    }, {
      "x" : -0.19098301,
      "y" : -1.0,
      "z" : -0.309017
    }, {
      "x" : 0.19098301,
      "y" : -1.0,
      "z" : -0.309017
    }, {
      "x" : 1.0,
      "y" : -0.309017,
      "z" : -0.19098301
    }, {
      "x" : 0.809017,
      "y" : -0.618034,
      "z" : -0.309017
    }, {
      "x" : 0.618034,
      "y" : -0.309017,
      "z" : -0.809017
    }, {
      "x" : 0.809017,
      "y" : 0.0,
      "z" : -0.690983
    }, {
      "x" : 0.0,
      "y" : 0.690983,
      "z" : -0.809017
    }, {
      "x" : 0.309017,
      "y" : 0.809017,
      "z" : -0.618034
    }, {
      "x" : 0.618034,
      "y" : 0.309017,
      "z" : -0.809017
    }, {
      "x" : 0.309017,
      "y" : 0.19098301,
      "z" : -1.0
    }, {
      "x" : 1.0,
      "y" : 0.309017,
      "z" : -0.19098301
    }, {
      "x" : -0.309017,
      "y" : -0.809017,
      "z" : 0.618034
    }, {
      "x" : 0.0,
      "y" : -0.690983,
      "z" : 0.809017
    }, {
      "x" : 0.809017,
      "y" : 0.618034,
      "z" : -0.309017
    }, {
      "x" : 0.690983,
      "y" : 0.809017,
      "z" : 0.0
    }, {
      "x" : -0.690983,
      "y" : 0.809017,
      "z" : 0.0
    }, {
      "x" : -0.809017,
      "y" : 0.618034,
      "z" : 0.309017
    }, {
      "x" : -0.309017,
      "y" : 0.809017,
      "z" : 0.618034
    }, {
      "x" : -0.19098301,
      "y" : 1.0,
      "z" : 0.309017
    }, {
      "x" : 0.309017,
      "y" : -0.19098301,
      "z" : -1.0
    }, {
      "x" : 0.19098301,
      "y" : 1.0,
      "z" : 0.309017
    }, {
      "x" : 0.309017,
      "y" : 0.809017,
      "z" : 0.618034
    }, {
      "x" : -0.809017,
      "y" : -0.618034,
      "z" : 0.309017
    }, {
      "x" : -0.690983,
      "y" : -0.809017,
      "z" : 0.0
    }, {
      "x" : 0.0,
      "y" : 0.690983,
      "z" : 0.809017
    }, {
      "x" : 0.309017,
      "y" : -0.809017,
      "z" : -0.618034
    }, {
      "x" : 0.0,
      "y" : -0.690983,
      "z" : -0.809017
    }, {
      "x" : -1.0,
      "y" : 0.309017,
      "z" : 0.19098301
    }, {
      "x" : -0.809017,
      "y" : 0.0,
      "z" : 0.690983
    }, {
      "x" : -0.618034,
      "y" : 0.309017,
      "z" : 0.809017
    }, {
      "x" : 1.0,
      "y" : -0.309017,
      "z" : 0.19098301
    }, {
      "x" : -0.309017,
      "y" : -0.809017,
      "z" : -0.618034
    }, {
      "x" : -1.0,
      "y" : 0.309017,
      "z" : -0.19098301
    }, {
      "x" : -1.0,
      "y" : -0.309017,
      "z" : -0.19098301
    }, {
      "x" : -1.0,
      "y" : -0.309017,
      "z" : 0.19098301
    }, {
      "x" : 0.19098301,
      "y" : 1.0,
      "z" : -0.309017
    }, {
      "x" : -0.809017,
      "y" : 0.618034,
      "z" : -0.309017
    }, {
      "x" : -0.19098301,
      "y" : 1.0,
      "z" : -0.309017
    }, {
      "x" : -0.309017,
      "y" : 0.809017,
      "z" : -0.618034
    }, {
      "x" : -0.618034,
      "y" : -0.309017,
      "z" : 0.809017
    }, {
      "x" : 0.309017,
      "y" : 0.19098301,
      "z" : 1.0
    }, {
      "x" : -0.309017,
      "y" : 0.19098301,
      "z" : -1.0
    }, {
      "x" : -0.309017,
      "y" : 0.19098301,
      "z" : 1.0
    }, {
      "x" : -0.309017,
      "y" : -0.19098301,
      "z" : 1.0
    }, {
      "x" : 0.309017,
      "y" : -0.19098301,
      "z" : 1.0
    }, {
      "x" : 0.690983,
      "y" : -0.809017,
      "z" : 0.0
    }, {
      "x" : -0.809017,
      "y" : 0.0,
      "z" : -0.690983
    }, {
      "x" : -0.618034,
      "y" : -0.309017,
      "z" : -0.809017
    }, {
      "x" : -0.309017,
      "y" : -0.19098301,
      "z" : -1.0
    }, {
      "x" : -0.618034,
      "y" : 0.309017,
      "z" : -0.809017
    }, {
      "x" : -0.809017,
      "y" : -0.618034,
      "z" : -0.309017
    } ],
    "faces" : [ {
      "vertices" : [ 9, 40, 35, 34, 10 ]
    }, {
      "vertices" : [ 0, 1, 2 ]
    }, {
      "vertices" : [ 33, 51, 49 ]
    }, {
      "vertices" : [ 25, 36, 37, 38 ]
    }, {
      "vertices" : [ 41, 55, 42 ]
    }, {
      "vertices" : [ 9, 32, 59, 40 ]
    }, {
      "vertices" : [ 20, 21, 52, 48 ]
    }, {
      "vertices" : [ 26, 33, 30, 29, 27 ]
    }, {
      "vertices" : [ 3, 4, 5, 6 ]
    }, {
      "vertices" : [ 27, 29, 44, 46 ]
    }, {
      "vertices" : [ 50, 57, 56, 55, 58 ]
    }, {
      "vertices" : [ 26, 38, 51, 33 ]
    }, {
      "vertices" : [ 45, 47, 58 ]
    }, {
      "vertices" : [ 18, 28, 57, 50 ]
    }, {
      "vertices" : [ 40, 59, 56 ]
    }, {
      "vertices" : [ 31, 48, 37, 43 ]
    }, {
      "vertices" : [ 7, 8, 9, 10 ]
    }, {
      "vertices" : [ 36, 41, 42, 43 ]
    }, {
      "vertices" : [ 24, 46, 47, 45 ]
    }, {
      "vertices" : [ 4, 30, 5 ]
    }, {
      "vertices" : [ 15, 47, 46, 44, 16 ]
    }, {
      "vertices" : [ 15, 50, 58, 47 ]
    }, {
      "vertices" : [ 24, 45, 41, 36, 25 ]
    }, {
      "vertices" : [ 11, 14, 19 ]
    }, {
      "vertices" : [ 3, 6, 39 ]
    }, {
      "vertices" : [ 1, 39, 6, 2 ]
    }, {
      "vertices" : [ 8, 32, 9 ]
    }, {
      "vertices" : [ 11, 12, 13, 14 ]
    }, {
      "vertices" : [ 16, 22, 17 ]
    }, {
      "vertices" : [ 0, 21, 20, 8, 7 ]
    }, {
      "vertices" : [ 12, 34, 13 ]
    }, {
      "vertices" : [ 35, 40, 56, 57 ]
    }, {
      "vertices" : [ 0, 7, 54, 1 ]
    }, {
      "vertices" : [ 15, 16, 17, 18 ]
    }, {
      "vertices" : [ 3, 19, 22, 23, 4 ]
    }, {
      "vertices" : [ 7, 10, 54 ]
    }, {
      "vertices" : [ 41, 45, 58, 55 ]
    }, {
      "vertices" : [ 3, 39, 11, 19 ]
    }, {
      "vertices" : [ 14, 17, 22, 19 ]
    }, {
      "vertices" : [ 0, 2, 53, 21 ]
    }, {
      "vertices" : [ 49, 51, 52, 53 ]
    }, {
      "vertices" : [ 31, 43, 42, 59, 32 ]
    }, {
      "vertices" : [ 15, 18, 50 ]
    }, {
      "vertices" : [ 42, 55, 56, 59 ]
    }, {
      "vertices" : [ 4, 23, 29, 30 ]
    }, {
      "vertices" : [ 25, 38, 26 ]
    }, {
      "vertices" : [ 13, 28, 18, 17, 14 ]
    }, {
      "vertices" : [ 8, 20, 31, 32 ]
    }, {
      "vertices" : [ 23, 44, 29 ]
    }, {
      "vertices" : [ 24, 27, 46 ]
    }, {
      "vertices" : [ 37, 48, 52, 51, 38 ]
    }, {
      "vertices" : [ 20, 48, 31 ]
    }, {
      "vertices" : [ 24, 25, 26, 27 ]
    }, {
      "vertices" : [ 16, 44, 23, 22 ]
    }, {
      "vertices" : [ 13, 34, 35, 28 ]
    }, {
      "vertices" : [ 10, 34, 12, 54 ]
    }, {
      "vertices" : [ 2, 6, 5, 49, 53 ]
    }, {
      "vertices" : [ 36, 43, 37 ]
    }, {
      "vertices" : [ 5, 30, 33, 49 ]
    }, {
      "vertices" : [ 1, 54, 12, 11, 39 ]
    }, {
      "vertices" : [ 28, 35, 57 ]
    }, {
      "vertices" : [ 21, 53, 52 ]
    } ]
  }, {
    "id" : "9ea8b450-a522-43f7-945e-17a4be124dfa",
    "vertices" : [ {
      "x" : 0.0,
      "y" : 0.0,
      "z" : 0.0
    }, {
      "x" : -5.4068885,
      "y" : -4.959675,
      "z" : -4.236068
    }, {
      "x" : -8.024922,
      "y" : -0.7236068,
      "z" : 2.618034
    } ],
    "faces" : [ {
      "vertices" : [ 0, 1, 2 ]
    }, {
      "vertices" : [ 0, 2, 1 ]
    } ]
  }, {
    "id" : "1a64aa09-736f-4bbf-9e63-e472ed87f70c",
    "vertices" : [ {
      "x" : 0.0,
      "y" : 0.0,
      "z" : 0.0
    }, {
      "x" : 5.4068885,
      "y" : 4.959675,
      "z" : 4.236068
    }, {
      "x" : 8.024922,
      "y" : 0.7236068,
      "z" : -2.618034
    } ],
    "faces" : [ {
      "vertices" : [ 0, 1, 2 ]
    }, {
      "vertices" : [ 0, 2, 1 ]
    } ]
  }, {
    "id" : "25a7a730-3c4c-4b32-9507-43d9d0d13f20",
    "vertices" : [ {
      "x" : 0.0,
      "y" : 0.0,
      "z" : 0.0
    }, {
      "x" : -8.024922,
      "y" : -0.7236068,
      "z" : 2.618034
    }, {
      "x" : -2.618034,
      "y" : 4.236068,
      "z" : 6.854102
    } ],
    "faces" : [ {
      "vertices" : [ 0, 1, 2 ]
    }, {
      "vertices" : [ 0, 2, 1 ]
    } ]
  }, {
    "id" : "bac02676-242c-4640-847b-2e4ec048337e",
    "vertices" : [ {
      "x" : 0.0,
      "y" : 0.0,
      "z" : 0.0
    }, {
      "x" : 0.0,
      "y" : 8.472136,
      "z" : 0.0
    }, {
      "x" : 2.618034,
      "y" : 4.236068,
      "z" : 6.854102
    } ],
    "faces" : [ {
      "vertices" : [ 0, 1, 2 ]
    }, {
      "vertices" : [ 0, 2, 1 ]
    } ]
  }, {
    "id" : "77631b76-3940-4736-a777-364689f2ce5e",
    "vertices" : [ {
      "x" : 0.0,
      "y" : 0.0,
      "z" : 0.0
    }, {
      "x" : -2.618034,
      "y" : -4.236068,
      "z" : -6.854102
    }, {
      "x" : -2.618034,
      "y" : 4.236068,
      "z" : -6.854102
    } ],
    "faces" : [ {
      "vertices" : [ 0, 1, 2 ]
    }, {
      "vertices" : [ 0, 2, 1 ]
    } ]
  }, {
    "id" : "261057aa-e67f-4e47-a731-33dff5470dfc",
    "vertices" : [ {
      "x" : 0.0,
      "y" : 0.0,
      "z" : 0.0
    }, {
      "x" : -2.618034,
      "y" : 4.236068,
      "z" : -6.854102
    }, {
      "x" : 0.0,
      "y" : 8.472136,
      "z" : 0.0
    } ],
    "faces" : [ {
      "vertices" : [ 0, 1, 2 ]
    }, {
      "vertices" : [ 0, 2, 1 ]
    } ]
  }, {
    "id" : "e79015f5-9d5a-4b25-a57a-6023e750e208",
    "vertices" : [ {
      "x" : 0.0,
      "y" : 0.0,
      "z" : 0.0
    }, {
      "x" : 2.618034,
      "y" : 4.236068,
      "z" : 6.854102
    }, {
      "x" : 2.618034,
      "y" : -4.236068,
      "z" : 6.854102
    } ],
    "faces" : [ {
      "vertices" : [ 0, 1, 2 ]
    }, {
      "vertices" : [ 0, 2, 1 ]
    } ]
  }, {
    "id" : "498a1976-4ce4-4cdd-93ce-c2aef23c08d0",
    "vertices" : [ {
      "x" : 0.0,
      "y" : 0.0,
      "z" : 0.0
    }, {
      "x" : 2.618034,
      "y" : -4.236068,
      "z" : 6.854102
    }, {
      "x" : 0.0,
      "y" : -8.472136,
      "z" : 0.0
    } ],
    "faces" : [ {
      "vertices" : [ 0, 1, 2 ]
    }, {
      "vertices" : [ 0, 2, 1 ]
    } ]
  }, {
    "id" : "1a504ffb-af39-493b-bbcd-b9b8d218f806",
    "vertices" : [ {
      "x" : 0.0,
      "y" : 0.0,
      "z" : 0.0
    }, {
      "x" : 8.024922,
      "y" : 0.7236068,
      "z" : -2.618034
    }, {
      "x" : 2.618034,
      "y" : -4.236068,
      "z" : -6.854102
    } ],
    "faces" : [ {
      "vertices" : [ 0, 1, 2 ]
    }, {
      "vertices" : [ 0, 2, 1 ]
    } ]
  } ],
  "instances" : [ {
    "shape" : "df77626a-df6b-4859-856a-14442ba4a554",
    "color" : "#FFFFFF",
    "position" : {
      "x" : 3.3944273,
      "y" : 28.778212,
      "z" : -14.0172205
    },
    "orientation" : 36
  }, {
    "shape" : "14694925-ab64-464e-ad0a-877aa4930c39",
    "color" : "#008EC2",
    "position" : {
      "x" : -4.630495,
      "y" : -26.778212,
      "z" : 30.961493
    },
    "orientation" : 36
  }, {
    "shape" : "14694925-ab64-464e-ad0a-877aa4930c39",
    "color" : "#008EC2",
    "position" : {
      "x" : 10.972136,
      "y" : 28.778212,
      "z" : -17.806076
    },
    "orientation" : 56
  }, {
    "shape" : "14694925-ab64-464e-ad0a-877aa4930c39",
    "color" : "#008EC2",
    "position" : {
      "x" : -13.102632,
      "y" : -39.0392,
      "z" : 23.383783
    },
    "orientation" : 24
  }, {
    "shape" : "14694925-ab64-464e-ad0a-877aa4930c39",
    "color" : "#008EC2",
    "position" : {
      "x" : -2.0124612,
      "y" : -7.386726,
      "z" : -0.4145898
    },
    "orientation" : 56
  }, {
    "shape" : "e14dd884-863b-487b-84df-0b15b643267d",
    "color" : "#FFFFFF",
    "position" : {
      "x" : 3.3944273,
      "y" : 42.486416,
      "z" : -14.0172205
    },
    "orientation" : 44
  }, {
    "shape" : "7fe4f3da-3f6a-4b6d-b89a-5295be7f276c",
    "color" : "#B0E0E6",
    "position" : {
      "x" : 10.248529,
      "y" : 31.396246,
      "z" : -34.303135
    },
    "orientation" : 43
  }, {
    "shape" : "d578bf67-e5f7-4747-95b5-d49d1e71b076",
    "color" : "#FFD98C",
    "position" : {
      "x" : -4.630495,
      "y" : 0.6381966,
      "z" : 14.0172205
    },
    "orientation" : 2
  }, {
    "shape" : "dbb886ca-9372-4e60-a61c-b62e15be268b",
    "color" : "#F2F2F2",
    "position" : {
      "x" : -8.866563,
      "y" : 50.064125,
      "z" : -38.5392
    }
  }, {
    "shape" : "14694925-ab64-464e-ad0a-877aa4930c39",
    "color" : "#008EC2",
    "position" : {
      "x" : -0.8416408,
      "y" : 8.215905,
      "z" : 14.0172205
    },
    "orientation" : 24
  }, {
    "shape" : "14694925-ab64-464e-ad0a-877aa4930c39",
    "color" : "#008EC2",
    "position" : {
      "x" : 10.972136,
      "y" : 15.070007,
      "z" : -9.33394
    },
    "orientation" : 8
  }, {
    "shape" : "9ea8b450-a522-43f7-945e-17a4be124dfa",
    "color" : "#FFFFFF",
    "position" : {
      "x" : 4.118034,
      "y" : 3.9798374,
      "z" : -5.0978713
    },
    "orientation" : 17
  }, {
    "shape" : "1a64aa09-736f-4bbf-9e63-e472ed87f70c",
    "color" : "#FFFFFF",
    "position" : {
      "x" : -2.0124612,
      "y" : -7.386726,
      "z" : -0.4145898
    },
    "orientation" : 24
  }, {
    "shape" : "14694925-ab64-464e-ad0a-877aa4930c39",
    "color" : "#008EC2",
    "position" : {
      "x" : -15.720665,
      "y" : -3.5978713,
      "z" : 7.163119
    },
    "orientation" : 1
  }, {
    "shape" : "9ea8b450-a522-43f7-945e-17a4be124dfa",
    "color" : "#FFFFFF",
    "position" : {
      "x" : 4.118034,
      "y" : -14.964435,
      "z" : 11.8464
    },
    "orientation" : 2
  }, {
    "shape" : "7fe4f3da-3f6a-4b6d-b89a-5295be7f276c",
    "color" : "#B0E0E6",
    "position" : {
      "x" : -2.0124612,
      "y" : 20.029682,
      "z" : -17.358862
    },
    "orientation" : 5
  }, {
    "shape" : "14694925-ab64-464e-ad0a-877aa4930c39",
    "color" : "#008EC2",
    "position" : {
      "x" : -4.630495,
      "y" : 0.6381966,
      "z" : 14.0172205
    },
    "orientation" : 45
  }, {
    "shape" : "7fe4f3da-3f6a-4b6d-b89a-5295be7f276c",
    "color" : "#B0E0E6",
    "position" : {
      "x" : -4.630495,
      "y" : 28.054604,
      "z" : -2.927051
    },
    "orientation" : 21
  }, {
    "shape" : "25a7a730-3c4c-4b32-9507-43d9d0d13f20",
    "color" : "#FFFFFF",
    "position" : {
      "x" : 3.3944273,
      "y" : 42.486416,
      "z" : -30.067066
    },
    "orientation" : 53
  }, {
    "shape" : "7fe4f3da-3f6a-4b6d-b89a-5295be7f276c",
    "color" : "#B0E0E6",
    "position" : {
      "x" : -4.630495,
      "y" : 15.793614,
      "z" : -24.212963
    },
    "orientation" : 19
  }, {
    "shape" : "1a64aa09-736f-4bbf-9e63-e472ed87f70c",
    "color" : "#FFFFFF",
    "position" : {
      "x" : -4.630495,
      "y" : 15.793614,
      "z" : -10.50476
    },
    "orientation" : 4
  }, {
    "shape" : "14694925-ab64-464e-ad0a-877aa4930c39",
    "color" : "#008EC2",
    "position" : {
      "x" : -0.8416408,
      "y" : 35.632313,
      "z" : -27.449032
    },
    "orientation" : 22
  }, {
    "shape" : "d578bf67-e5f7-4747-95b5-d49d1e71b076",
    "color" : "#FFD98C",
    "position" : {
      "x" : -4.630495,
      "y" : -11.622794,
      "z" : -7.2686915
    },
    "orientation" : 17
  }, {
    "shape" : "dbb886ca-9372-4e60-a61c-b62e15be268b",
    "color" : "#F2F2F2",
    "position" : {
      "x" : -15.720665,
      "y" : 32.290672,
      "z" : -9.781153
    }
  }, {
    "shape" : "14694925-ab64-464e-ad0a-877aa4930c39",
    "color" : "#008EC2",
    "position" : {
      "x" : 3.3944273,
      "y" : -12.3464,
      "z" : 28.343458
    },
    "orientation" : 26
  }, {
    "shape" : "1a64aa09-736f-4bbf-9e63-e472ed87f70c",
    "color" : "#FFFFFF",
    "position" : {
      "x" : -13.102632,
      "y" : 55.471012,
      "z" : -33.579525
    },
    "orientation" : 16
  }, {
    "shape" : "14694925-ab64-464e-ad0a-877aa4930c39",
    "color" : "#008EC2",
    "position" : {
      "x" : 4.118034,
      "y" : -14.964435,
      "z" : 11.8464
    },
    "orientation" : 11
  }, {
    "shape" : "bac02676-242c-4640-847b-2e4ec048337e",
    "color" : "#FFD98C",
    "position" : {
      "x" : 3.3944273,
      "y" : 42.486416,
      "z" : -5.545085
    },
    "orientation" : 22
  }, {
    "shape" : "1a64aa09-736f-4bbf-9e63-e472ed87f70c",
    "color" : "#FFFFFF",
    "position" : {
      "x" : 4.118034,
      "y" : 3.9798374,
      "z" : -5.0978713
    },
    "orientation" : 47
  }, {
    "shape" : "14694925-ab64-464e-ad0a-877aa4930c39",
    "color" : "#008EC2",
    "position" : {
      "x" : -2.0124612,
      "y" : 23.818537,
      "z" : -9.781153
    },
    "orientation" : 7
  }, {
    "shape" : "dbb886ca-9372-4e60-a61c-b62e15be268b",
    "color" : "#F2F2F2",
    "position" : {
      "x" : 3.3944273,
      "y" : 42.486416,
      "z" : -30.067066
    }
  }, {
    "shape" : "dbb886ca-9372-4e60-a61c-b62e15be268b",
    "color" : "#F2F2F2",
    "position" : {
      "x" : -4.630495,
      "y" : 0.6381966,
      "z" : 14.0172205
    }
  }, {
    "shape" : "7fe4f3da-3f6a-4b6d-b89a-5295be7f276c",
    "color" : "#B0E0E6",
    "position" : {
      "x" : 10.972136,
      "y" : -12.3464,
      "z" : 16.082468
    },
    "orientation" : 8
  }, {
    "shape" : "14694925-ab64-464e-ad0a-877aa4930c39",
    "color" : "#008EC2",
    "position" : {
      "x" : 3.3944273,
      "y" : 42.486416,
      "z" : -14.0172205
    },
    "orientation" : 36
  }, {
    "shape" : "14694925-ab64-464e-ad0a-877aa4930c39",
    "color" : "#008EC2",
    "position" : {
      "x" : -3.4596748,
      "y" : 3.9798374,
      "z" : -17.358862
    },
    "orientation" : 52
  }, {
    "shape" : "dbb886ca-9372-4e60-a61c-b62e15be268b",
    "color" : "#F2F2F2",
    "position" : {
      "x" : -4.630495,
      "y" : -11.622794,
      "z" : 6.4395123
    }
  }, {
    "shape" : "77631b76-3940-4736-a777-364689f2ce5e",
    "color" : "#FFD98C",
    "position" : {
      "x" : -4.630495,
      "y" : 43.210022,
      "z" : -41.157234
    },
    "orientation" : 39
  }, {
    "shape" : "14694925-ab64-464e-ad0a-877aa4930c39",
    "color" : "#008EC2",
    "position" : {
      "x" : -8.866563,
      "y" : -4.7686915,
      "z" : -4.6506577
    },
    "orientation" : 41
  }, {
    "shape" : "7fe4f3da-3f6a-4b6d-b89a-5295be7f276c",
    "color" : "#B0E0E6",
    "position" : {
      "x" : 4.118034,
      "y" : -23.436571,
      "z" : 11.8464
    },
    "orientation" : 28
  }, {
    "shape" : "14694925-ab64-464e-ad0a-877aa4930c39",
    "color" : "#008EC2",
    "position" : {
      "x" : -15.720665,
      "y" : 20.029682,
      "z" : -17.358862
    },
    "orientation" : 23
  }, {
    "shape" : "dbb886ca-9372-4e60-a61c-b62e15be268b",
    "color" : "#F2F2F2",
    "position" : {
      "x" : 10.972136,
      "y" : 15.070007,
      "z" : -9.33394
    }
  }, {
    "shape" : "261057aa-e67f-4e47-a731-33dff5470dfc",
    "color" : "#FFD98C",
    "position" : {
      "x" : 10.248529,
      "y" : 31.396246,
      "z" : -9.781153
    },
    "orientation" : 8
  }, {
    "shape" : "dbb886ca-9372-4e60-a61c-b62e15be268b",
    "color" : "#F2F2F2",
    "position" : {
      "x" : -8.866563,
      "y" : 7.4922986,
      "z" : 2.927051
    }
  }, {
    "shape" : "7fe4f3da-3f6a-4b6d-b89a-5295be7f276c",
    "color" : "#B0E0E6",
    "position" : {
      "x" : 4.118034,
      "y" : 3.9798374,
      "z" : -5.0978713
    },
    "orientation" : 28
  }, {
    "shape" : "dbb886ca-9372-4e60-a61c-b62e15be268b",
    "color" : "#F2F2F2",
    "position" : {
      "x" : 4.118034,
      "y" : -23.436571,
      "z" : 11.8464
    }
  }, {
    "shape" : "7fe4f3da-3f6a-4b6d-b89a-5295be7f276c",
    "color" : "#B0E0E6",
    "position" : {
      "x" : -8.866563,
      "y" : 7.4922986,
      "z" : 11.399187
    },
    "orientation" : 2
  }, {
    "shape" : "7fe4f3da-3f6a-4b6d-b89a-5295be7f276c",
    "color" : "#B0E0E6",
    "position" : {
      "x" : -8.866563,
      "y" : 22.647717,
      "z" : -21.594929
    },
    "orientation" : 0
  }, {
    "shape" : "e79015f5-9d5a-4b25-a57a-6023e750e208",
    "color" : "#FFD98C",
    "position" : {
      "x" : 10.972136,
      "y" : 42.486416,
      "z" : -17.806076
    },
    "orientation" : 6
  }, {
    "shape" : "14694925-ab64-464e-ad0a-877aa4930c39",
    "color" : "#008EC2",
    "position" : {
      "x" : -15.720665,
      "y" : -7.386726,
      "z" : -0.4145898
    },
    "orientation" : 37
  }, {
    "shape" : "dbb886ca-9372-4e60-a61c-b62e15be268b",
    "color" : "#F2F2F2",
    "position" : {
      "x" : -15.720665,
      "y" : 4.8742647,
      "z" : 7.163119
    }
  }, {
    "shape" : "df77626a-df6b-4859-856a-14442ba4a554",
    "color" : "#FFFFFF",
    "position" : {
      "x" : 10.972136,
      "y" : -12.3464,
      "z" : 7.6103325
    },
    "orientation" : 59
  }, {
    "shape" : "14694925-ab64-464e-ad0a-877aa4930c39",
    "color" : "#008EC2",
    "position" : {
      "x" : -4.630495,
      "y" : 43.210022,
      "z" : -27.449032
    },
    "orientation" : 45
  }, {
    "shape" : "14694925-ab64-464e-ad0a-877aa4930c39",
    "color" : "#008EC2",
    "position" : {
      "x" : -8.866563,
      "y" : -32.1851,
      "z" : 12.293614
    },
    "orientation" : 41
  }, {
    "shape" : "df77626a-df6b-4859-856a-14442ba4a554",
    "color" : "#FFFFFF",
    "position" : {
      "x" : -15.720665,
      "y" : 51.234943,
      "z" : -26.725426
    },
    "orientation" : 19
  }, {
    "shape" : "dbb886ca-9372-4e60-a61c-b62e15be268b",
    "color" : "#F2F2F2",
    "position" : {
      "x" : 10.972136,
      "y" : -12.3464,
      "z" : 7.6103325
    }
  }, {
    "shape" : "7fe4f3da-3f6a-4b6d-b89a-5295be7f276c",
    "color" : "#B0E0E6",
    "position" : {
      "x" : -8.866563,
      "y" : -45.893303,
      "z" : 12.293614
    },
    "orientation" : 17
  }, {
    "shape" : "7fe4f3da-3f6a-4b6d-b89a-5295be7f276c",
    "color" : "#B0E0E6",
    "position" : {
      "x" : -0.8416408,
      "y" : 8.215905,
      "z" : 14.0172205
    },
    "orientation" : 34
  }, {
    "shape" : "e79015f5-9d5a-4b25-a57a-6023e750e208",
    "color" : "#FFD98C",
    "position" : {
      "x" : -4.630495,
      "y" : 43.210022,
      "z" : -41.157234
    },
    "orientation" : 22
  }, {
    "shape" : "14694925-ab64-464e-ad0a-877aa4930c39",
    "color" : "#008EC2",
    "position" : {
      "x" : -4.630495,
      "y" : 28.054604,
      "z" : -16.635256
    },
    "orientation" : 45
  }, {
    "shape" : "bac02676-242c-4640-847b-2e4ec048337e",
    "color" : "#FFD98C",
    "position" : {
      "x" : -0.8416408,
      "y" : 35.632313,
      "z" : -2.927051
    },
    "orientation" : 17
  }, {
    "shape" : "14694925-ab64-464e-ad0a-877aa4930c39",
    "color" : "#008EC2",
    "position" : {
      "x" : 10.972136,
      "y" : -12.3464,
      "z" : 7.6103325
    },
    "orientation" : 24
  }, {
    "shape" : "dbb886ca-9372-4e60-a61c-b62e15be268b",
    "color" : "#F2F2F2",
    "position" : {
      "x" : -8.866563,
      "y" : -6.215905,
      "z" : 11.399187
    }
  }, {
    "shape" : "25a7a730-3c4c-4b32-9507-43d9d0d13f20",
    "color" : "#FFFFFF",
    "position" : {
      "x" : -2.0124612,
      "y" : 20.029682,
      "z" : -17.358862
    },
    "orientation" : 48
  }, {
    "shape" : "dbb886ca-9372-4e60-a61c-b62e15be268b",
    "color" : "#F2F2F2",
    "position" : {
      "x" : 4.118034,
      "y" : 31.396246,
      "z" : -22.042143
    }
  }, {
    "shape" : "dbb886ca-9372-4e60-a61c-b62e15be268b",
    "color" : "#F2F2F2",
    "position" : {
      "x" : 10.248529,
      "y" : 39.86838,
      "z" : -34.303135
    }
  }, {
    "shape" : "25a7a730-3c4c-4b32-9507-43d9d0d13f20",
    "color" : "#FFFFFF",
    "position" : {
      "x" : -4.630495,
      "y" : 15.793614,
      "z" : -10.50476
    },
    "orientation" : 25
  }, {
    "shape" : "7fe4f3da-3f6a-4b6d-b89a-5295be7f276c",
    "color" : "#B0E0E6",
    "position" : {
      "x" : 10.972136,
      "y" : -12.3464,
      "z" : 7.6103325
    },
    "orientation" : 48
  }, {
    "shape" : "14694925-ab64-464e-ad0a-877aa4930c39",
    "color" : "#008EC2",
    "position" : {
      "x" : -13.102632,
      "y" : -11.622794,
      "z" : 6.4395123
    },
    "orientation" : 24
  }, {
    "shape" : "14694925-ab64-464e-ad0a-877aa4930c39",
    "color" : "#008EC2",
    "position" : {
      "x" : 3.3944273,
      "y" : 1.3618034,
      "z" : 2.927051
    },
    "orientation" : 54
  }, {
    "shape" : "14694925-ab64-464e-ad0a-877aa4930c39",
    "color" : "#008EC2",
    "position" : {
      "x" : 10.248529,
      "y" : 39.86838,
      "z" : -34.303135
    },
    "orientation" : 38
  }, {
    "shape" : "9ea8b450-a522-43f7-945e-17a4be124dfa",
    "color" : "#FFFFFF",
    "position" : {
      "x" : 3.3944273,
      "y" : 1.3618034,
      "z" : 2.927051
    },
    "orientation" : 3
  }, {
    "shape" : "dbb886ca-9372-4e60-a61c-b62e15be268b",
    "color" : "#F2F2F2",
    "position" : {
      "x" : -8.866563,
      "y" : -18.476896,
      "z" : 3.8214781
    }
  }, {
    "shape" : "7fe4f3da-3f6a-4b6d-b89a-5295be7f276c",
    "color" : "#B0E0E6",
    "position" : {
      "x" : -3.4596748,
      "y" : -23.436571,
      "z" : -0.4145898
    },
    "orientation" : 44
  }, {
    "shape" : "14694925-ab64-464e-ad0a-877aa4930c39",
    "color" : "#008EC2",
    "position" : {
      "x" : 10.248529,
      "y" : 31.396246,
      "z" : -9.781153
    },
    "orientation" : 1
  }, {
    "shape" : "498a1976-4ce4-4cdd-93ce-c2aef23c08d0",
    "color" : "#FFD98C",
    "position" : {
      "x" : 7.630495,
      "y" : 8.215905,
      "z" : 14.0172205
    },
    "orientation" : 22
  }, {
    "shape" : "261057aa-e67f-4e47-a731-33dff5470dfc",
    "color" : "#FFD98C",
    "position" : {
      "x" : -8.866563,
      "y" : 36.35592,
      "z" : -30.067066
    },
    "orientation" : 16
  }, {
    "shape" : "7fe4f3da-3f6a-4b6d-b89a-5295be7f276c",
    "color" : "#B0E0E6",
    "position" : {
      "x" : -0.8416408,
      "y" : -19.200502,
      "z" : 17.253288
    },
    "orientation" : 25
  }, {
    "shape" : "7fe4f3da-3f6a-4b6d-b89a-5295be7f276c",
    "color" : "#B0E0E6",
    "position" : {
      "x" : 10.972136,
      "y" : 28.778212,
      "z" : -17.806076
    },
    "orientation" : 8
  }, {
    "shape" : "1a64aa09-736f-4bbf-9e63-e472ed87f70c",
    "color" : "#FFFFFF",
    "position" : {
      "x" : 3.3944273,
      "y" : 15.070007,
      "z" : -13.122794
    },
    "orientation" : 8
  }, {
    "shape" : "14694925-ab64-464e-ad0a-877aa4930c39",
    "color" : "#008EC2",
    "position" : {
      "x" : 17.826239,
      "y" : -23.436571,
      "z" : 11.8464
    },
    "orientation" : 7
  }, {
    "shape" : "1a504ffb-af39-493b-bbcd-b9b8d218f806",
    "color" : "#FFFFFF",
    "position" : {
      "x" : 10.248529,
      "y" : 12.451973,
      "z" : 7.163119
    },
    "orientation" : 26
  }, {
