{
  "polygons" : "true",
  "field" : "golden",
  "symmetry" : "icosahedral",
  "orientations" : [ [ 1.0, 0.0, 0.0, 0.0, 0.0, 1.0, 0.0, 0.0, 0.0, 0.0, 1.0, 0.0, 0.0, 0.0, 0.0, 1.0 ], [ 0.0, 0.0, 1.0, 0.0, 1.0, 0.0, 0.0, 0.0, 0.0, 1.0, 0.0, 0.0, 0.0, 0.0, 0.0, 1.0 ], [ 0.0, 1.0, 0.0, 0.0, 0.0, 0.0, 1.0, 0.0, 1.0, 0.0, 0.0, 0.0, 0.0, 0.0, 0.0, 1.0 ], [ 0.809017, 0.309017, 0.5, 0.0, 0.309017, 0.5, -0.809017, 0.0, -0.5, 0.809017, 0.309017, 0.0, 0.0, 0.0, 0.0, 1.0 ], [ -0.5, 0.809017, 0.309017, 0.0, 0.809017, 0.309017, 0.5, 0.0, 0.309017, 0.5, -0.809017, 0.0, 0.0, 0.0, 0.0, 1.0 ], [ 0.309017, 0.5, -0.809017, 0.0, -0.5, 0.809017, 0.309017, 0.0, 0.809017, 0.309017, 0.5, 0.0, 0.0, 0.0, 0.0, 1.0 ], [ 0.5, 0.809017, 0.309017, 0.0, 0.809017, -0.309017, -0.5, 0.0, -0.309017, 0.5, -0.809017, 0.0, 0.0, 0.0, 0.0, 1.0 ], [ -0.309017, 0.5, -0.809017, 0.0, 0.5, 0.809017, 0.309017, 0.0, 0.809017, -0.309017, -0.5, 0.0, 0.0, 0.0, 0.0, 1.0 ], [ 0.809017, -0.309017, -0.5, 0.0, -0.309017, 0.5, -0.809017, 0.0, 0.5, 0.809017, 0.309017, 0.0, 0.0, 0.0, 0.0, 1.0 ], [ 0.5, 0.809017, -0.309017, 0.0, 0.809017, -0.309017, 0.5, 0.0, 0.309017, -0.5, -0.809017, 0.0, 0.0, 0.0, 0.0, 1.0 ], [ 0.309017, -0.5, -0.809017, 0.0, 0.5, 0.809017, -0.309017, 0.0, 0.809017, -0.309017, 0.5, 0.0, 0.0, 0.0, 0.0, 1.0 ], [ 0.809017, -0.309017, 0.5, 0.0, 0.309017, -0.5, -0.809017, 0.0, 0.5, 0.809017, -0.309017, 0.0, 0.0, 0.0, 0.0, 1.0 ], [ 0.809017, 0.309017, -0.5, 0.0, 0.309017, 0.5, 0.809017, 0.0, 0.5, -0.809017, 0.309017, 0.0, 0.0, 0.0, 0.0, 1.0 ], [ 0.5, -0.809017, 0.309017, 0.0, 0.809017, 0.309017, -0.5, 0.0, 0.309017, 0.5, 0.809017, 0.0, 0.0, 0.0, 0.0, 1.0 ], [ 0.309017, 0.5, 0.809017, 0.0, 0.5, -0.809017, 0.309017, 0.0, 0.809017, 0.309017, -0.5, 0.0, 0.0, 0.0, 0.0, 1.0 ], [ 1.0, 0.0, 0.0, 0.0, 0.0, -1.0, 0.0, 0.0, 0.0, 0.0, -1.0, 0.0, 0.0, 0.0, 0.0, 1.0 ], [ 0.0, 0.0, 1.0, 0.0, -1.0, 0.0, 0.0, 0.0, 0.0, -1.0, 0.0, 0.0, 0.0, 0.0, 0.0, 1.0 ], [ 0.0, 1.0, 0.0, 0.0, 0.0, 0.0, -1.0, 0.0, -1.0, 0.0, 0.0, 0.0, 0.0, 0.0, 0.0, 1.0 ], [ 0.809017, 0.309017, 0.5, 0.0, -0.309017, -0.5, 0.809017, 0.0, 0.5, -0.809017, -0.309017, 0.0, 0.0, 0.0, 0.0, 1.0 ], [ -0.5, 0.809017, 0.309017, 0.0, -0.809017, -0.309017, -0.5, 0.0, -0.309017, -0.5, 0.809017, 0.0, 0.0, 0.0, 0.0, 1.0 ], [ 0.309017, 0.5, -0.809017, 0.0, 0.5, -0.809017, -0.309017, 0.0, -0.809017, -0.309017, -0.5, 0.0, 0.0, 0.0, 0.0, 1.0 ], [ 0.5, 0.809017, 0.309017, 0.0, -0.809017, 0.309017, 0.5, 0.0, 0.309017, -0.5, 0.809017, 0.0, 0.0, 0.0, 0.0, 1.0 ], [ -0.309017, 0.5, -0.809017, 0.0, -0.5, -0.809017, -0.309017, 0.0, -0.809017, 0.309017, 0.5, 0.0, 0.0, 0.0, 0.0, 1.0 ], [ 0.809017, -0.309017, -0.5, 0.0, 0.309017, -0.5, 0.809017, 0.0, -0.5, -0.809017, -0.309017, 0.0, 0.0, 0.0, 0.0, 1.0 ], [ 0.5, 0.809017, -0.309017, 0.0, -0.809017, 0.309017, -0.5, 0.0, -0.309017, 0.5, 0.809017, 0.0, 0.0, 0.0, 0.0, 1.0 ], [ 0.309017, -0.5, -0.809017, 0.0, -0.5, -0.809017, 0.309017, 0.0, -0.809017, 0.309017, -0.5, 0.0, 0.0, 0.0, 0.0, 1.0 ], [ 0.809017, -0.309017, 0.5, 0.0, -0.309017, 0.5, 0.809017, 0.0, -0.5, -0.809017, 0.309017, 0.0, 0.0, 0.0, 0.0, 1.0 ], [ 0.809017, 0.309017, -0.5, 0.0, -0.309017, -0.5, -0.809017, 0.0, -0.5, 0.809017, -0.309017, 0.0, 0.0, 0.0, 0.0, 1.0 ], [ 0.5, -0.809017, 0.309017, 0.0, -0.809017, -0.309017, 0.5, 0.0, -0.309017, -0.5, -0.809017, 0.0, 0.0, 0.0, 0.0, 1.0 ], [ 0.309017, 0.5, 0.809017, 0.0, -0.5, 0.809017, -0.309017, 0.0, -0.809017, -0.309017, 0.5, 0.0, 0.0, 0.0, 0.0, 1.0 ], [ -1.0, 0.0, 0.0, 0.0, 0.0, -1.0, 0.0, 0.0, 0.0, 0.0, 1.0, 0.0, 0.0, 0.0, 0.0, 1.0 ], [ 0.0, 0.0, -1.0, 0.0, -1.0, 0.0, 0.0, 0.0, 0.0, 1.0, 0.0, 0.0, 0.0, 0.0, 0.0, 1.0 ], [ 0.0, -1.0, 0.0, 0.0, 0.0, 0.0, -1.0, 0.0, 1.0, 0.0, 0.0, 0.0, 0.0, 0.0, 0.0, 1.0 ], [ -0.809017, -0.309017, -0.5, 0.0, -0.309017, -0.5, 0.809017, 0.0, -0.5, 0.809017, 0.309017, 0.0, 0.0, 0.0, 0.0, 1.0 ], [ 0.5, -0.809017, -0.309017, 0.0, -0.809017, -0.309017, -0.5, 0.0, 0.309017, 0.5, -0.809017, 0.0, 0.0, 0.0, 0.0, 1.0 ], [ -0.309017, -0.5, 0.809017, 0.0, 0.5, -0.809017, -0.309017, 0.0, 0.809017, 0.309017, 0.5, 0.0, 0.0, 0.0, 0.0, 1.0 ], [ -0.5, -0.809017, -0.309017, 0.0, -0.809017, 0.309017, 0.5, 0.0, -0.309017, 0.5, -0.809017, 0.0, 0.0, 0.0, 0.0, 1.0 ], [ 0.309017, -0.5, 0.809017, 0.0, -0.5, -0.809017, -0.309017, 0.0, 0.809017, -0.309017, -0.5, 0.0, 0.0, 0.0, 0.0, 1.0 ], [ -0.809017, 0.309017, 0.5, 0.0, 0.309017, -0.5, 0.809017, 0.0, 0.5, 0.809017, 0.309017, 0.0, 0.0, 0.0, 0.0, 1.0 ], [ -0.5, -0.809017, 0.309017, 0.0, -0.809017, 0.309017, -0.5, 0.0, 0.309017, -0.5, -0.809017, 0.0, 0.0, 0.0, 0.0, 1.0 ], [ -0.309017, 0.5, 0.809017, 0.0, -0.5, -0.809017, 0.309017, 0.0, 0.809017, -0.309017, 0.5, 0.0, 0.0, 0.0, 0.0, 1.0 ], [ -0.809017, 0.309017, -0.5, 0.0, -0.309017, 0.5, 0.809017, 0.0, 0.5, 0.809017, -0.309017, 0.0, 0.0, 0.0, 0.0, 1.0 ], [ -0.809017, -0.309017, 0.5, 0.0, -0.309017, -0.5, -0.809017, 0.0, 0.5, -0.809017, 0.309017, 0.0, 0.0, 0.0, 0.0, 1.0 ], [ -0.5, 0.809017, -0.309017, 0.0, -0.809017, -0.309017, 0.5, 0.0, 0.309017, 0.5, 0.809017, 0.0, 0.0, 0.0, 0.0, 1.0 ], [ -0.309017, -0.5, -0.809017, 0.0, -0.5, 0.809017, -0.309017, 0.0, 0.809017, 0.309017, -0.5, 0.0, 0.0, 0.0, 0.0, 1.0 ], [ -1.0, 0.0, 0.0, 0.0, 0.0, 1.0, 0.0, 0.0, 0.0, 0.0, -1.0, 0.0, 0.0, 0.0, 0.0, 1.0 ], [ 0.0, 0.0, -1.0, 0.0, 1.0, 0.0, 0.0, 0.0, 0.0, -1.0, 0.0, 0.0, 0.0, 0.0, 0.0, 1.0 ], [ 0.0, -1.0, 0.0, 0.0, 0.0, 0.0, 1.0, 0.0, -1.0, 0.0, 0.0, 0.0, 0.0, 0.0, 0.0, 1.0 ], [ -0.809017, -0.309017, -0.5, 0.0, 0.309017, 0.5, -0.809017, 0.0, 0.5, -0.809017, -0.309017, 0.0, 0.0, 0.0, 0.0, 1.0 ], [ 0.5, -0.809017, -0.309017, 0.0, 0.809017, 0.309017, 0.5, 0.0, -0.309017, -0.5, 0.809017, 0.0, 0.0, 0.0, 0.0, 1.0 ], [ -0.309017, -0.5, 0.809017, 0.0, -0.5, 0.809017, 0.309017, 0.0, -0.809017, -0.309017, -0.5, 0.0, 0.0, 0.0, 0.0, 1.0 ], [ -0.5, -0.809017, -0.309017, 0.0, 0.809017, -0.309017, -0.5, 0.0, 0.309017, -0.5, 0.809017, 0.0, 0.0, 0.0, 0.0, 1.0 ], [ 0.309017, -0.5, 0.809017, 0.0, 0.5, 0.809017, 0.309017, 0.0, -0.809017, 0.309017, 0.5, 0.0, 0.0, 0.0, 0.0, 1.0 ], [ -0.809017, 0.309017, 0.5, 0.0, -0.309017, 0.5, -0.809017, 0.0, -0.5, -0.809017, -0.309017, 0.0, 0.0, 0.0, 0.0, 1.0 ], [ -0.5, -0.809017, 0.309017, 0.0, 0.809017, -0.309017, 0.5, 0.0, -0.309017, 0.5, 0.809017, 0.0, 0.0, 0.0, 0.0, 1.0 ], [ -0.309017, 0.5, 0.809017, 0.0, 0.5, 0.809017, -0.309017, 0.0, -0.809017, 0.309017, -0.5, 0.0, 0.0, 0.0, 0.0, 1.0 ], [ -0.809017, 0.309017, -0.5, 0.0, 0.309017, -0.5, -0.809017, 0.0, -0.5, -0.809017, 0.309017, 0.0, 0.0, 0.0, 0.0, 1.0 ], [ -0.809017, -0.309017, 0.5, 0.0, 0.309017, 0.5, 0.809017, 0.0, -0.5, 0.809017, -0.309017, 0.0, 0.0, 0.0, 0.0, 1.0 ], [ -0.5, 0.809017, -0.309017, 0.0, 0.809017, 0.309017, -0.5, 0.0, -0.309017, -0.5, -0.809017, 0.0, 0.0, 0.0, 0.0, 1.0 ], [ -0.309017, -0.5, -0.809017, 0.0, 0.5, -0.809017, 0.309017, 0.0, -0.809017, -0.309017, 0.5, 0.0, 0.0, 0.0, 0.0, 1.0 ] ],
  "lights" : {
    "directionalLights" : [ {
      "direction" : [ 1.0, -1.0, -1.0 ],
      "color" : "#EBEBE4"
    }, {
      "direction" : [ -1.0, 0.0, 0.0 ],
      "color" : "#E4E4EB"
    }, {
      "direction" : [ 0.0, 0.0, -1.0 ],
      "color" : "#1E1E1E"
    } ],
    "backgroundColor" : "#AFC8DC",
    "ambientColor" : "#292929"
  },
  "camera" : {
    "width" : 186.86235,
    "position" : {
      "x" : 218.30957,
      "y" : 0.0,
      "z" : 353.23233
    },
    "farClipDistance" : 830.49774,
    "lookAtPoint" : {
      "x" : 0.0,
      "y" : 0.0,
      "z" : 0.0
    },
    "lookDirection" : {
      "x" : -0.5257311,
      "y" : 0.0,
      "z" : -0.8506508
    },
    "upDirection" : {
      "x" : -0.809017,
      "y" : 0.309017,
      "z" : 0.5
    },
    "nearClipDistance" : 1.0381242,
    "perspective" : true,
    "viewDistance" : 415.2495,
    "lookDirectionRV" : {
      "x" : -0.5257311,
      "y" : 0.0,
      "z" : -0.8506508,
      "zero" : false
    },
    "fieldOfView" : 0.44262904,
    "lookAtPointRV" : {
      "x" : 0.0,
      "y" : 0.0,
      "z" : 0.0,
      "zero" : true
    },
    "upDirectionRV" : {
      "x" : -0.809017,
      "y" : 0.309017,
      "z" : 0.5,
      "zero" : false
    },
    "stereo" : false
  },
  "embedding" : [ 1.0, 0.0, 0.0, 0.0, 0.0, 1.0, 0.0, 0.0, 0.0, 0.0, 1.0, 0.0, 0.0, 0.0, 0.0, 1.0 ],
  "shapes" : [ {
    "id" : "0f2f915a-ba3c-4573-9f28-b0208720d3f5",
    "orbit" : "orange",
    "orbitC" : "[[-4,3,5],[3,-1,5]]",
    "length" : "[\"4\",\"2\",\"5\"]",
    "name" : " :4/5 +2/5*phi",
    "vertices" : [ {
      "x" : 1.0,
      "y" : -0.309017,
      "z" : -0.19098301
    }, {
      "x" : 0.809017,
      "y" : 0.0,
      "z" : -0.690983
    }, {
      "x" : 1.0,
      "y" : 0.309017,
      "z" : -0.19098301
    }, {
      "x" : 1.809017,
      "y" : 0.0,
      "z" : -0.309017
    }, {
      "x" : 1.618034,
      "y" : 0.309017,
      "z" : -0.809017
    }, {
      "x" : 2.0,
      "y" : 0.309017,
      "z" : -0.19098301
    }, {
      "x" : 1.809017,
      "y" : 0.618034,
      "z" : -0.690983
    }, {
      "x" : 9.281153,
      "y" : 1.2763932,
      "z" : -2.3742645
    }, {
      "x" : 9.09017,
      "y" : 1.5854102,
      "z" : -2.8742645
    }, {
      "x" : 9.472136,
      "y" : 1.5854102,
      "z" : -2.2562306
    }, {
      "x" : 9.281153,
      "y" : 1.8944272,
      "z" : -2.7562306
    }, {
      "x" : 10.09017,
      "y" : 1.5854102,
      "z" : -2.8742645
    }, {
      "x" : 10.281153,
      "y" : 1.8944272,
      "z" : -2.3742645
    }, {
      "x" : 10.09017,
      "y" : 2.2034442,
      "z" : -2.8742645
    }, {
      "x" : 11.09017,
      "y" : 1.8944272,
      "z" : -3.0652475
    } ],
    "faces" : [ {
      "vertices" : [ 8, 13, 11 ]
    }, {
      "vertices" : [ 2, 5, 9, 10, 6 ]
    }, {
      "vertices" : [ 3, 4, 8, 11, 7 ]
    }, {
      "vertices" : [ 0, 2, 1 ]
    }, {
      "vertices" : [ 11, 13, 12 ]
    }, {
      "vertices" : [ 0, 5, 2 ]
    }, {
      "vertices" : [ 0, 3, 5 ]
    }, {
      "vertices" : [ 0, 1, 4, 3 ]
    }, {
      "vertices" : [ 1, 2, 6 ]
    }, {
      "vertices" : [ 1, 6, 4 ]
    }, {
      "vertices" : [ 9, 12, 13, 10 ]
    }, {
      "vertices" : [ 3, 7, 9, 5 ]
    }, {
      "vertices" : [ 7, 12, 9 ]
    }, {
      "vertices" : [ 4, 6, 10, 8 ]
    }, {
      "vertices" : [ 7, 11, 12 ]
    }, {
      "vertices" : [ 8, 10, 13 ]
    } ]
  }, {
    "id" : "66520fb4-3ac5-4aa9-ad54-4cc7642baa2e",
    "name" : "ball",
    "vertices" : [ {
      "x" : 0.309017,
      "y" : -0.809017,
      "z" : 0.618034
    }, {
      "x" : 0.809017,
      "y" : -0.618034,
      "z" : 0.309017
    }, {
      "x" : 0.618034,
      "y" : -0.309017,
      "z" : 0.809017
    }, {
      "x" : 1.0,
      "y" : 0.309017,
      "z" : 0.19098301
    }, {
      "x" : 0.809017,
      "y" : 0.618034,
      "z" : 0.309017
    }, {
      "x" : 0.618034,
      "y" : 0.309017,
      "z" : 0.809017
    }, {
      "x" : 0.809017,
      "y" : 0.0,
      "z" : 0.690983
    }, {
      "x" : 0.19098301,
      "y" : -1.0,
      "z" : 0.309017
    }, {
      "x" : -0.19098301,
      "y" : -1.0,
      "z" : 0.309017
    }, {
      "x" : -0.19098301,
      "y" : -1.0,
      "z" : -0.309017
    }, {
      "x" : 0.19098301,
      "y" : -1.0,
      "z" : -0.309017
    }, {
      "x" : 1.0,
      "y" : -0.309017,
      "z" : -0.19098301
    }, {
      "x" : 0.809017,
      "y" : -0.618034,
      "z" : -0.309017
    }, {
      "x" : 0.618034,
      "y" : -0.309017,
      "z" : -0.809017
    }, {
      "x" : 0.809017,
      "y" : 0.0,
      "z" : -0.690983
    }, {
      "x" : 0.0,
      "y" : 0.690983,
      "z" : -0.809017
    }, {
      "x" : 0.309017,
      "y" : 0.809017,
      "z" : -0.618034
    }, {
      "x" : 0.618034,
      "y" : 0.309017,
      "z" : -0.809017
    }, {
      "x" : 0.309017,
      "y" : 0.19098301,
      "z" : -1.0
    }, {
      "x" : 1.0,
      "y" : 0.309017,
      "z" : -0.19098301
    }, {
      "x" : -0.309017,
      "y" : -0.809017,
      "z" : 0.618034
    }, {
      "x" : 0.0,
      "y" : -0.690983,
      "z" : 0.809017
    }, {
      "x" : 0.809017,
      "y" : 0.618034,
      "z" : -0.309017
    }, {
      "x" : 0.690983,
      "y" : 0.809017,
      "z" : 0.0
    }, {
      "x" : -0.690983,
      "y" : 0.809017,
      "z" : 0.0
    }, {
      "x" : -0.809017,
      "y" : 0.618034,
      "z" : 0.309017
    }, {
      "x" : -0.309017,
      "y" : 0.809017,
      "z" : 0.618034
    }, {
      "x" : -0.19098301,
      "y" : 1.0,
      "z" : 0.309017
    }, {
      "x" : 0.309017,
      "y" : -0.19098301,
      "z" : -1.0
    }, {
      "x" : 0.19098301,
      "y" : 1.0,
      "z" : 0.309017
    }, {
      "x" : 0.309017,
      "y" : 0.809017,
      "z" : 0.618034
    }, {
      "x" : -0.809017,
      "y" : -0.618034,
      "z" : 0.309017
    }, {
      "x" : -0.690983,
      "y" : -0.809017,
      "z" : 0.0
    }, {
      "x" : 0.0,
      "y" : 0.690983,
      "z" : 0.809017
    }, {
      "x" : 0.309017,
      "y" : -0.809017,
      "z" : -0.618034
    }, {
      "x" : 0.0,
      "y" : -0.690983,
      "z" : -0.809017
    }, {
      "x" : -1.0,
      "y" : 0.309017,
      "z" : 0.19098301
    }, {
      "x" : -0.809017,
      "y" : 0.0,
      "z" : 0.690983
    }, {
      "x" : -0.618034,
      "y" : 0.309017,
      "z" : 0.809017
    }, {
      "x" : 1.0,
      "y" : -0.309017,
      "z" : 0.19098301
    }, {
      "x" : -0.309017,
      "y" : -0.809017,
      "z" : -0.618034
    }, {
      "x" : -1.0,
      "y" : 0.309017,
      "z" : -0.19098301
    }, {
      "x" : -1.0,
      "y" : -0.309017,
      "z" : -0.19098301
    }, {
      "x" : -1.0,
      "y" : -0.309017,
      "z" : 0.19098301
    }, {
      "x" : 0.19098301,
      "y" : 1.0,
      "z" : -0.309017
    }, {
      "x" : -0.809017,
      "y" : 0.618034,
      "z" : -0.309017
    }, {
      "x" : -0.19098301,
      "y" : 1.0,
      "z" : -0.309017
    }, {
      "x" : -0.309017,
      "y" : 0.809017,
      "z" : -0.618034
    }, {
      "x" : -0.618034,
      "y" : -0.309017,
      "z" : 0.809017
    }, {
      "x" : 0.309017,
      "y" : 0.19098301,
      "z" : 1.0
    }, {
      "x" : -0.309017,
      "y" : 0.19098301,
      "z" : -1.0
    }, {
      "x" : -0.309017,
      "y" : 0.19098301,
      "z" : 1.0
    }, {
      "x" : -0.309017,
      "y" : -0.19098301,
      "z" : 1.0
    }, {
      "x" : 0.309017,
      "y" : -0.19098301,
      "z" : 1.0
    }, {
      "x" : 0.690983,
      "y" : -0.809017,
      "z" : 0.0
    }, {
      "x" : -0.809017,
      "y" : 0.0,
      "z" : -0.690983
    }, {
      "x" : -0.618034,
      "y" : -0.309017,
      "z" : -0.809017
    }, {
      "x" : -0.309017,
      "y" : -0.19098301,
      "z" : -1.0
    }, {
      "x" : -0.618034,
      "y" : 0.309017,
      "z" : -0.809017
    }, {
      "x" : -0.809017,
      "y" : -0.618034,
      "z" : -0.309017
    } ],
    "faces" : [ {
      "vertices" : [ 9, 40, 35, 34, 10 ]
    }, {
      "vertices" : [ 0, 1, 2 ]
    }, {
      "vertices" : [ 33, 51, 49 ]
    }, {
      "vertices" : [ 25, 36, 37, 38 ]
    }, {
      "vertices" : [ 41, 55, 42 ]
    }, {
      "vertices" : [ 9, 32, 59, 40 ]
    }, {
      "vertices" : [ 20, 21, 52, 48 ]
    }, {
      "vertices" : [ 26, 33, 30, 29, 27 ]
    }, {
      "vertices" : [ 3, 4, 5, 6 ]
    }, {
      "vertices" : [ 27, 29, 44, 46 ]
    }, {
      "vertices" : [ 50, 57, 56, 55, 58 ]
    }, {
      "vertices" : [ 26, 38, 51, 33 ]
    }, {
      "vertices" : [ 45, 47, 58 ]
    }, {
      "vertices" : [ 18, 28, 57, 50 ]
    }, {
      "vertices" : [ 40, 59, 56 ]
    }, {
      "vertices" : [ 31, 48, 37, 43 ]
    }, {
      "vertices" : [ 7, 8, 9, 10 ]
    }, {
      "vertices" : [ 36, 41, 42, 43 ]
    }, {
      "vertices" : [ 24, 46, 47, 45 ]
    }, {
      "vertices" : [ 4, 30, 5 ]
    }, {
      "vertices" : [ 15, 47, 46, 44, 16 ]
    }, {
      "vertices" : [ 15, 50, 58, 47 ]
    }, {
      "vertices" : [ 24, 45, 41, 36, 25 ]
    }, {
      "vertices" : [ 11, 14, 19 ]
    }, {
      "vertices" : [ 3, 6, 39 ]
    }, {
      "vertices" : [ 1, 39, 6, 2 ]
    }, {
      "vertices" : [ 8, 32, 9 ]
    }, {
      "vertices" : [ 11, 12, 13, 14 ]
    }, {
      "vertices" : [ 16, 22, 17 ]
    }, {
      "vertices" : [ 0, 21, 20, 8, 7 ]
    }, {
      "vertices" : [ 12, 34, 13 ]
    }, {
      "vertices" : [ 35, 40, 56, 57 ]
    }, {
      "vertices" : [ 0, 7, 54, 1 ]
    }, {
      "vertices" : [ 15, 16, 17, 18 ]
    }, {
      "vertices" : [ 3, 19, 22, 23, 4 ]
    }, {
      "vertices" : [ 7, 10, 54 ]
    }, {
      "vertices" : [ 41, 45, 58, 55 ]
    }, {
      "vertices" : [ 3, 39, 11, 19 ]
    }, {
      "vertices" : [ 14, 17, 22, 19 ]
    }, {
      "vertices" : [ 0, 2, 53, 21 ]
    }, {
      "vertices" : [ 49, 51, 52, 53 ]
    }, {
      "vertices" : [ 31, 43, 42, 59, 32 ]
    }, {
      "vertices" : [ 15, 18, 50 ]
    }, {
      "vertices" : [ 42, 55, 56, 59 ]
    }, {
      "vertices" : [ 4, 23, 29, 30 ]
    }, {
      "vertices" : [ 25, 38, 26 ]
    }, {
      "vertices" : [ 13, 28, 18, 17, 14 ]
    }, {
      "vertices" : [ 8, 20, 31, 32 ]
    }, {
      "vertices" : [ 23, 44, 29 ]
    }, {
      "vertices" : [ 24, 27, 46 ]
    }, {
      "vertices" : [ 37, 48, 52, 51, 38 ]
    }, {
      "vertices" : [ 20, 48, 31 ]
    }, {
      "vertices" : [ 24, 25, 26, 27 ]
    }, {
      "vertices" : [ 16, 44, 23, 22 ]
    }, {
      "vertices" : [ 13, 34, 35, 28 ]
    }, {
      "vertices" : [ 10, 34, 12, 54 ]
    }, {
      "vertices" : [ 2, 6, 5, 49, 53 ]
    }, {
      "vertices" : [ 36, 43, 37 ]
    }, {
      "vertices" : [ 5, 30, 33, 49 ]
    }, {
      "vertices" : [ 1, 54, 12, 11, 39 ]
    }, {
      "vertices" : [ 28, 35, 57 ]
    }, {
      "vertices" : [ 21, 53, 52 ]
    } ]
  }, {
    "id" : "e4e272b0-2013-48c8-82e1-a5dbe9380c05",
    "orbit" : "blue",
    "orbitC" : "[[0,0,1],[0,0,1]]",
    "length" : "[\"3\",\"4\",\"5\"]",
    "name" : " :3/5 +4/5*phi",
    "vertices" : [ {
      "x" : 15.049845,
      "y" : 0.309017,
      "z" : 0.19098301
    }, {
      "x" : 15.049845,
      "y" : 0.309017,
      "z" : -0.19098301
    }, {
      "x" : 1.0,
      "y" : 0.309017,
      "z" : -0.19098301
    }, {
      "x" : 1.0,
      "y" : 0.309017,
      "z" : 0.19098301
    }, {
      "x" : 15.049845,
      "y" : -0.309017,
      "z" : 0.19098301
    }, {
      "x" : 1.0,
      "y" : -0.309017,
      "z" : 0.19098301
    }, {
      "x" : 1.0,
      "y" : -0.309017,
      "z" : -0.19098301
    }, {
      "x" : 15.049845,
      "y" : -0.309017,
      "z" : -0.19098301
    }, {
      "x" : 16.049845,
      "y" : 0.0,
      "z" : 0.0
    } ],
    "faces" : [ {
      "vertices" : [ 1, 7, 6, 2 ]
    }, {
      "vertices" : [ 0, 1, 2, 3 ]
    }, {
      "vertices" : [ 4, 5, 6, 7 ]
    }, {
      "vertices" : [ 0, 3, 5, 4 ]
    } ]
  }, {
    "id" : "aff163bd-2acc-44d8-b847-843c9ffa4fb9",
    "orbit" : "blue",
    "orbitC" : "[[0,0,1],[0,0,1]]",
    "length" : "[\"1\",\"0\",\"1\"]",
    "name" : "b1",
    "vertices" : [ {
      "x" : 7.472136,
      "y" : 0.309017,
      "z" : 0.19098301
    }, {
      "x" : 7.472136,
      "y" : 0.309017,
      "z" : -0.19098301
    }, {
      "x" : 1.0,
      "y" : 0.309017,
      "z" : -0.19098301
    }, {
      "x" : 1.0,
      "y" : 0.309017,
      "z" : 0.19098301
    }, {
      "x" : 7.472136,
      "y" : -0.309017,
      "z" : 0.19098301
    }, {
      "x" : 1.0,
      "y" : -0.309017,
      "z" : 0.19098301
    }, {
      "x" : 1.0,
      "y" : -0.309017,
      "z" : -0.19098301
    }, {
      "x" : 7.472136,
      "y" : -0.309017,
      "z" : -0.19098301
    }, {
      "x" : 8.472136,
      "y" : 0.0,
      "z" : 0.0
    } ],
    "faces" : [ {
      "vertices" : [ 1, 7, 6, 2 ]
    }, {
      "vertices" : [ 0, 1, 2, 3 ]
    }, {
      "vertices" : [ 4, 5, 6, 7 ]
    }, {
      "vertices" : [ 0, 3, 5, 4 ]
    } ]
  }, {
    "id" : "5da1df48-daf3-42b0-b687-d3b87c26cd86",
    "orbit" : "orange",
    "orbitC" : "[[-4,3,5],[3,-1,5]]",
    "length" : "[\"4\",\"6\",\"5\"]",
    "name" : " :4/5 +6/5*phi",
    "vertices" : [ {
      "x" : 1.0,
      "y" : -0.309017,
      "z" : -0.19098301
    }, {
      "x" : 0.809017,
      "y" : 0.0,
      "z" : -0.690983
    }, {
      "x" : 1.0,
      "y" : 0.309017,
      "z" : -0.19098301
    }, {
      "x" : 1.809017,
      "y" : 0.0,
      "z" : -0.309017
    }, {
      "x" : 1.618034,
      "y" : 0.309017,
      "z" : -0.809017
    }, {
      "x" : 2.0,
      "y" : 0.309017,
      "z" : -0.19098301
    }, {
      "x" : 1.809017,
      "y" : 0.618034,
      "z" : -0.690983
    }, {
      "x" : 19.200502,
      "y" : 2.9708204,
      "z" : -5.1159053
    }, {
      "x" : 19.00952,
      "y" : 3.2798374,
      "z" : -5.6159053
    }, {
      "x" : 19.391485,
      "y" : 3.2798374,
      "z" : -4.9978714
    }, {
      "x" : 19.200502,
      "y" : 3.5888543,
      "z" : -5.4978714
    }, {
      "x" : 20.00952,
      "y" : 3.2798374,
      "z" : -5.6159053
    }, {
      "x" : 20.200502,
      "y" : 3.5888543,
      "z" : -5.1159053
    }, {
      "x" : 20.00952,
      "y" : 3.8978715,
      "z" : -5.6159053
    }, {
      "x" : 21.00952,
      "y" : 3.5888543,
      "z" : -5.8068886
    } ],
    "faces" : [ {
      "vertices" : [ 8, 13, 11 ]
    }, {
      "vertices" : [ 2, 5, 9, 10, 6 ]
    }, {
      "vertices" : [ 3, 4, 8, 11, 7 ]
    }, {
      "vertices" : [ 0, 2, 1 ]
    }, {
      "vertices" : [ 11, 13, 12 ]
    }, {
      "vertices" : [ 0, 5, 2 ]
    }, {
      "vertices" : [ 0, 3, 5 ]
    }, {
      "vertices" : [ 0, 1, 4, 3 ]
    }, {
      "vertices" : [ 1, 2, 6 ]
    }, {
      "vertices" : [ 1, 6, 4 ]
    }, {
      "vertices" : [ 9, 12, 13, 10 ]
    }, {
      "vertices" : [ 3, 7, 9, 5 ]
    }, {
      "vertices" : [ 7, 12, 9 ]
    }, {
      "vertices" : [ 4, 6, 10, 8 ]
    }, {
      "vertices" : [ 7, 11, 12 ]
    }, {
      "vertices" : [ 8, 10, 13 ]
    } ]
  }, {
    "id" : "b0984ea5-850e-451d-8526-25fdbcb933bf",
    "orbit" : "orange",
    "orbitC" : "[[-4,3,5],[3,-1,5]]",
    "length" : "[\"4\",\"-2\",\"1\"]",
    "name" : " :4 -2*phi",
    "vertices" : [ {
      "x" : 1.0,
      "y" : -0.309017,
      "z" : -0.19098301
    }, {
      "x" : 0.809017,
      "y" : 0.0,
      "z" : -0.690983
    }, {
      "x" : 1.0,
      "y" : 0.309017,
      "z" : -0.19098301
    }, {
      "x" : 1.809017,
      "y" : 0.0,
      "z" : -0.309017
    }, {
      "x" : 1.618034,
      "y" : 0.309017,
      "z" : -0.809017
    }, {
      "x" : 2.0,
      "y" : 0.309017,
      "z" : -0.19098301
    }, {
      "x" : 1.809017,
      "y" : 0.618034,
      "z" : -0.690983
    }, {
      "x" : 4.045085,
      "y" : 0.38196602,
      "z" : -0.927051
    }, {
      "x" : 3.854102,
      "y" : 0.690983,
      "z" : -1.427051
    }, {
      "x" : 4.236068,
      "y" : 0.690983,
      "z" : -0.809017
    }, {
      "x" : 4.045085,
      "y" : 1.0,
      "z" : -1.309017
    }, {
      "x" : 4.854102,
      "y" : 0.690983,
      "z" : -1.427051
    }, {
      "x" : 5.045085,
      "y" : 1.0,
      "z" : -0.927051
    }, {
      "x" : 4.854102,
      "y" : 1.309017,
      "z" : -1.427051
    }, {
      "x" : 5.854102,
      "y" : 1.0,
      "z" : -1.618034
    } ],
    "faces" : [ {
      "vertices" : [ 8, 13, 11 ]
    }, {
      "vertices" : [ 2, 5, 9, 10, 6 ]
    }, {
      "vertices" : [ 3, 4, 8, 11, 7 ]
    }, {
      "vertices" : [ 0, 2, 1 ]
    }, {
      "vertices" : [ 11, 13, 12 ]
    }, {
      "vertices" : [ 0, 5, 2 ]
    }, {
      "vertices" : [ 0, 3, 5 ]
    }, {
      "vertices" : [ 0, 1, 4, 3 ]
    }, {
      "vertices" : [ 1, 2, 6 ]
    }, {
      "vertices" : [ 1, 6, 4 ]
    }, {
      "vertices" : [ 9, 12, 13, 10 ]
    }, {
      "vertices" : [ 3, 7, 9, 5 ]
    }, {
      "vertices" : [ 7, 12, 9 ]
    }, {
      "vertices" : [ 4, 6, 10, 8 ]
    }, {
      "vertices" : [ 7, 11, 12 ]
    }, {
      "vertices" : [ 8, 10, 13 ]
    } ]
  } ],
  "instances" : [ {
    "shape" : "0f2f915a-ba3c-4573-9f28-b0208720d3f5",
    "color" : "#EB5200",
    "position" : {
      "x" : 8.024922,
      "y" : -29.034441,
      "z" : -4.959675
    },
    "orientation" : 46
  }, {
    "shape" : "66520fb4-3ac5-4aa9-ad54-4cc7642baa2e",
    "color" : "#F2F2F2",
    "position" : {
      "x" : 0.0,
      "y" : 11.708204,
      "z" : 0.0
    }
  }, {
    "shape" : "0f2f915a-ba3c-4573-9f28-b0208720d3f5",
    "color" : "#EB5200",
    "position" : {
      "x" : -21.00952,
      "y" : -17.944271,
      "z" : 12.984597
    },
    "orientation" : 46
  }, {
    "shape" : "e4e272b0-2013-48c8-82e1-a5dbe9380c05",
    "color" : "#008EC2",
    "position" : {
      "x" : -21.00952,
      "y" : 17.944271,
      "z" : 12.984597
    },
    "orientation" : 1
  }, {
    "shape" : "aff163bd-2acc-44d8-b847-843c9ffa4fb9",
    "color" : "#008EC2",
    "position" : {
      "x" : -11.09017,
      "y" : -17.944271,
      "z" : 6.854102
    },
    "orientation" : 23
  }, {
    "shape" : "5da1df48-daf3-42b0-b687-d3b87c26cd86",
    "color" : "#EB5200",
    "position" : {
      "x" : 33.994118,
      "y" : 12.984597,
      "z" : -21.00952
    },
    "orientation" : 24
  }, {
    "shape" : "66520fb4-3ac5-4aa9-ad54-4cc7642baa2e",
    "color" : "#F2F2F2",
    "position" : {
      "x" : -39.801006,
      "y" : 33.994118,
      "z" : 24.598373
    }
  }, {
    "shape" : "0f2f915a-ba3c-4573-9f28-b0208720d3f5",
    "color" : "#EB5200",
    "position" : {
      "x" : -21.00952,
      "y" : 17.944271,
      "z" : 12.984597
    },
    "orientation" : 28
  }, {
    "shape" : "66520fb4-3ac5-4aa9-ad54-4cc7642baa2e",
    "color" : "#F2F2F2",
    "position" : {
      "x" : 0.0,
      "y" : 42.01904,
      "z" : 0.0
    }
  }, {
    "shape" : "e4e272b0-2013-48c8-82e1-a5dbe9380c05",
    "color" : "#008EC2",
    "position" : {
      "x" : -21.00952,
      "y" : -17.944271,
      "z" : 12.984597
    },
    "orientation" : 38
  }, {
    "shape" : "66520fb4-3ac5-4aa9-ad54-4cc7642baa2e",
    "color" : "#F2F2F2",
    "position" : {
      "x" : 0.0,
      "y" : 22.18034,
      "z" : 0.0
    }
  }, {
    "shape" : "aff163bd-2acc-44d8-b847-843c9ffa4fb9",
    "color" : "#008EC2",
    "position" : {
      "x" : 17.944271,
      "y" : 6.854102,
      "z" : -11.09017
    },
    "orientation" : 38
  }, {
    "shape" : "66520fb4-3ac5-4aa9-ad54-4cc7642baa2e",
    "color" : "#F2F2F2",
    "position" : {
      "x" : -11.09017,
      "y" : -9.472136,
      "z" : 6.854102
    }
  }, {
    "shape" : "66520fb4-3ac5-4aa9-ad54-4cc7642baa2e",
    "color" : "#F2F2F2",
    "position" : {
      "x" : -33.994118,
      "y" : -12.984597,
      "z" : 21.00952
    }
  }, {
    "shape" : "66520fb4-3ac5-4aa9-ad54-4cc7642baa2e",
    "color" : "#F2F2F2",
    "position" : {
      "x" : -33.994118,
      "y" : 12.984597,
      "z" : 21.00952
    }
  }, {
    "shape" : "66520fb4-3ac5-4aa9-ad54-4cc7642baa2e",
    "color" : "#F2F2F2",
    "position" : {
      "x" : -21.00952,
      "y" : 33.994118,
      "z" : 12.984597
    }
  }, {
    "shape" : "66520fb4-3ac5-4aa9-ad54-4cc7642baa2e",
    "color" : "#F2F2F2",
    "position" : {
      "x" : -17.944271,
      "y" : 6.854102,
      "z" : 11.09017
    }
  }, {
    "shape" : "b0984ea5-850e-451d-8526-25fdbcb933bf",
    "color" : "#EB5200",
    "position" : {
      "x" : -9.472136,
      "y" : -3.618034,
      "z" : 5.854102
    },
    "orientation" : 43
  }, {
    "shape" : "66520fb4-3ac5-4aa9-ad54-4cc7642baa2e",
    "color" : "#F2F2F2",
    "position" : {
      "x" : -11.09017,
      "y" : 17.944271,
      "z" : 6.854102
    }
  }, {
    "shape" : "66520fb4-3ac5-4aa9-ad54-4cc7642baa2e",
    "color" : "#F2F2F2",
    "position" : {
      "x" : 5.854102,
      "y" : 9.472136,
      "z" : -3.618034
    }
  }, {
    "shape" : "66520fb4-3ac5-4aa9-ad54-4cc7642baa2e",
    "color" : "#F2F2F2",
    "position" : {
      "x" : -9.472136,
      "y" : -3.618034,
      "z" : 5.854102
    }
  }, {
    "shape" : "e4e272b0-2013-48c8-82e1-a5dbe9380c05",
    "color" : "#008EC2",
    "position" : {
      "x" : 21.00952,
      "y" : 17.944271,
      "z" : -12.984597
    },
    "orientation" : 1
  }, {
    "shape" : "66520fb4-3ac5-4aa9-ad54-4cc7642baa2e",
    "color" : "#F2F2F2",
    "position" : {
      "x" : 39.801006,
      "y" : 33.994118,
      "z" : -24.598373
    }
  }, {
    "shape" : "e4e272b0-2013-48c8-82e1-a5dbe9380c05",
    "color" : "#008EC2",
    "position" : {
      "x" : 21.00952,
      "y" : -17.944271,
      "z" : -12.984597
    },
    "orientation" : 16
  }, {
    "shape" : "e4e272b0-2013-48c8-82e1-a5dbe9380c05",
    "color" : "#008EC2",
    "position" : {
      "x" : 8.024922,
      "y" : 29.034441,
      "z" : -4.959675
    },
    "orientation" : 23
  }, {
    "shape" : "66520fb4-3ac5-4aa9-ad54-4cc7642baa2e",
    "color" : "#F2F2F2",
    "position" : {
      "x" : -5.854102,
      "y" : 9.472136,
      "z" : 3.618034
    }
  }, {
    "shape" : "aff163bd-2acc-44d8-b847-843c9ffa4fb9",
    "color" : "#008EC2",
    "position" : {
      "x" : 0.0,
      "y" : -22.18034,
      "z" : 0.0
    },
    "orientation" : 6
  }, {
    "shape" : "aff163bd-2acc-44d8-b847-843c9ffa4fb9",
    "color" : "#008EC2",
    "position" : {
      "x" : 0.0,
      "y" : -22.18034,
      "z" : 0.0
    },
    "orientation" : 51
  }, {
    "shape" : "b0984ea5-850e-451d-8526-25fdbcb933bf",
    "color" : "#EB5200",
    "position" : {
      "x" : 5.854102,
      "y" : 9.472136,
      "z" : -3.618034
    },
    "orientation" : 1
  }, {
    "shape" : "0f2f915a-ba3c-4573-9f28-b0208720d3f5",
    "color" : "#EB5200",
    "position" : {
      "x" : 21.00952,
      "y" : 17.944271,
      "z" : -12.984597
    },
    "orientation" : 43
  }, {
    "shape" : "b0984ea5-850e-451d-8526-25fdbcb933bf",
    "color" : "#EB5200",
    "position" : {
      "x" : 0.0,
      "y" : -11.708204,
      "z" : 0.0
    },
    "orientation" : 39
  }, {
    "shape" : "66520fb4-3ac5-4aa9-ad54-4cc7642baa2e",
    "color" : "#F2F2F2",
    "position" : {
      "x" : 25.969194,
      "y" : 0.0,
      "z" : -16.049845
    }
  }, {
    "shape" : "5da1df48-daf3-42b0-b687-d3b87c26cd86",
    "color" : "#EB5200",
    "position" : {
      "x" : -33.994118,
      "y" : 12.984597,
      "z" : 21.00952
    },
    "orientation" : 1
  }, {
    "shape" : "5da1df48-daf3-42b0-b687-d3b87c26cd86",
    "color" : "#EB5200",
    "position" : {
      "x" : 21.00952,
      "y" : -33.994118,
      "z" : -12.984597
    },
    "orientation" : 43
  }, {
    "shape" : "0f2f915a-ba3c-4573-9f28-b0208720d3f5",
    "color" : "#EB5200",
    "position" : {
      "x" : 21.00952,
      "y" : 17.944271,
      "z" : -12.984597
    },
    "orientation" : 38
  }, {
    "shape" : "e4e272b0-2013-48c8-82e1-a5dbe9380c05",
    "color" : "#008EC2",
    "position" : {
      "x" : -25.969194,
      "y" : 0.0,
      "z" : 16.049845
    },
    "orientation" : 51
  }, {
    "shape" : "66520fb4-3ac5-4aa9-ad54-4cc7642baa2e",
    "color" : "#F2F2F2",
    "position" : {
      "x" : 15.202631,
      "y" : 55.003635,
      "z" : -9.395742
    }
  }, {
    "shape" : "66520fb4-3ac5-4aa9-ad54-4cc7642baa2e",
    "color" : "#F2F2F2",
    "position" : {
      "x" : 21.00952,
      "y" : -17.944271,
      "z" : -12.984597
    }
  }, {
    "shape" : "aff163bd-2acc-44d8-b847-843c9ffa4fb9",
    "color" : "#008EC2",
    "position" : {
      "x" : -11.09017,
      "y" : -17.944271,
      "z" : 6.854102
    },
    "orientation" : 1
  }, {
    "shape" : "66520fb4-3ac5-4aa9-ad54-4cc7642baa2e",
    "color" : "#F2F2F2",
    "position" : {
      "x" : 17.944271,
      "y" : 6.854102,
      "z" : -11.09017
    }
  }, {
    "shape" : "5da1df48-daf3-42b0-b687-d3b87c26cd86",
    "color" : "#EB5200",
    "position" : {
      "x" : 33.994118,
      "y" : -12.984597,
      "z" : -21.00952
    },
    "orientation" : 3
  }, {
    "shape" : "b0984ea5-850e-451d-8526-25fdbcb933bf",
    "color" : "#EB5200",
    "position" : {
      "x" : -5.854102,
      "y" : 9.472136,
      "z" : 3.618034
    },
    "orientation" : 46
  }, {
    "shape" : "66520fb4-3ac5-4aa9-ad54-4cc7642baa2e",
    "color" : "#F2F2F2",
    "position" : {
      "x" : 11.09017,
      "y" : 17.944271,
      "z" : -6.854102
    }
  }, {
    "shape" : "b0984ea5-850e-451d-8526-25fdbcb933bf",
    "color" : "#EB5200",
    "position" : {
      "x" : -9.472136,
      "y" : 3.618034,
      "z" : 5.854102
    },
    "orientation" : 39
  }, {
    "shape" : "66520fb4-3ac5-4aa9-ad54-4cc7642baa2e",
    "color" : "#F2F2F2",
    "position" : {
      "x" : 8.024922,
      "y" : 29.034441,
      "z" : -4.959675
    }
  }, {
    "shape" : "66520fb4-3ac5-4aa9-ad54-4cc7642baa2e",
    "color" : "#F2F2F2",
    "position" : {
      "x" : -4.236068,
      "y" : 15.326238,
      "z" : 2.618034
    }
  }, {
    "shape" : "e4e272b0-2013-48c8-82e1-a5dbe9380c05",
    "color" : "#008EC2",
    "position" : {
      "x" : 25.969194,
      "y" : 0.0,
      "z" : -16.049845
    },
    "orientation" : 24
  }, {
    "shape" : "e4e272b0-2013-48c8-82e1-a5dbe9380c05",
    "color" : "#008EC2",
    "position" : {
      "x" : -8.024922,
      "y" : -29.034441,
      "z" : 4.959675
    },
    "orientation" : 24
  }, {
    "shape" : "66520fb4-3ac5-4aa9-ad54-4cc7642baa2e",
    "color" : "#F2F2F2",
    "position" : {
      "x" : 39.801006,
      "y" : -33.994118,
      "z" : -24.598373
    }
  }, {
    "shape" : "5da1df48-daf3-42b0-b687-d3b87c26cd86",
    "color" : "#EB5200",
    "position" : {
      "x" : 21.00952,
      "y" : 33.994118,
      "z" : -12.984597
    },
    "orientation" : 1
  }, {
    "shape" : "b0984ea5-850e-451d-8526-25fdbcb933bf",
    "color" : "#EB5200",
    "position" : {
      "x" : 5.854102,
      "y" : -9.472136,
      "z" : -3.618034
    },
    "orientation" : 43
  }, {
    "shape" : "66520fb4-3ac5-4aa9-ad54-4cc7642baa2e",
    "color" : "#F2F2F2",
    "position" : {
      "x" : 4.236068,
      "y" : 15.326238,
      "z" : -2.618034
    }
  }, {
    "shape" : "0f2f915a-ba3c-4573-9f28-b0208720d3f5",
    "color" : "#EB5200",
    "position" : {
      "x" : -8.024922,
      "y" : -29.034441,
      "z" : 4.959675
    },
    "orientation" : 1
  }, {
    "shape" : "66520fb4-3ac5-4aa9-ad54-4cc7642baa2e",
    "color" : "#F2F2F2",
    "position" : {
      "x" : 4.236068,
      "y" : -15.326238,
      "z" : -2.618034
    }
  }, {
    "shape" : "aff163bd-2acc-44d8-b847-843c9ffa4fb9",
    "color" : "#008EC2",
    "position" : {
      "x" : -11.09017,
      "y" : 17.944271,
      "z" : 6.854102
    },
    "orientation" : 26
  }, {
    "shape" : "aff163bd-2acc-44d8-b847-843c9ffa4fb9",
    "color" : "#008EC2",
    "position" : {
      "x" : 17.944271,
      "y" : 6.854102,
      "z" : -11.09017
    },
    "orientation" : 39
  }, {
    "shape" : "66520fb4-3ac5-4aa9-ad54-4cc7642baa2e",
    "color" : "#F2F2F2",
    "position" : {
      "x" : -11.09017,
      "y" : 9.472136,
      "z" : 6.854102
    }
  }, {
    "shape" : "e4e272b0-2013-48c8-82e1-a5dbe9380c05",
    "color" : "#008EC2",
    "position" : {
      "x" : 8.024922,
      "y" : 29.034441,
      "z" : -4.959675
    },
    "orientation" : 51
  }, {
    "shape" : "66520fb4-3ac5-4aa9-ad54-4cc7642baa2e",
    "color" : "#F2F2F2",
    "position" : {
      "x" : 11.09017,
      "y" : 9.472136,
      "z" : -6.854102
    }
  }, {
    "shape" : "5da1df48-daf3-42b0-b687-d3b87c26cd86",
    "color" : "#EB5200",
    "position" : {
      "x" : -21.00952,
      "y" : 33.994118,
      "z" : 12.984597
    },
    "orientation" : 38
  }, {
    "shape" : "66520fb4-3ac5-4aa9-ad54-4cc7642baa2e",
    "color" : "#F2F2F2",
    "position" : {
      "x" : 33.994118,
      "y" : -12.984597,
      "z" : -21.00952
    }
  }, {
    "shape" : "5da1df48-daf3-42b0-b687-d3b87c26cd86",
    "color" : "#EB5200",
    "position" : {
      "x" : 0.0,
      "y" : -42.01904,
      "z" : 0.0
    },
    "orientation" : 39
  }, {
    "shape" : "5da1df48-daf3-42b0-b687-d3b87c26cd86",
    "color" : "#EB5200",
    "position" : {
      "x" : 33.994118,
      "y" : 12.984597,
      "z" : -21.00952
    },
    "orientation" : 46
  }, {
    "shape" : "66520fb4-3ac5-4aa9-ad54-4cc7642baa2e",
    "color" : "#F2F2F2",
    "position" : {
      "x" : 11.09017,
      "y" : -9.472136,
      "z" : -6.854102
    }
  }, {
    "shape" : "5da1df48-daf3-42b0-b687-d3b87c26cd86",
    "color" : "#EB5200",
    "position" : {
      "x" : -21.00952,
      "y" : -33.994118,
      "z" : 12.984597
    },
    "orientation" : 38
  }, {
    "shape" : "0f2f915a-ba3c-4573-9f28-b0208720d3f5",
    "color" : "#EB5200",
    "position" : {
      "x" : -25.969194,
      "y" : 0.0,
      "z" : 16.049845
    },
    "orientation" : 3
  }, {
    "shape" : "66520fb4-3ac5-4aa9-ad54-4cc7642baa2e",
    "color" : "#F2F2F2",
    "position" : {
      "x" : -8.024922,
      "y" : -29.034441,
      "z" : 4.959675
    }
  }, {
    "shape" : "0f2f915a-ba3c-4573-9f28-b0208720d3f5",
    "color" : "#EB5200",
    "position" : {
      "x" : -21.00952,
      "y" : 17.944271,
      "z" : 12.984597
    },
    "orientation" : 23
  }, {
    "shape" : "aff163bd-2acc-44d8-b847-843c9ffa4fb9",
    "color" : "#008EC2",
    "position" : {
      "x" : 11.09017,
      "y" : -17.944271,
      "z" : -6.854102
    },
    "orientation" : 38
  }, {
    "shape" : "e4e272b0-2013-48c8-82e1-a5dbe9380c05",
    "color" : "#008EC2",
    "position" : {
      "x" : 8.024922,
      "y" : -29.034441,
      "z" : -4.959675
    },
    "orientation" : 39
  }, {
    "shape" : "0f2f915a-ba3c-4573-9f28-b0208720d3f5",
    "color" : "#EB5200",
    "position" : {
      "x" : 25.969194,
      "y" : 0.0,
      "z" : -16.049845
    },
    "orientation" : 39
  }, {
    "shape" : "e4e272b0-2013-48c8-82e1-a5dbe9380c05",
    "color" : "#008EC2",
    "position" : {
      "x" : 21.00952,
      "y" : 17.944271,
      "z" : -12.984597
    },
    "orientation" : 26
  }, {
    "shape" : "5da1df48-daf3-42b0-b687-d3b87c26cd86",
    "color" : "#EB5200",
    "position" : {
      "x" : 21.00952,
      "y" : -33.994118,
      "z" : -12.984597
    },
    "orientation" : 23
  }, {
    "shape" : "66520fb4-3ac5-4aa9-ad54-4cc7642baa2e",
    "color" : "#F2F2F2",
    "position" : {
      "x" : -8.024922,
      "y" : 29.034441,
      "z" : 4.959675
    }
  }, {
    "shape" : "0f2f915a-ba3c-4573-9f28-b0208720d3f5",
    "color" : "#EB5200",
    "position" : {
      "x" : 21.00952,
      "y" : -17.944271,
      "z" : -12.984597
    },
    "orientation" : 1
  }, {
    "shape" : "66520fb4-3ac5-4aa9-ad54-4cc7642baa2e",
    "color" : "#F2F2F2",
    "position" : {
      "x" : 17.944271,
      "y" : -6.854102,
      "z" : -11.09017
    }
  }, {
    "shape" : "66520fb4-3ac5-4aa9-ad54-4cc7642baa2e",
    "color" : "#F2F2F2",
    "position" : {
      "x" : -4.236068,
      "y" : -15.326238,
      "z" : 2.618034
    }
  }, {
