{
  "polygons" : "true",
  "field" : "golden",
  "symmetry" : "icosahedral",
  "orientations" : [ [ 1.0, 0.0, 0.0, 0.0, 0.0, 1.0, 0.0, 0.0, 0.0, 0.0, 1.0, 0.0, 0.0, 0.0, 0.0, 1.0 ], [ 0.0, 0.0, 1.0, 0.0, 1.0, 0.0, 0.0, 0.0, 0.0, 1.0, 0.0, 0.0, 0.0, 0.0, 0.0, 1.0 ], [ 0.0, 1.0, 0.0, 0.0, 0.0, 0.0, 1.0, 0.0, 1.0, 0.0, 0.0, 0.0, 0.0, 0.0, 0.0, 1.0 ], [ 0.809017, 0.309017, 0.5, 0.0, 0.309017, 0.5, -0.809017, 0.0, -0.5, 0.809017, 0.309017, 0.0, 0.0, 0.0, 0.0, 1.0 ], [ -0.5, 0.809017, 0.309017, 0.0, 0.809017, 0.309017, 0.5, 0.0, 0.309017, 0.5, -0.809017, 0.0, 0.0, 0.0, 0.0, 1.0 ], [ 0.309017, 0.5, -0.809017, 0.0, -0.5, 0.809017, 0.309017, 0.0, 0.809017, 0.309017, 0.5, 0.0, 0.0, 0.0, 0.0, 1.0 ], [ 0.5, 0.809017, 0.309017, 0.0, 0.809017, -0.309017, -0.5, 0.0, -0.309017, 0.5, -0.809017, 0.0, 0.0, 0.0, 0.0, 1.0 ], [ -0.309017, 0.5, -0.809017, 0.0, 0.5, 0.809017, 0.309017, 0.0, 0.809017, -0.309017, -0.5, 0.0, 0.0, 0.0, 0.0, 1.0 ], [ 0.809017, -0.309017, -0.5, 0.0, -0.309017, 0.5, -0.809017, 0.0, 0.5, 0.809017, 0.309017, 0.0, 0.0, 0.0, 0.0, 1.0 ], [ 0.5, 0.809017, -0.309017, 0.0, 0.809017, -0.309017, 0.5, 0.0, 0.309017, -0.5, -0.809017, 0.0, 0.0, 0.0, 0.0, 1.0 ], [ 0.309017, -0.5, -0.809017, 0.0, 0.5, 0.809017, -0.309017, 0.0, 0.809017, -0.309017, 0.5, 0.0, 0.0, 0.0, 0.0, 1.0 ], [ 0.809017, -0.309017, 0.5, 0.0, 0.309017, -0.5, -0.809017, 0.0, 0.5, 0.809017, -0.309017, 0.0, 0.0, 0.0, 0.0, 1.0 ], [ 0.809017, 0.309017, -0.5, 0.0, 0.309017, 0.5, 0.809017, 0.0, 0.5, -0.809017, 0.309017, 0.0, 0.0, 0.0, 0.0, 1.0 ], [ 0.5, -0.809017, 0.309017, 0.0, 0.809017, 0.309017, -0.5, 0.0, 0.309017, 0.5, 0.809017, 0.0, 0.0, 0.0, 0.0, 1.0 ], [ 0.309017, 0.5, 0.809017, 0.0, 0.5, -0.809017, 0.309017, 0.0, 0.809017, 0.309017, -0.5, 0.0, 0.0, 0.0, 0.0, 1.0 ], [ 1.0, 0.0, 0.0, 0.0, 0.0, -1.0, 0.0, 0.0, 0.0, 0.0, -1.0, 0.0, 0.0, 0.0, 0.0, 1.0 ], [ 0.0, 0.0, 1.0, 0.0, -1.0, 0.0, 0.0, 0.0, 0.0, -1.0, 0.0, 0.0, 0.0, 0.0, 0.0, 1.0 ], [ 0.0, 1.0, 0.0, 0.0, 0.0, 0.0, -1.0, 0.0, -1.0, 0.0, 0.0, 0.0, 0.0, 0.0, 0.0, 1.0 ], [ 0.809017, 0.309017, 0.5, 0.0, -0.309017, -0.5, 0.809017, 0.0, 0.5, -0.809017, -0.309017, 0.0, 0.0, 0.0, 0.0, 1.0 ], [ -0.5, 0.809017, 0.309017, 0.0, -0.809017, -0.309017, -0.5, 0.0, -0.309017, -0.5, 0.809017, 0.0, 0.0, 0.0, 0.0, 1.0 ], [ 0.309017, 0.5, -0.809017, 0.0, 0.5, -0.809017, -0.309017, 0.0, -0.809017, -0.309017, -0.5, 0.0, 0.0, 0.0, 0.0, 1.0 ], [ 0.5, 0.809017, 0.309017, 0.0, -0.809017, 0.309017, 0.5, 0.0, 0.309017, -0.5, 0.809017, 0.0, 0.0, 0.0, 0.0, 1.0 ], [ -0.309017, 0.5, -0.809017, 0.0, -0.5, -0.809017, -0.309017, 0.0, -0.809017, 0.309017, 0.5, 0.0, 0.0, 0.0, 0.0, 1.0 ], [ 0.809017, -0.309017, -0.5, 0.0, 0.309017, -0.5, 0.809017, 0.0, -0.5, -0.809017, -0.309017, 0.0, 0.0, 0.0, 0.0, 1.0 ], [ 0.5, 0.809017, -0.309017, 0.0, -0.809017, 0.309017, -0.5, 0.0, -0.309017, 0.5, 0.809017, 0.0, 0.0, 0.0, 0.0, 1.0 ], [ 0.309017, -0.5, -0.809017, 0.0, -0.5, -0.809017, 0.309017, 0.0, -0.809017, 0.309017, -0.5, 0.0, 0.0, 0.0, 0.0, 1.0 ], [ 0.809017, -0.309017, 0.5, 0.0, -0.309017, 0.5, 0.809017, 0.0, -0.5, -0.809017, 0.309017, 0.0, 0.0, 0.0, 0.0, 1.0 ], [ 0.809017, 0.309017, -0.5, 0.0, -0.309017, -0.5, -0.809017, 0.0, -0.5, 0.809017, -0.309017, 0.0, 0.0, 0.0, 0.0, 1.0 ], [ 0.5, -0.809017, 0.309017, 0.0, -0.809017, -0.309017, 0.5, 0.0, -0.309017, -0.5, -0.809017, 0.0, 0.0, 0.0, 0.0, 1.0 ], [ 0.309017, 0.5, 0.809017, 0.0, -0.5, 0.809017, -0.309017, 0.0, -0.809017, -0.309017, 0.5, 0.0, 0.0, 0.0, 0.0, 1.0 ], [ -1.0, 0.0, 0.0, 0.0, 0.0, -1.0, 0.0, 0.0, 0.0, 0.0, 1.0, 0.0, 0.0, 0.0, 0.0, 1.0 ], [ 0.0, 0.0, -1.0, 0.0, -1.0, 0.0, 0.0, 0.0, 0.0, 1.0, 0.0, 0.0, 0.0, 0.0, 0.0, 1.0 ], [ 0.0, -1.0, 0.0, 0.0, 0.0, 0.0, -1.0, 0.0, 1.0, 0.0, 0.0, 0.0, 0.0, 0.0, 0.0, 1.0 ], [ -0.809017, -0.309017, -0.5, 0.0, -0.309017, -0.5, 0.809017, 0.0, -0.5, 0.809017, 0.309017, 0.0, 0.0, 0.0, 0.0, 1.0 ], [ 0.5, -0.809017, -0.309017, 0.0, -0.809017, -0.309017, -0.5, 0.0, 0.309017, 0.5, -0.809017, 0.0, 0.0, 0.0, 0.0, 1.0 ], [ -0.309017, -0.5, 0.809017, 0.0, 0.5, -0.809017, -0.309017, 0.0, 0.809017, 0.309017, 0.5, 0.0, 0.0, 0.0, 0.0, 1.0 ], [ -0.5, -0.809017, -0.309017, 0.0, -0.809017, 0.309017, 0.5, 0.0, -0.309017, 0.5, -0.809017, 0.0, 0.0, 0.0, 0.0, 1.0 ], [ 0.309017, -0.5, 0.809017, 0.0, -0.5, -0.809017, -0.309017, 0.0, 0.809017, -0.309017, -0.5, 0.0, 0.0, 0.0, 0.0, 1.0 ], [ -0.809017, 0.309017, 0.5, 0.0, 0.309017, -0.5, 0.809017, 0.0, 0.5, 0.809017, 0.309017, 0.0, 0.0, 0.0, 0.0, 1.0 ], [ -0.5, -0.809017, 0.309017, 0.0, -0.809017, 0.309017, -0.5, 0.0, 0.309017, -0.5, -0.809017, 0.0, 0.0, 0.0, 0.0, 1.0 ], [ -0.309017, 0.5, 0.809017, 0.0, -0.5, -0.809017, 0.309017, 0.0, 0.809017, -0.309017, 0.5, 0.0, 0.0, 0.0, 0.0, 1.0 ], [ -0.809017, 0.309017, -0.5, 0.0, -0.309017, 0.5, 0.809017, 0.0, 0.5, 0.809017, -0.309017, 0.0, 0.0, 0.0, 0.0, 1.0 ], [ -0.809017, -0.309017, 0.5, 0.0, -0.309017, -0.5, -0.809017, 0.0, 0.5, -0.809017, 0.309017, 0.0, 0.0, 0.0, 0.0, 1.0 ], [ -0.5, 0.809017, -0.309017, 0.0, -0.809017, -0.309017, 0.5, 0.0, 0.309017, 0.5, 0.809017, 0.0, 0.0, 0.0, 0.0, 1.0 ], [ -0.309017, -0.5, -0.809017, 0.0, -0.5, 0.809017, -0.309017, 0.0, 0.809017, 0.309017, -0.5, 0.0, 0.0, 0.0, 0.0, 1.0 ], [ -1.0, 0.0, 0.0, 0.0, 0.0, 1.0, 0.0, 0.0, 0.0, 0.0, -1.0, 0.0, 0.0, 0.0, 0.0, 1.0 ], [ 0.0, 0.0, -1.0, 0.0, 1.0, 0.0, 0.0, 0.0, 0.0, -1.0, 0.0, 0.0, 0.0, 0.0, 0.0, 1.0 ], [ 0.0, -1.0, 0.0, 0.0, 0.0, 0.0, 1.0, 0.0, -1.0, 0.0, 0.0, 0.0, 0.0, 0.0, 0.0, 1.0 ], [ -0.809017, -0.309017, -0.5, 0.0, 0.309017, 0.5, -0.809017, 0.0, 0.5, -0.809017, -0.309017, 0.0, 0.0, 0.0, 0.0, 1.0 ], [ 0.5, -0.809017, -0.309017, 0.0, 0.809017, 0.309017, 0.5, 0.0, -0.309017, -0.5, 0.809017, 0.0, 0.0, 0.0, 0.0, 1.0 ], [ -0.309017, -0.5, 0.809017, 0.0, -0.5, 0.809017, 0.309017, 0.0, -0.809017, -0.309017, -0.5, 0.0, 0.0, 0.0, 0.0, 1.0 ], [ -0.5, -0.809017, -0.309017, 0.0, 0.809017, -0.309017, -0.5, 0.0, 0.309017, -0.5, 0.809017, 0.0, 0.0, 0.0, 0.0, 1.0 ], [ 0.309017, -0.5, 0.809017, 0.0, 0.5, 0.809017, 0.309017, 0.0, -0.809017, 0.309017, 0.5, 0.0, 0.0, 0.0, 0.0, 1.0 ], [ -0.809017, 0.309017, 0.5, 0.0, -0.309017, 0.5, -0.809017, 0.0, -0.5, -0.809017, -0.309017, 0.0, 0.0, 0.0, 0.0, 1.0 ], [ -0.5, -0.809017, 0.309017, 0.0, 0.809017, -0.309017, 0.5, 0.0, -0.309017, 0.5, 0.809017, 0.0, 0.0, 0.0, 0.0, 1.0 ], [ -0.309017, 0.5, 0.809017, 0.0, 0.5, 0.809017, -0.309017, 0.0, -0.809017, 0.309017, -0.5, 0.0, 0.0, 0.0, 0.0, 1.0 ], [ -0.809017, 0.309017, -0.5, 0.0, 0.309017, -0.5, -0.809017, 0.0, -0.5, -0.809017, 0.309017, 0.0, 0.0, 0.0, 0.0, 1.0 ], [ -0.809017, -0.309017, 0.5, 0.0, 0.309017, 0.5, 0.809017, 0.0, -0.5, 0.809017, -0.309017, 0.0, 0.0, 0.0, 0.0, 1.0 ], [ -0.5, 0.809017, -0.309017, 0.0, 0.809017, 0.309017, -0.5, 0.0, -0.309017, -0.5, -0.809017, 0.0, 0.0, 0.0, 0.0, 1.0 ], [ -0.309017, -0.5, -0.809017, 0.0, 0.5, -0.809017, 0.309017, 0.0, -0.809017, -0.309017, 0.5, 0.0, 0.0, 0.0, 0.0, 1.0 ] ],
  "lights" : {
    "ambientColor" : "#292929",
    "directionalLights" : [ {
      "direction" : [ 1.0, -1.0, -1.0 ],
      "color" : "#EBEBE4"
    }, {
      "direction" : [ -1.0, 0.0, 0.0 ],
      "color" : "#E4E4EB"
    }, {
      "direction" : [ 0.0, 0.0, -1.0 ],
      "color" : "#1E1E1E"
    } ],
    "backgroundColor" : "#AFC8DC"
  },
  "camera" : {
    "upDirectionRV" : {
      "x" : -0.013326522,
      "y" : 0.9992939,
      "z" : -0.035155505,
      "zero" : false
    },
    "perspective" : true,
    "fieldOfView" : 0.44262892,
    "viewDistance" : 162.208,
    "lookAtPointRV" : {
      "x" : 0.0,
      "y" : 0.0,
      "z" : 0.0,
      "zero" : true
    },
    "lookDirectionRV" : {
      "x" : 0.83264065,
      "y" : -0.108062774,
      "z" : -0.54280055,
      "zero" : false
    },
    "nearClipDistance" : 0.40552005,
    "farClipDistance" : 324.41608,
    "lookDirection" : {
      "x" : 0.83264065,
      "y" : -0.108062774,
      "z" : -0.54280055
    },
    "lookAtPoint" : {
      "x" : 0.0,
      "y" : 0.0,
      "z" : 0.0
    },
    "upDirection" : {
      "x" : -0.013326522,
      "y" : 0.9992939,
      "z" : -0.035155505
    },
    "stereo" : false,
    "width" : 72.99361,
    "position" : {
      "x" : -135.06097,
      "y" : 17.528646,
      "z" : 88.046585
    }
  },
  "embedding" : [ 1.0, 0.0, 0.0, 0.0, 0.0, 1.0, 0.0, 0.0, 0.0, 0.0, 1.0, 0.0, 0.0, 0.0, 0.0, 1.0 ],
  "shapes" : [ {
    "id" : "04b78217-d347-4697-9788-dabeb131981f",
    "name" : "ball",
    "vertices" : [ {
      "x" : 0.309017,
      "y" : -0.809017,
      "z" : 0.618034
    }, {
      "x" : 0.809017,
      "y" : -0.618034,
      "z" : 0.309017
    }, {
      "x" : 0.618034,
      "y" : -0.309017,
      "z" : 0.809017
    }, {
      "x" : 1.0,
      "y" : 0.309017,
      "z" : 0.19098301
    }, {
      "x" : 0.809017,
      "y" : 0.618034,
      "z" : 0.309017
    }, {
      "x" : 0.618034,
      "y" : 0.309017,
      "z" : 0.809017
    }, {
      "x" : 0.809017,
      "y" : 0.0,
      "z" : 0.690983
    }, {
      "x" : 0.19098301,
      "y" : -1.0,
      "z" : 0.309017
    }, {
      "x" : -0.19098301,
      "y" : -1.0,
      "z" : 0.309017
    }, {
      "x" : -0.19098301,
      "y" : -1.0,
      "z" : -0.309017
    }, {
      "x" : 0.19098301,
      "y" : -1.0,
      "z" : -0.309017
    }, {
      "x" : 1.0,
      "y" : -0.309017,
      "z" : -0.19098301
    }, {
      "x" : 0.809017,
      "y" : -0.618034,
      "z" : -0.309017
    }, {
      "x" : 0.618034,
      "y" : -0.309017,
      "z" : -0.809017
    }, {
      "x" : 0.809017,
      "y" : 0.0,
      "z" : -0.690983
    }, {
      "x" : 0.0,
      "y" : 0.690983,
      "z" : -0.809017
    }, {
      "x" : 0.309017,
      "y" : 0.809017,
      "z" : -0.618034
    }, {
      "x" : 0.618034,
      "y" : 0.309017,
      "z" : -0.809017
    }, {
      "x" : 0.309017,
      "y" : 0.19098301,
      "z" : -1.0
    }, {
      "x" : 1.0,
      "y" : 0.309017,
      "z" : -0.19098301
    }, {
      "x" : -0.309017,
      "y" : -0.809017,
      "z" : 0.618034
    }, {
      "x" : 0.0,
      "y" : -0.690983,
      "z" : 0.809017
    }, {
      "x" : 0.809017,
      "y" : 0.618034,
      "z" : -0.309017
    }, {
      "x" : 0.690983,
      "y" : 0.809017,
      "z" : 0.0
    }, {
      "x" : -0.690983,
      "y" : 0.809017,
      "z" : 0.0
    }, {
      "x" : -0.809017,
      "y" : 0.618034,
      "z" : 0.309017
    }, {
      "x" : -0.309017,
      "y" : 0.809017,
      "z" : 0.618034
    }, {
      "x" : -0.19098301,
      "y" : 1.0,
      "z" : 0.309017
    }, {
      "x" : 0.309017,
      "y" : -0.19098301,
      "z" : -1.0
    }, {
      "x" : 0.19098301,
      "y" : 1.0,
      "z" : 0.309017
    }, {
      "x" : 0.309017,
      "y" : 0.809017,
      "z" : 0.618034
    }, {
      "x" : -0.809017,
      "y" : -0.618034,
      "z" : 0.309017
    }, {
      "x" : -0.690983,
      "y" : -0.809017,
      "z" : 0.0
    }, {
      "x" : 0.0,
      "y" : 0.690983,
      "z" : 0.809017
    }, {
      "x" : 0.309017,
      "y" : -0.809017,
      "z" : -0.618034
    }, {
      "x" : 0.0,
      "y" : -0.690983,
      "z" : -0.809017
    }, {
      "x" : -1.0,
      "y" : 0.309017,
      "z" : 0.19098301
    }, {
      "x" : -0.809017,
      "y" : 0.0,
      "z" : 0.690983
    }, {
      "x" : -0.618034,
      "y" : 0.309017,
      "z" : 0.809017
    }, {
      "x" : 1.0,
      "y" : -0.309017,
      "z" : 0.19098301
    }, {
      "x" : -0.309017,
      "y" : -0.809017,
      "z" : -0.618034
    }, {
      "x" : -1.0,
      "y" : 0.309017,
      "z" : -0.19098301
    }, {
      "x" : -1.0,
      "y" : -0.309017,
      "z" : -0.19098301
    }, {
      "x" : -1.0,
      "y" : -0.309017,
      "z" : 0.19098301
    }, {
      "x" : 0.19098301,
      "y" : 1.0,
      "z" : -0.309017
    }, {
      "x" : -0.809017,
      "y" : 0.618034,
      "z" : -0.309017
    }, {
      "x" : -0.19098301,
      "y" : 1.0,
      "z" : -0.309017
    }, {
      "x" : -0.309017,
      "y" : 0.809017,
      "z" : -0.618034
    }, {
      "x" : -0.618034,
      "y" : -0.309017,
      "z" : 0.809017
    }, {
      "x" : 0.309017,
      "y" : 0.19098301,
      "z" : 1.0
    }, {
      "x" : -0.309017,
      "y" : 0.19098301,
      "z" : -1.0
    }, {
      "x" : -0.309017,
      "y" : 0.19098301,
      "z" : 1.0
    }, {
      "x" : -0.309017,
      "y" : -0.19098301,
      "z" : 1.0
    }, {
      "x" : 0.309017,
      "y" : -0.19098301,
      "z" : 1.0
    }, {
      "x" : 0.690983,
      "y" : -0.809017,
      "z" : 0.0
    }, {
      "x" : -0.809017,
      "y" : 0.0,
      "z" : -0.690983
    }, {
      "x" : -0.618034,
      "y" : -0.309017,
      "z" : -0.809017
    }, {
      "x" : -0.309017,
      "y" : -0.19098301,
      "z" : -1.0
    }, {
      "x" : -0.618034,
      "y" : 0.309017,
      "z" : -0.809017
    }, {
      "x" : -0.809017,
      "y" : -0.618034,
      "z" : -0.309017
    } ],
    "faces" : [ {
      "vertices" : [ 9, 40, 35, 34, 10 ]
    }, {
      "vertices" : [ 0, 1, 2 ]
    }, {
      "vertices" : [ 33, 51, 49 ]
    }, {
      "vertices" : [ 25, 36, 37, 38 ]
    }, {
      "vertices" : [ 41, 55, 42 ]
    }, {
      "vertices" : [ 9, 32, 59, 40 ]
    }, {
      "vertices" : [ 20, 21, 52, 48 ]
    }, {
      "vertices" : [ 26, 33, 30, 29, 27 ]
    }, {
      "vertices" : [ 3, 4, 5, 6 ]
    }, {
      "vertices" : [ 27, 29, 44, 46 ]
    }, {
      "vertices" : [ 50, 57, 56, 55, 58 ]
    }, {
      "vertices" : [ 26, 38, 51, 33 ]
    }, {
      "vertices" : [ 45, 47, 58 ]
    }, {
      "vertices" : [ 18, 28, 57, 50 ]
    }, {
      "vertices" : [ 40, 59, 56 ]
    }, {
      "vertices" : [ 31, 48, 37, 43 ]
    }, {
      "vertices" : [ 7, 8, 9, 10 ]
    }, {
      "vertices" : [ 36, 41, 42, 43 ]
    }, {
      "vertices" : [ 24, 46, 47, 45 ]
    }, {
      "vertices" : [ 4, 30, 5 ]
    }, {
      "vertices" : [ 15, 47, 46, 44, 16 ]
    }, {
      "vertices" : [ 15, 50, 58, 47 ]
    }, {
      "vertices" : [ 24, 45, 41, 36, 25 ]
    }, {
      "vertices" : [ 11, 14, 19 ]
    }, {
      "vertices" : [ 3, 6, 39 ]
    }, {
      "vertices" : [ 1, 39, 6, 2 ]
    }, {
      "vertices" : [ 8, 32, 9 ]
    }, {
      "vertices" : [ 11, 12, 13, 14 ]
    }, {
      "vertices" : [ 16, 22, 17 ]
    }, {
      "vertices" : [ 0, 21, 20, 8, 7 ]
    }, {
      "vertices" : [ 12, 34, 13 ]
    }, {
      "vertices" : [ 35, 40, 56, 57 ]
    }, {
      "vertices" : [ 0, 7, 54, 1 ]
    }, {
      "vertices" : [ 15, 16, 17, 18 ]
    }, {
      "vertices" : [ 3, 19, 22, 23, 4 ]
    }, {
      "vertices" : [ 7, 10, 54 ]
    }, {
      "vertices" : [ 41, 45, 58, 55 ]
    }, {
      "vertices" : [ 3, 39, 11, 19 ]
    }, {
      "vertices" : [ 14, 17, 22, 19 ]
    }, {
      "vertices" : [ 0, 2, 53, 21 ]
    }, {
      "vertices" : [ 49, 51, 52, 53 ]
    }, {
      "vertices" : [ 31, 43, 42, 59, 32 ]
    }, {
      "vertices" : [ 15, 18, 50 ]
    }, {
      "vertices" : [ 42, 55, 56, 59 ]
    }, {
      "vertices" : [ 4, 23, 29, 30 ]
    }, {
      "vertices" : [ 25, 38, 26 ]
    }, {
      "vertices" : [ 13, 28, 18, 17, 14 ]
    }, {
      "vertices" : [ 8, 20, 31, 32 ]
    }, {
      "vertices" : [ 23, 44, 29 ]
    }, {
      "vertices" : [ 24, 27, 46 ]
    }, {
      "vertices" : [ 37, 48, 52, 51, 38 ]
    }, {
      "vertices" : [ 20, 48, 31 ]
    }, {
      "vertices" : [ 24, 25, 26, 27 ]
    }, {
      "vertices" : [ 16, 44, 23, 22 ]
    }, {
      "vertices" : [ 13, 34, 35, 28 ]
    }, {
      "vertices" : [ 10, 34, 12, 54 ]
    }, {
      "vertices" : [ 2, 6, 5, 49, 53 ]
    }, {
      "vertices" : [ 36, 43, 37 ]
    }, {
      "vertices" : [ 5, 30, 33, 49 ]
    }, {
      "vertices" : [ 1, 54, 12, 11, 39 ]
    }, {
      "vertices" : [ 28, 35, 57 ]
    }, {
      "vertices" : [ 21, 53, 52 ]
    } ]
  }, {
    "id" : "9b786197-10ce-4f02-9105-35b60b6aaa6e",
    "orbit" : "blue",
    "orbitC" : "[[0,0,1],[0,0,1]]",
    "length" : "[1,0,1]",
    "name" : "b1",
    "vertices" : [ {
      "x" : 7.472136,
      "y" : 0.309017,
      "z" : 0.19098301
    }, {
      "x" : 7.472136,
      "y" : 0.309017,
      "z" : -0.19098301
    }, {
      "x" : 1.0,
      "y" : 0.309017,
      "z" : -0.19098301
    }, {
      "x" : 1.0,
      "y" : 0.309017,
      "z" : 0.19098301
    }, {
      "x" : 7.472136,
      "y" : -0.309017,
      "z" : 0.19098301
    }, {
      "x" : 1.0,
      "y" : -0.309017,
      "z" : 0.19098301
    }, {
      "x" : 1.0,
      "y" : -0.309017,
      "z" : -0.19098301
    }, {
      "x" : 7.472136,
      "y" : -0.309017,
      "z" : -0.19098301
    }, {
      "x" : 8.472136,
      "y" : 0.0,
      "z" : 0.0
    } ],
    "faces" : [ {
      "vertices" : [ 1, 7, 6, 2 ]
    }, {
      "vertices" : [ 0, 1, 2, 3 ]
    }, {
      "vertices" : [ 4, 5, 6, 7 ]
    }, {
      "vertices" : [ 0, 3, 5, 4 ]
    } ]
  }, {
    "id" : "a7324609-1b1d-44b3-9d60-d8a50bfc0470",
    "orbit" : "green",
    "orbitC" : "[[2,-1,1],[5,-3,1]]",
    "length" : "[-1,1,1]",
    "name" : "g0",
    "vertices" : [ {
      "x" : 5.1405764,
      "y" : 1.7725425,
      "z" : -0.868034
    }, {
      "x" : 6.163119,
      "y" : 1.809017,
      "z" : -1.0
    }, {
      "x" : 5.1405764,
      "y" : 1.7725425,
      "z" : -0.48606798
    }, {
      "x" : 4.9495935,
      "y" : 2.0815594,
      "z" : -0.98606795
    }, {
      "x" : 4.9495935,
      "y" : 2.0815594,
      "z" : -0.60410196
    }, {
      "x" : 0.809017,
      "y" : 0.618034,
      "z" : 0.309017
    }, {
      "x" : 1.0,
      "y" : 0.309017,
      "z" : 0.19098301
    }, {
      "x" : 1.9045085,
      "y" : 0.5364745,
      "z" : -0.013932022
    }, {
      "x" : 5.854102,
      "y" : 2.309017,
      "z" : -1.190983
    }, {
      "x" : 6.045085,
      "y" : 2.0,
      "z" : -1.309017
    }, {
      "x" : 6.045085,
      "y" : 2.0,
      "z" : -0.690983
    }, {
      "x" : 5.854102,
      "y" : 2.309017,
      "z" : -0.809017
    }, {
      "x" : 1.7135255,
      "y" : 0.8454915,
      "z" : -0.13196601
    }, {
      "x" : 0.690983,
      "y" : 0.809017,
      "z" : 0.0
    }, {
      "x" : 1.9045085,
      "y" : 0.5364745,
      "z" : -0.39589804
    }, {
      "x" : 1.7135255,
      "y" : 0.8454915,
      "z" : -0.51393205
    }, {
      "x" : 0.809017,
      "y" : 0.618034,
      "z" : -0.309017
    }, {
      "x" : 1.0,
      "y" : 0.309017,
      "z" : -0.19098301
    }, {
      "x" : 6.854102,
      "y" : 2.618034,
      "z" : -1.0
    } ],
    "faces" : [ {
      "vertices" : [ 0, 14, 15, 3 ]
    }, {
      "vertices" : [ 3, 15, 12, 4 ]
    }, {
      "vertices" : [ 0, 1, 2 ]
    }, {
      "vertices" : [ 12, 15, 13 ]
    }, {
      "vertices" : [ 0, 9, 1 ]
    }, {
      "vertices" : [ 0, 3, 9 ]
    }, {
      "vertices" : [ 13, 15, 16 ]
    }, {
      "vertices" : [ 6, 17, 14, 7 ]
    }, {
      "vertices" : [ 1, 10, 2 ]
    }, {
      "vertices" : [ 5, 6, 7 ]
    }, {
      "vertices" : [ 3, 8, 9 ]
    }, {
      "vertices" : [ 0, 2, 7, 14 ]
    }, {
      "vertices" : [ 5, 7, 12 ]
    }, {
      "vertices" : [ 2, 4, 12, 7 ]
    }, {
      "vertices" : [ 3, 4, 11, 8 ]
    }, {
      "vertices" : [ 2, 10, 11, 4 ]
    }, {
      "vertices" : [ 5, 12, 13 ]
    }, {
      "vertices" : [ 14, 17, 16, 15 ]
    } ]
  }, {
    "id" : "990d1d35-8dcd-4a3b-936d-7b76e08ae7c6",
    "orbit" : "blue",
    "orbitC" : "[[0,0,1],[0,0,1]]",
    "length" : "[-1,1,1]",
    "name" : "b0",
    "vertices" : [ {
      "x" : 4.236068,
      "y" : 0.309017,
      "z" : 0.19098301
    }, {
      "x" : 4.236068,
      "y" : 0.309017,
      "z" : -0.19098301
    }, {
      "x" : 1.0,
      "y" : 0.309017,
      "z" : -0.19098301
    }, {
      "x" : 1.0,
      "y" : 0.309017,
      "z" : 0.19098301
    }, {
      "x" : 4.236068,
      "y" : -0.309017,
      "z" : 0.19098301
    }, {
      "x" : 1.0,
      "y" : -0.309017,
      "z" : 0.19098301
    }, {
      "x" : 1.0,
      "y" : -0.309017,
      "z" : -0.19098301
    }, {
      "x" : 4.236068,
      "y" : -0.309017,
      "z" : -0.19098301
    }, {
      "x" : 5.236068,
      "y" : 0.0,
      "z" : 0.0
    } ],
    "faces" : [ {
      "vertices" : [ 1, 7, 6, 2 ]
    }, {
      "vertices" : [ 0, 1, 2, 3 ]
    }, {
      "vertices" : [ 4, 5, 6, 7 ]
    }, {
      "vertices" : [ 0, 3, 5, 4 ]
    } ]
  }, {
    "id" : "08945479-4729-4388-b151-82bd8f7992c5",
    "orbit" : "red",
    "orbitC" : "[[-1,1,1],[0,0,1]]",
    "length" : "[-1,1,1]",
    "name" : "r0",
    "vertices" : [ {
      "x" : 1.309017,
      "y" : 0.927051,
      "z" : 0.309017
    }, {
      "x" : 2.927051,
      "y" : 1.690983,
      "z" : 0.309017
    }, {
      "x" : 2.736068,
      "y" : 2.0,
      "z" : 0.19098301
    }, {
      "x" : 0.809017,
      "y" : 0.618034,
      "z" : -0.309017
    }, {
      "x" : 0.690983,
      "y" : 0.809017,
      "z" : 0.0
    }, {
      "x" : 1.190983,
      "y" : 1.118034,
      "z" : 0.0
    }, {
      "x" : 1.309017,
      "y" : 0.927051,
      "z" : -0.309017
    }, {
      "x" : 3.427051,
      "y" : 2.0,
      "z" : 0.309017
    }, {
      "x" : 1.5,
      "y" : 0.618034,
      "z" : 0.19098301
    }, {
      "x" : 1.5,
      "y" : 0.618034,
      "z" : -0.19098301
    }, {
      "x" : 3.045085,
      "y" : 1.5,
      "z" : 0.0
    }, {
      "x" : 2.927051,
      "y" : 1.690983,
      "z" : -0.309017
    }, {
      "x" : 3.545085,
      "y" : 1.809017,
      "z" : 0.0
    }, {
      "x" : 1.0,
      "y" : 0.309017,
      "z" : 0.19098301
    }, {
      "x" : 1.0,
      "y" : 0.309017,
      "z" : -0.19098301
    }, {
      "x" : 0.809017,
      "y" : 0.618034,
      "z" : 0.309017
    }, {
      "x" : 3.236068,
      "y" : 2.309017,
      "z" : 0.19098301
    }, {
      "x" : 3.427051,
      "y" : 2.0,
      "z" : -0.309017
    }, {
      "x" : 3.236068,
      "y" : 2.309017,
      "z" : -0.19098301
    }, {
      "x" : 4.236068,
      "y" : 2.618034,
      "z" : 0.0
    }, {
      "x" : 2.736068,
      "y" : 2.0,
      "z" : -0.19098301
    } ],
    "faces" : [ {
      "vertices" : [ 3, 6, 9, 14 ]
    }, {
      "vertices" : [ 11, 20, 18, 17 ]
    }, {
      "vertices" : [ 0, 1, 2 ]
    }, {
      "vertices" : [ 0, 15, 13, 8 ]
    }, {
      "vertices" : [ 6, 20, 11 ]
    }, {
      "vertices" : [ 0, 2, 5 ]
    }, {
      "vertices" : [ 0, 8, 1 ]
    }, {
      "vertices" : [ 8, 13, 14, 9 ]
    }, {
      "vertices" : [ 3, 4, 5, 6 ]
    }, {
      "vertices" : [ 10, 11, 17, 12 ]
    }, {
      "vertices" : [ 1, 8, 10 ]
    }, {
      "vertices" : [ 0, 5, 4, 15 ]
    }, {
      "vertices" : [ 2, 16, 18, 20 ]
    }, {
      "vertices" : [ 1, 7, 16, 2 ]
    }, {
      "vertices" : [ 6, 11, 9 ]
    }, {
      "vertices" : [ 8, 9, 10 ]
    }, {
      "vertices" : [ 2, 20, 5 ]
    }, {
      "vertices" : [ 9, 11, 10 ]
    }, {
      "vertices" : [ 1, 10, 12, 7 ]
    }, {
      "vertices" : [ 5, 20, 6 ]
    } ]
  }, {
    "id" : "ceb6b68f-73e3-4392-a788-138351fe700e",
    "orbit" : "yellow",
    "orbitC" : "[[0,0,1],[2,-1,1]]",
    "length" : "[-1,1,1]",
    "name" : "y0",
    "vertices" : [ {
      "x" : 0.809017,
      "y" : 0.0,
      "z" : -0.690983
    }, {
      "x" : 1.0,
      "y" : 0.309017,
      "z" : -0.19098301
    }, {
      "x" : 1.309017,
      "y" : 0.309017,
      "z" : -0.309017
    }, {
      "x" : 1.118034,
      "y" : 0.0,
      "z" : -0.809017
    }, {
      "x" : 3.236068,
      "y" : 0.309017,
      "z" : -1.427051
    }, {
      "x" : 1.0,
      "y" : -0.309017,
      "z" : -0.19098301
    }, {
      "x" : 1.309017,
      "y" : -0.309017,
      "z" : -0.309017
    }, {
      "x" : 2.927051,
      "y" : 0.309017,
      "z" : -1.309017
    }, {
      "x" : 3.118034,
      "y" : 0.0,
      "z" : -0.809017
    }, {
      "x" : 4.236068,
      "y" : 0.0,
      "z" : -1.618034
    }, {
      "x" : 2.927051,
      "y" : -0.309017,
      "z" : -1.309017
    }, {
      "x" : 3.427051,
      "y" : 0.0,
      "z" : -0.927051
    }, {
      "x" : 3.236068,
      "y" : -0.309017,
      "z" : -1.427051
    } ],
    "faces" : [ {
      "vertices" : [ 2, 6, 8 ]
    }, {
      "vertices" : [ 4, 12, 10, 7 ]
    }, {
      "vertices" : [ 2, 8, 7 ]
    }, {
      "vertices" : [ 3, 10, 6 ]
    }, {
      "vertices" : [ 3, 7, 10 ]
    }, {
      "vertices" : [ 0, 1, 2, 3 ]
    }, {
      "vertices" : [ 6, 10, 8 ]
    }, {
      "vertices" : [ 8, 10, 12, 11 ]
    }, {
      "vertices" : [ 2, 7, 3 ]
    }, {
      "vertices" : [ 0, 3, 6, 5 ]
    }, {
      "vertices" : [ 1, 5, 6, 2 ]
    }, {
      "vertices" : [ 4, 7, 8, 11 ]
    } ]
  } ],
  "instances" : [ {
    "shape" : "04b78217-d347-4697-9788-dabeb131981f",
    "color" : "#F2F2F2",
    "position" : {
      "x" : 0.0,
      "y" : -10.472136,
      "z" : -13.708204
    }
  }, {
    "shape" : "04b78217-d347-4697-9788-dabeb131981f",
    "color" : "#F2F2F2",
    "position" : {
      "x" : -7.854102,
      "y" : -2.618034,
      "z" : 5.854102
    }
  }, {
    "shape" : "04b78217-d347-4697-9788-dabeb131981f",
    "color" : "#F2F2F2",
    "position" : {
      "x" : 0.0,
      "y" : 5.236068,
      "z" : -8.472136
    }
  }, {
    "shape" : "04b78217-d347-4697-9788-dabeb131981f",
    "color" : "#F2F2F2",
    "position" : {
      "x" : -7.854102,
      "y" : -13.09017,
      "z" : 11.09017
    }
  }, {
    "shape" : "04b78217-d347-4697-9788-dabeb131981f",
    "color" : "#F2F2F2",
    "position" : {
      "x" : 7.854102,
      "y" : -7.854102,
      "z" : -11.09017
    }
  }, {
    "shape" : "04b78217-d347-4697-9788-dabeb131981f",
    "color" : "#F2F2F2",
    "position" : {
      "x" : 0.0,
      "y" : 5.236068,
      "z" : 0.0
    }
  }, {
    "shape" : "9b786197-10ce-4f02-9105-35b60b6aaa6e",
    "color" : "#008EC2",
    "position" : {
      "x" : 0.0,
      "y" : 5.236068,
      "z" : -8.472136
    },
    "orientation" : 2
  }, {
    "shape" : "04b78217-d347-4697-9788-dabeb131981f",
    "color" : "#F2F2F2",
    "position" : {
      "x" : 7.854102,
      "y" : -13.09017,
      "z" : -16.326239
    }
  }, {
    "shape" : "a7324609-1b1d-44b3-9d60-d8a50bfc0470",
    "color" : "#00993F",
    "position" : {
      "x" : 0.0,
      "y" : -5.236068,
      "z" : -18.944271
    },
    "orientation" : 22
  }, {
    "shape" : "990d1d35-8dcd-4a3b-936d-7b76e08ae7c6",
    "color" : "#008EC2",
    "position" : {
      "x" : 5.236068,
      "y" : 14.708204,
      "z" : 16.326239
    },
    "orientation" : 16
  }, {
    "shape" : "04b78217-d347-4697-9788-dabeb131981f",
    "color" : "#F2F2F2",
    "position" : {
      "x" : 0.0,
      "y" : -10.472136,
      "z" : -24.18034
    }
  }, {
    "shape" : "990d1d35-8dcd-4a3b-936d-7b76e08ae7c6",
    "color" : "#008EC2",
    "position" : {
      "x" : 5.236068,
      "y" : -9.472136,
      "z" : 5.854102
    },
    "orientation" : 2
  }, {
    "shape" : "9b786197-10ce-4f02-9105-35b60b6aaa6e",
    "color" : "#008EC2",
    "position" : {
      "x" : 0.0,
      "y" : -5.236068,
      "z" : -8.472136
    },
    "orientation" : 2
  }, {
    "shape" : "a7324609-1b1d-44b3-9d60-d8a50bfc0470",
    "color" : "#00993F",
    "position" : {
      "x" : -5.236068,
      "y" : 0.0,
      "z" : -8.472136
    },
    "orientation" : 22
  }, {
    "shape" : "04b78217-d347-4697-9788-dabeb131981f",
    "color" : "#F2F2F2",
    "position" : {
      "x" : 5.236068,
      "y" : -9.472136,
      "z" : 11.09017
    }
  }, {
    "shape" : "990d1d35-8dcd-4a3b-936d-7b76e08ae7c6",
    "color" : "#008EC2",
    "position" : {
      "x" : -5.236068,
      "y" : -5.236068,
      "z" : -13.708204
    },
    "orientation" : 16
  }, {
    "shape" : "08945479-4729-4388-b151-82bd8f7992c5",
    "color" : "#D91218",
    "position" : {
      "x" : 0.0,
      "y" : 5.236068,
      "z" : 8.472136
    },
    "orientation" : 1
  }, {
    "shape" : "04b78217-d347-4697-9788-dabeb131981f",
    "color" : "#F2F2F2",
    "position" : {
      "x" : -5.236068,
      "y" : 4.236068,
      "z" : 21.562305
    }
  }, {
    "shape" : "04b78217-d347-4697-9788-dabeb131981f",
    "color" : "#F2F2F2",
    "position" : {
      "x" : 0.0,
      "y" : 0.0,
      "z" : -13.708204
    }
  }, {
    "shape" : "04b78217-d347-4697-9788-dabeb131981f",
    "color" : "#F2F2F2",
    "position" : {
      "x" : -5.236068,
      "y" : -5.236068,
      "z" : -13.708204
    }
  }, {
    "shape" : "04b78217-d347-4697-9788-dabeb131981f",
    "color" : "#F2F2F2",
    "position" : {
      "x" : -5.236068,
      "y" : 9.472136,
      "z" : 16.326239
    }
  }, {
    "shape" : "04b78217-d347-4697-9788-dabeb131981f",
    "color" : "#F2F2F2",
    "position" : {
      "x" : 0.0,
      "y" : 0.0,
      "z" : 0.0
    }
  }, {
    "shape" : "04b78217-d347-4697-9788-dabeb131981f",
    "color" : "#F2F2F2",
    "position" : {
      "x" : -7.854102,
      "y" : -7.854102,
      "z" : 5.854102
    }
  }, {
    "shape" : "ceb6b68f-73e3-4392-a788-138351fe700e",
    "color" : "#FFB31A",
    "position" : {
      "x" : 5.236068,
      "y" : 0.0,
      "z" : -8.472136
    },
    "orientation" : 24
  }, {
    "shape" : "04b78217-d347-4697-9788-dabeb131981f",
    "color" : "#F2F2F2",
    "position" : {
      "x" : 0.0,
      "y" : 5.236068,
      "z" : 8.472136
    }
  }, {
    "shape" : "04b78217-d347-4697-9788-dabeb131981f",
    "color" : "#F2F2F2",
    "position" : {
      "x" : 5.236068,
      "y" : -4.236068,
      "z" : 5.854102
    }
  }, {
    "shape" : "04b78217-d347-4697-9788-dabeb131981f",
    "color" : "#F2F2F2",
    "position" : {
      "x" : 0.0,
      "y" : 9.472136,
      "z" : 21.562305
    }
  }, {
    "shape" : "04b78217-d347-4697-9788-dabeb131981f",
    "color" : "#F2F2F2",
    "position" : {
      "x" : -5.236068,
      "y" : 0.0,
      "z" : -8.472136
    }
  }, {
    "shape" : "9b786197-10ce-4f02-9105-35b60b6aaa6e",
    "color" : "#008EC2",
    "position" : {
      "x" : -5.236068,
      "y" : 0.0,
      "z" : -8.472136
    },
    "orientation" : 2
  }, {
    "shape" : "ceb6b68f-73e3-4392-a788-138351fe700e",
    "color" : "#FFB31A",
    "position" : {
      "x" : -5.236068,
      "y" : 0.0,
      "z" : 8.472136
    },
    "orientation" : 19
  }, {
    "shape" : "990d1d35-8dcd-4a3b-936d-7b76e08ae7c6",
    "color" : "#008EC2",
    "position" : {
      "x" : 7.854102,
      "y" : -2.618034,
      "z" : -11.09017
    },
    "orientation" : 16
  }, {
    "shape" : "04b78217-d347-4697-9788-dabeb131981f",
    "color" : "#F2F2F2",
    "position" : {
      "x" : -5.236068,
      "y" : -10.472136,
      "z" : -13.708204
    }
  }, {
    "shape" : "08945479-4729-4388-b151-82bd8f7992c5",
    "color" : "#D91218",
    "position" : {
      "x" : 5.236068,
      "y" : 0.0,
      "z" : 8.472136
    },
    "orientation" : 1
  }, {
    "shape" : "a7324609-1b1d-44b3-9d60-d8a50bfc0470",
    "color" : "#00993F",
    "position" : {
      "x" : -7.854102,
      "y" : -7.854102,
      "z" : 5.854102
    },
    "orientation" : 37
  }, {
    "shape" : "a7324609-1b1d-44b3-9d60-d8a50bfc0470",
    "color" : "#00993F",
    "position" : {
      "x" : -5.236068,
      "y" : 0.0,
      "z" : 8.472136
    },
    "orientation" : 21
  }, {
    "shape" : "a7324609-1b1d-44b3-9d60-d8a50bfc0470",
    "color" : "#00993F",
    "position" : {
      "x" : 0.0,
      "y" : 5.236068,
      "z" : -8.472136
    },
    "orientation" : 36
  }, {
    "shape" : "a7324609-1b1d-44b3-9d60-d8a50bfc0470",
    "color" : "#00993F",
    "position" : {
      "x" : 5.236068,
      "y" : 9.472136,
      "z" : 16.326239
    },
    "orientation" : 37
  }, {
    "shape" : "9b786197-10ce-4f02-9105-35b60b6aaa6e",
    "color" : "#008EC2",
    "position" : {
      "x" : 0.0,
      "y" : 5.236068,
      "z" : 0.0
    },
    "orientation" : 2
  }, {
    "shape" : "a7324609-1b1d-44b3-9d60-d8a50bfc0470",
    "color" : "#00993F",
    "position" : {
      "x" : 0.0,
      "y" : 5.236068,
      "z" : 0.0
    },
    "orientation" : 21
  }, {
    "shape" : "a7324609-1b1d-44b3-9d60-d8a50bfc0470",
    "color" : "#00993F",
    "position" : {
      "x" : 0.0,
      "y" : 9.472136,
      "z" : 11.09017
    },
    "orientation" : 36
  }, {
    "shape" : "04b78217-d347-4697-9788-dabeb131981f",
    "color" : "#F2F2F2",
    "position" : {
      "x" : -5.236068,
      "y" : 0.0,
      "z" : 8.472136
    }
  }, {
    "shape" : "a7324609-1b1d-44b3-9d60-d8a50bfc0470",
    "color" : "#00993F",
    "position" : {
      "x" : 0.0,
      "y" : 14.708204,
      "z" : 16.326239
    },
    "orientation" : 36
  }, {
    "shape" : "a7324609-1b1d-44b3-9d60-d8a50bfc0470",
    "color" : "#00993F",
    "position" : {
      "x" : 0.0,
      "y" : 0.0,
      "z" : -13.708204
    },
    "orientation" : 22
  }, {
    "shape" : "990d1d35-8dcd-4a3b-936d-7b76e08ae7c6",
    "color" : "#008EC2",
    "position" : {
      "x" : -5.236068,
      "y" : -10.472136,
      "z" : -13.708204
    },
    "orientation" : 0
  }, {
    "shape" : "04b78217-d347-4697-9788-dabeb131981f",
    "color" : "#F2F2F2",
    "position" : {
      "x" : 0.0,
      "y" : 9.472136,
      "z" : 11.09017
    }
  }, {
    "shape" : "9b786197-10ce-4f02-9105-35b60b6aaa6e",
    "color" : "#008EC2",
    "position" : {
      "x" : -5.236068,
      "y" : 0.0,
      "z" : 0.0
    },
    "orientation" : 2
  }, {
    "shape" : "a7324609-1b1d-44b3-9d60-d8a50bfc0470",
    "color" : "#00993F",
    "position" : {
      "x" : 5.236068,
      "y" : 4.236068,
      "z" : 21.562305
    },
    "orientation" : 38
  }, {
    "shape" : "9b786197-10ce-4f02-9105-35b60b6aaa6e",
    "color" : "#008EC2",
    "position" : {
      "x" : 5.236068,
      "y" : 0.0,
      "z" : 0.0
    },
    "orientation" : 2
  }, {
    "shape" : "04b78217-d347-4697-9788-dabeb131981f",
    "color" : "#F2F2F2",
    "position" : {
      "x" : 5.236068,
      "y" : -9.472136,
      "z" : 5.854102
    }
  }, {
    "shape" : "9b786197-10ce-4f02-9105-35b60b6aaa6e",
    "color" : "#008EC2",
    "position" : {
      "x" : 0.0,
      "y" : -5.236068,
      "z" : 0.0
    },
    "orientation" : 2
  }, {
    "shape" : "a7324609-1b1d-44b3-9d60-d8a50bfc0470",
    "color" : "#00993F",
    "position" : {
      "x" : 0.0,
      "y" : 5.236068,
      "z" : 8.472136
    },
    "orientation" : 36
  }, {
    "shape" : "04b78217-d347-4697-9788-dabeb131981f",
    "color" : "#F2F2F2",
    "position" : {
      "x" : 0.0,
      "y" : -5.236068,
      "z" : 8.472136
    }
  }, {
    "shape" : "a7324609-1b1d-44b3-9d60-d8a50bfc0470",
    "color" : "#00993F",
    "position" : {
      "x" : 0.0,
      "y" : 14.708204,
      "z" : 16.326239
    },
    "orientation" : 37
  }, {
    "shape" : "a7324609-1b1d-44b3-9d60-d8a50bfc0470",
    "color" : "#00993F",
    "position" : {
      "x" : -5.236068,
      "y" : 4.236068,
      "z" : 21.562305
    },
    "orientation" : 8
  }, {
    "shape" : "a7324609-1b1d-44b3-9d60-d8a50bfc0470",
    "color" : "#00993F",
    "position" : {
      "x" : -5.236068,
      "y" : 0.0,
      "z" : 0.0
    },
    "orientation" : 21
  }, {
    "shape" : "04b78217-d347-4697-9788-dabeb131981f",
    "color" : "#F2F2F2",
    "position" : {
      "x" : 0.0,
      "y" : -5.236068,
      "z" : -8.472136
    }
  }, {
    "shape" : "04b78217-d347-4697-9788-dabeb131981f",
    "color" : "#F2F2F2",
    "position" : {
      "x" : 0.0,
      "y" : -5.236068,
      "z" : -18.944271
    }
  }, {
    "shape" : "04b78217-d347-4697-9788-dabeb131981f",
    "color" : "#F2F2F2",
    "position" : {
      "x" : 0.0,
      "y" : 14.708204,
      "z" : 16.326239
    }
  }, {
    "shape" : "990d1d35-8dcd-4a3b-936d-7b76e08ae7c6",
    "color" : "#008EC2",
    "position" : {
      "x" : -5.236068,
      "y" : 14.708204,
      "z" : 16.326239
    },
    "orientation" : 16
  }, {
    "shape" : "a7324609-1b1d-44b3-9d60-d8a50bfc0470",
    "color" : "#00993F",
    "position" : {
      "x" : 0.0,
      "y" : 9.472136,
      "z" : 11.09017
    },
    "orientation" : 21
  }, {
    "shape" : "04b78217-d347-4697-9788-dabeb131981f",
    "color" : "#F2F2F2",
    "position" : {
      "x" : 7.854102,
      "y" : -2.618034,
      "z" : -11.09017
    }
  }, {
    "shape" : "04b78217-d347-4697-9788-dabeb131981f",
    "color" : "#F2F2F2",
    "position" : {
      "x" : 5.236068,
      "y" : 9.472136,
      "z" : 16.326239
    }
  }, {
    "shape" : "990d1d35-8dcd-4a3b-936d-7b76e08ae7c6",
    "color" : "#008EC2",
    "position" : {
      "x" : 0.0,
      "y" : 14.708204,
      "z" : 16.326239
    },
    "orientation" : 0
  }, {
    "shape" : "990d1d35-8dcd-4a3b-936d-7b76e08ae7c6",
    "color" : "#008EC2",
    "position" : {
      "x" : 5.236068,
      "y" : -4.236068,
      "z" : 5.854102
    },
    "orientation" : 16
  }, {
    "shape" : "04b78217-d347-4697-9788-dabeb131981f",
    "color" : "#F2F2F2",
    "position" : {
      "x" : 0.0,
      "y" : -5.236068,
      "z" : 0.0
    }
  }, {
    "shape" : "04b78217-d347-4697-9788-dabeb131981f",
    "color" : "#F2F2F2",
    "position" : {
      "x" : -5.236068,
      "y" : 0.0,
      "z" : 0.0
    }
  }, {
    "shape" : "a7324609-1b1d-44b3-9d60-d8a50bfc0470",
    "color" : "#00993F",
    "position" : {
      "x" : 5.236068,
      "y" : 0.0,
      "z" : 0.0
    },
    "orientation" : 36
  }, {
    "shape" : "a7324609-1b1d-44b3-9d60-d8a50bfc0470",
    "color" : "#00993F",
    "position" : {
      "x" : 0.0,
      "y" : 9.472136,
      "z" : 11.09017
    },
    "orientation" : 7
  }, {
    "shape" : "a7324609-1b1d-44b3-9d60-d8a50bfc0470",
    "color" : "#00993F",
    "position" : {
      "x" : 7.854102,
      "y" : -7.854102,
      "z" : -11.09017
    },
    "orientation" : 22
  }, {
    "shape" : "a7324609-1b1d-44b3-9d60-d8a50bfc0470",
    "color" : "#00993F",
    "position" : {
      "x" : 0.0,
      "y" : 5.236068,
      "z" : 8.472136
    },
    "orientation" : 21
  }, {
    "shape" : "9b786197-10ce-4f02-9105-35b60b6aaa6e",
    "color" : "#008EC2",
    "position" : {
      "x" : 5.236068,
      "y" : 0.0,
      "z" : -8.472136
    },
    "orientation" : 2
  }, {
    "shape" : "990d1d35-8dcd-4a3b-936d-7b76e08ae7c6",
    "color" : "#008EC2",
    "position" : {
      "x" : -7.854102,
      "y" : -2.618034,
      "z" : 5.854102
    },
    "orientation" : 16
  }, {
    "shape" : "04b78217-d347-4697-9788-dabeb131981f",
    "color" : "#F2F2F2",
    "position" : {
      "x" : -5.236068,
      "y" : 14.708204,
      "z" : 16.326239
    }
  }, {
    "shape" : "a7324609-1b1d-44b3-9d60-d8a50bfc0470",
    "color" : "#00993F",
    "position" : {
      "x" : -5.236068,
      "y" : 9.472136,
      "z" : 16.326239
    },
    "orientation" : 37
  }, {
    "shape" : "a7324609-1b1d-44b3-9d60-d8a50bfc0470",
    "color" : "#00993F",
    "position" : {
      "x" : 0.0,
      "y" : 9.472136,
      "z" : 21.562305
    },
    "orientation" : 37
  }, {
    "shape" : "04b78217-d347-4697-9788-dabeb131981f",
    "color" : "#F2F2F2",
    "position" : {
      "x" : 5.236068,
      "y" : 0.0,
