{
  "polygons" : "true",
  "field" : "golden",
  "symmetry" : "icosahedral",
  "orientations" : [ [ 1.0, 0.0, 0.0, 0.0, 0.0, 1.0, 0.0, 0.0, 0.0, 0.0, 1.0, 0.0, 0.0, 0.0, 0.0, 1.0 ], [ 0.0, 0.0, 1.0, 0.0, 1.0, 0.0, 0.0, 0.0, 0.0, 1.0, 0.0, 0.0, 0.0, 0.0, 0.0, 1.0 ], [ 0.0, 1.0, 0.0, 0.0, 0.0, 0.0, 1.0, 0.0, 1.0, 0.0, 0.0, 0.0, 0.0, 0.0, 0.0, 1.0 ], [ 0.809017, 0.309017, 0.5, 0.0, 0.309017, 0.5, -0.809017, 0.0, -0.5, 0.809017, 0.309017, 0.0, 0.0, 0.0, 0.0, 1.0 ], [ -0.5, 0.809017, 0.309017, 0.0, 0.809017, 0.309017, 0.5, 0.0, 0.309017, 0.5, -0.809017, 0.0, 0.0, 0.0, 0.0, 1.0 ], [ 0.309017, 0.5, -0.809017, 0.0, -0.5, 0.809017, 0.309017, 0.0, 0.809017, 0.309017, 0.5, 0.0, 0.0, 0.0, 0.0, 1.0 ], [ 0.5, 0.809017, 0.309017, 0.0, 0.809017, -0.309017, -0.5, 0.0, -0.309017, 0.5, -0.809017, 0.0, 0.0, 0.0, 0.0, 1.0 ], [ -0.309017, 0.5, -0.809017, 0.0, 0.5, 0.809017, 0.309017, 0.0, 0.809017, -0.309017, -0.5, 0.0, 0.0, 0.0, 0.0, 1.0 ], [ 0.809017, -0.309017, -0.5, 0.0, -0.309017, 0.5, -0.809017, 0.0, 0.5, 0.809017, 0.309017, 0.0, 0.0, 0.0, 0.0, 1.0 ], [ 0.5, 0.809017, -0.309017, 0.0, 0.809017, -0.309017, 0.5, 0.0, 0.309017, -0.5, -0.809017, 0.0, 0.0, 0.0, 0.0, 1.0 ], [ 0.309017, -0.5, -0.809017, 0.0, 0.5, 0.809017, -0.309017, 0.0, 0.809017, -0.309017, 0.5, 0.0, 0.0, 0.0, 0.0, 1.0 ], [ 0.809017, -0.309017, 0.5, 0.0, 0.309017, -0.5, -0.809017, 0.0, 0.5, 0.809017, -0.309017, 0.0, 0.0, 0.0, 0.0, 1.0 ], [ 0.809017, 0.309017, -0.5, 0.0, 0.309017, 0.5, 0.809017, 0.0, 0.5, -0.809017, 0.309017, 0.0, 0.0, 0.0, 0.0, 1.0 ], [ 0.5, -0.809017, 0.309017, 0.0, 0.809017, 0.309017, -0.5, 0.0, 0.309017, 0.5, 0.809017, 0.0, 0.0, 0.0, 0.0, 1.0 ], [ 0.309017, 0.5, 0.809017, 0.0, 0.5, -0.809017, 0.309017, 0.0, 0.809017, 0.309017, -0.5, 0.0, 0.0, 0.0, 0.0, 1.0 ], [ 1.0, 0.0, 0.0, 0.0, 0.0, -1.0, 0.0, 0.0, 0.0, 0.0, -1.0, 0.0, 0.0, 0.0, 0.0, 1.0 ], [ 0.0, 0.0, 1.0, 0.0, -1.0, 0.0, 0.0, 0.0, 0.0, -1.0, 0.0, 0.0, 0.0, 0.0, 0.0, 1.0 ], [ 0.0, 1.0, 0.0, 0.0, 0.0, 0.0, -1.0, 0.0, -1.0, 0.0, 0.0, 0.0, 0.0, 0.0, 0.0, 1.0 ], [ 0.809017, 0.309017, 0.5, 0.0, -0.309017, -0.5, 0.809017, 0.0, 0.5, -0.809017, -0.309017, 0.0, 0.0, 0.0, 0.0, 1.0 ], [ -0.5, 0.809017, 0.309017, 0.0, -0.809017, -0.309017, -0.5, 0.0, -0.309017, -0.5, 0.809017, 0.0, 0.0, 0.0, 0.0, 1.0 ], [ 0.309017, 0.5, -0.809017, 0.0, 0.5, -0.809017, -0.309017, 0.0, -0.809017, -0.309017, -0.5, 0.0, 0.0, 0.0, 0.0, 1.0 ], [ 0.5, 0.809017, 0.309017, 0.0, -0.809017, 0.309017, 0.5, 0.0, 0.309017, -0.5, 0.809017, 0.0, 0.0, 0.0, 0.0, 1.0 ], [ -0.309017, 0.5, -0.809017, 0.0, -0.5, -0.809017, -0.309017, 0.0, -0.809017, 0.309017, 0.5, 0.0, 0.0, 0.0, 0.0, 1.0 ], [ 0.809017, -0.309017, -0.5, 0.0, 0.309017, -0.5, 0.809017, 0.0, -0.5, -0.809017, -0.309017, 0.0, 0.0, 0.0, 0.0, 1.0 ], [ 0.5, 0.809017, -0.309017, 0.0, -0.809017, 0.309017, -0.5, 0.0, -0.309017, 0.5, 0.809017, 0.0, 0.0, 0.0, 0.0, 1.0 ], [ 0.309017, -0.5, -0.809017, 0.0, -0.5, -0.809017, 0.309017, 0.0, -0.809017, 0.309017, -0.5, 0.0, 0.0, 0.0, 0.0, 1.0 ], [ 0.809017, -0.309017, 0.5, 0.0, -0.309017, 0.5, 0.809017, 0.0, -0.5, -0.809017, 0.309017, 0.0, 0.0, 0.0, 0.0, 1.0 ], [ 0.809017, 0.309017, -0.5, 0.0, -0.309017, -0.5, -0.809017, 0.0, -0.5, 0.809017, -0.309017, 0.0, 0.0, 0.0, 0.0, 1.0 ], [ 0.5, -0.809017, 0.309017, 0.0, -0.809017, -0.309017, 0.5, 0.0, -0.309017, -0.5, -0.809017, 0.0, 0.0, 0.0, 0.0, 1.0 ], [ 0.309017, 0.5, 0.809017, 0.0, -0.5, 0.809017, -0.309017, 0.0, -0.809017, -0.309017, 0.5, 0.0, 0.0, 0.0, 0.0, 1.0 ], [ -1.0, 0.0, 0.0, 0.0, 0.0, -1.0, 0.0, 0.0, 0.0, 0.0, 1.0, 0.0, 0.0, 0.0, 0.0, 1.0 ], [ 0.0, 0.0, -1.0, 0.0, -1.0, 0.0, 0.0, 0.0, 0.0, 1.0, 0.0, 0.0, 0.0, 0.0, 0.0, 1.0 ], [ 0.0, -1.0, 0.0, 0.0, 0.0, 0.0, -1.0, 0.0, 1.0, 0.0, 0.0, 0.0, 0.0, 0.0, 0.0, 1.0 ], [ -0.809017, -0.309017, -0.5, 0.0, -0.309017, -0.5, 0.809017, 0.0, -0.5, 0.809017, 0.309017, 0.0, 0.0, 0.0, 0.0, 1.0 ], [ 0.5, -0.809017, -0.309017, 0.0, -0.809017, -0.309017, -0.5, 0.0, 0.309017, 0.5, -0.809017, 0.0, 0.0, 0.0, 0.0, 1.0 ], [ -0.309017, -0.5, 0.809017, 0.0, 0.5, -0.809017, -0.309017, 0.0, 0.809017, 0.309017, 0.5, 0.0, 0.0, 0.0, 0.0, 1.0 ], [ -0.5, -0.809017, -0.309017, 0.0, -0.809017, 0.309017, 0.5, 0.0, -0.309017, 0.5, -0.809017, 0.0, 0.0, 0.0, 0.0, 1.0 ], [ 0.309017, -0.5, 0.809017, 0.0, -0.5, -0.809017, -0.309017, 0.0, 0.809017, -0.309017, -0.5, 0.0, 0.0, 0.0, 0.0, 1.0 ], [ -0.809017, 0.309017, 0.5, 0.0, 0.309017, -0.5, 0.809017, 0.0, 0.5, 0.809017, 0.309017, 0.0, 0.0, 0.0, 0.0, 1.0 ], [ -0.5, -0.809017, 0.309017, 0.0, -0.809017, 0.309017, -0.5, 0.0, 0.309017, -0.5, -0.809017, 0.0, 0.0, 0.0, 0.0, 1.0 ], [ -0.309017, 0.5, 0.809017, 0.0, -0.5, -0.809017, 0.309017, 0.0, 0.809017, -0.309017, 0.5, 0.0, 0.0, 0.0, 0.0, 1.0 ], [ -0.809017, 0.309017, -0.5, 0.0, -0.309017, 0.5, 0.809017, 0.0, 0.5, 0.809017, -0.309017, 0.0, 0.0, 0.0, 0.0, 1.0 ], [ -0.809017, -0.309017, 0.5, 0.0, -0.309017, -0.5, -0.809017, 0.0, 0.5, -0.809017, 0.309017, 0.0, 0.0, 0.0, 0.0, 1.0 ], [ -0.5, 0.809017, -0.309017, 0.0, -0.809017, -0.309017, 0.5, 0.0, 0.309017, 0.5, 0.809017, 0.0, 0.0, 0.0, 0.0, 1.0 ], [ -0.309017, -0.5, -0.809017, 0.0, -0.5, 0.809017, -0.309017, 0.0, 0.809017, 0.309017, -0.5, 0.0, 0.0, 0.0, 0.0, 1.0 ], [ -1.0, 0.0, 0.0, 0.0, 0.0, 1.0, 0.0, 0.0, 0.0, 0.0, -1.0, 0.0, 0.0, 0.0, 0.0, 1.0 ], [ 0.0, 0.0, -1.0, 0.0, 1.0, 0.0, 0.0, 0.0, 0.0, -1.0, 0.0, 0.0, 0.0, 0.0, 0.0, 1.0 ], [ 0.0, -1.0, 0.0, 0.0, 0.0, 0.0, 1.0, 0.0, -1.0, 0.0, 0.0, 0.0, 0.0, 0.0, 0.0, 1.0 ], [ -0.809017, -0.309017, -0.5, 0.0, 0.309017, 0.5, -0.809017, 0.0, 0.5, -0.809017, -0.309017, 0.0, 0.0, 0.0, 0.0, 1.0 ], [ 0.5, -0.809017, -0.309017, 0.0, 0.809017, 0.309017, 0.5, 0.0, -0.309017, -0.5, 0.809017, 0.0, 0.0, 0.0, 0.0, 1.0 ], [ -0.309017, -0.5, 0.809017, 0.0, -0.5, 0.809017, 0.309017, 0.0, -0.809017, -0.309017, -0.5, 0.0, 0.0, 0.0, 0.0, 1.0 ], [ -0.5, -0.809017, -0.309017, 0.0, 0.809017, -0.309017, -0.5, 0.0, 0.309017, -0.5, 0.809017, 0.0, 0.0, 0.0, 0.0, 1.0 ], [ 0.309017, -0.5, 0.809017, 0.0, 0.5, 0.809017, 0.309017, 0.0, -0.809017, 0.309017, 0.5, 0.0, 0.0, 0.0, 0.0, 1.0 ], [ -0.809017, 0.309017, 0.5, 0.0, -0.309017, 0.5, -0.809017, 0.0, -0.5, -0.809017, -0.309017, 0.0, 0.0, 0.0, 0.0, 1.0 ], [ -0.5, -0.809017, 0.309017, 0.0, 0.809017, -0.309017, 0.5, 0.0, -0.309017, 0.5, 0.809017, 0.0, 0.0, 0.0, 0.0, 1.0 ], [ -0.309017, 0.5, 0.809017, 0.0, 0.5, 0.809017, -0.309017, 0.0, -0.809017, 0.309017, -0.5, 0.0, 0.0, 0.0, 0.0, 1.0 ], [ -0.809017, 0.309017, -0.5, 0.0, 0.309017, -0.5, -0.809017, 0.0, -0.5, -0.809017, 0.309017, 0.0, 0.0, 0.0, 0.0, 1.0 ], [ -0.809017, -0.309017, 0.5, 0.0, 0.309017, 0.5, 0.809017, 0.0, -0.5, 0.809017, -0.309017, 0.0, 0.0, 0.0, 0.0, 1.0 ], [ -0.5, 0.809017, -0.309017, 0.0, 0.809017, 0.309017, -0.5, 0.0, -0.309017, -0.5, -0.809017, 0.0, 0.0, 0.0, 0.0, 1.0 ], [ -0.309017, -0.5, -0.809017, 0.0, 0.5, -0.809017, 0.309017, 0.0, -0.809017, -0.309017, 0.5, 0.0, 0.0, 0.0, 0.0, 1.0 ] ],
  "lights" : {
    "ambientColor" : "#292929",
    "backgroundColor" : "#AFC8DC",
    "directionalLights" : [ {
      "direction" : [ 1.0, -1.0, -1.0 ],
      "color" : "#EBEBE4"
    }, {
      "direction" : [ -1.0, 0.0, 0.0 ],
      "color" : "#E4E4EB"
    }, {
      "direction" : [ 0.0, 0.0, -1.0 ],
      "color" : "#1E1E1E"
    } ]
  },
  "camera" : {
    "nearClipDistance" : 0.35966405,
    "perspective" : false,
    "fieldOfView" : 0.44262895,
    "viewDistance" : 143.86559,
    "farClipDistance" : 287.73114,
    "lookAtPoint" : {
      "x" : 0.0,
      "y" : 0.0,
      "z" : 0.0
    },
    "lookDirection" : {
      "x" : 0.0,
      "y" : 0.3568221,
      "z" : -0.93417233
    },
    "upDirection" : {
      "x" : -0.50000006,
      "y" : -0.809017,
      "z" : -0.309017
    },
    "stereo" : false,
    "position" : {
      "x" : 0.0,
      "y" : -51.33442,
      "z" : 134.39525
    },
    "width" : 64.739525
  },
  "embedding" : [ 1.0, 0.0, 0.0, 0.0, 0.0, 1.0, 0.0, 0.0, 0.0, 0.0, 1.0, 0.0, 0.0, 0.0, 0.0, 1.0 ],
  "shapes" : [ {
    "id" : "fd0f268e-a331-44b2-9fa9-95621087ee31",
    "orbit" : "blue",
    "orbitC" : "[[0,0,1],[0,0,1]]",
    "length" : "[0,1,4]",
    "name" : " :1/4*phi",
    "vertices" : [ {
      "x" : 2.427051,
      "y" : 0.309017,
      "z" : 0.19098301
    }, {
      "x" : 2.427051,
      "y" : 0.309017,
      "z" : -0.19098301
    }, {
      "x" : 1.0,
      "y" : 0.309017,
      "z" : -0.19098301
    }, {
      "x" : 1.0,
      "y" : 0.309017,
      "z" : 0.19098301
    }, {
      "x" : 2.427051,
      "y" : -0.309017,
      "z" : 0.19098301
    }, {
      "x" : 1.0,
      "y" : -0.309017,
      "z" : 0.19098301
    }, {
      "x" : 1.0,
      "y" : -0.309017,
      "z" : -0.19098301
    }, {
      "x" : 2.427051,
      "y" : -0.309017,
      "z" : -0.19098301
    }, {
      "x" : 3.427051,
      "y" : 0.0,
      "z" : 0.0
    } ],
    "faces" : [ {
      "vertices" : [ 1, 7, 6, 2 ]
    }, {
      "vertices" : [ 0, 1, 2, 3 ]
    }, {
      "vertices" : [ 4, 5, 6, 7 ]
    }, {
      "vertices" : [ 0, 3, 5, 4 ]
    } ]
  }, {
    "id" : "3e517ecb-a8ae-48e0-ba61-8ee243e1a565",
    "vertices" : [ {
      "x" : 0.0,
      "y" : 0.0,
      "z" : 0.0
    }, {
      "x" : -3.427051,
      "y" : 5.545085,
      "z" : 2.118034
    }, {
      "x" : -3.427051,
      "y" : 5.545085,
      "z" : 5.545085
    } ],
    "faces" : [ {
      "vertices" : [ 0, 1, 2 ]
    }, {
      "vertices" : [ 0, 2, 1 ]
    } ]
  }, {
    "id" : "2308e6fd-7b00-4a8d-b250-31bfff22b787",
    "name" : "ball",
    "vertices" : [ {
      "x" : 0.309017,
      "y" : -0.809017,
      "z" : 0.618034
    }, {
      "x" : 0.809017,
      "y" : -0.618034,
      "z" : 0.309017
    }, {
      "x" : 0.618034,
      "y" : -0.309017,
      "z" : 0.809017
    }, {
      "x" : 1.0,
      "y" : 0.309017,
      "z" : 0.19098301
    }, {
      "x" : 0.809017,
      "y" : 0.618034,
      "z" : 0.309017
    }, {
      "x" : 0.618034,
      "y" : 0.309017,
      "z" : 0.809017
    }, {
      "x" : 0.809017,
      "y" : 0.0,
      "z" : 0.690983
    }, {
      "x" : 0.19098301,
      "y" : -1.0,
      "z" : 0.309017
    }, {
      "x" : -0.19098301,
      "y" : -1.0,
      "z" : 0.309017
    }, {
      "x" : -0.19098301,
      "y" : -1.0,
      "z" : -0.309017
    }, {
      "x" : 0.19098301,
      "y" : -1.0,
      "z" : -0.309017
    }, {
      "x" : 1.0,
      "y" : -0.309017,
      "z" : -0.19098301
    }, {
      "x" : 0.809017,
      "y" : -0.618034,
      "z" : -0.309017
    }, {
      "x" : 0.618034,
      "y" : -0.309017,
      "z" : -0.809017
    }, {
      "x" : 0.809017,
      "y" : 0.0,
      "z" : -0.690983
    }, {
      "x" : 0.0,
      "y" : 0.690983,
      "z" : -0.809017
    }, {
      "x" : 0.309017,
      "y" : 0.809017,
      "z" : -0.618034
    }, {
      "x" : 0.618034,
      "y" : 0.309017,
      "z" : -0.809017
    }, {
      "x" : 0.309017,
      "y" : 0.19098301,
      "z" : -1.0
    }, {
      "x" : 1.0,
      "y" : 0.309017,
      "z" : -0.19098301
    }, {
      "x" : -0.309017,
      "y" : -0.809017,
      "z" : 0.618034
    }, {
      "x" : 0.0,
      "y" : -0.690983,
      "z" : 0.809017
    }, {
      "x" : 0.809017,
      "y" : 0.618034,
      "z" : -0.309017
    }, {
      "x" : 0.690983,
      "y" : 0.809017,
      "z" : 0.0
    }, {
      "x" : -0.690983,
      "y" : 0.809017,
      "z" : 0.0
    }, {
      "x" : -0.809017,
      "y" : 0.618034,
      "z" : 0.309017
    }, {
      "x" : -0.309017,
      "y" : 0.809017,
      "z" : 0.618034
    }, {
      "x" : -0.19098301,
      "y" : 1.0,
      "z" : 0.309017
    }, {
      "x" : 0.309017,
      "y" : -0.19098301,
      "z" : -1.0
    }, {
      "x" : 0.19098301,
      "y" : 1.0,
      "z" : 0.309017
    }, {
      "x" : 0.309017,
      "y" : 0.809017,
      "z" : 0.618034
    }, {
      "x" : -0.809017,
      "y" : -0.618034,
      "z" : 0.309017
    }, {
      "x" : -0.690983,
      "y" : -0.809017,
      "z" : 0.0
    }, {
      "x" : 0.0,
      "y" : 0.690983,
      "z" : 0.809017
    }, {
      "x" : 0.309017,
      "y" : -0.809017,
      "z" : -0.618034
    }, {
      "x" : 0.0,
      "y" : -0.690983,
      "z" : -0.809017
    }, {
      "x" : -1.0,
      "y" : 0.309017,
      "z" : 0.19098301
    }, {
      "x" : -0.809017,
      "y" : 0.0,
      "z" : 0.690983
    }, {
      "x" : -0.618034,
      "y" : 0.309017,
      "z" : 0.809017
    }, {
      "x" : 1.0,
      "y" : -0.309017,
      "z" : 0.19098301
    }, {
      "x" : -0.309017,
      "y" : -0.809017,
      "z" : -0.618034
    }, {
      "x" : -1.0,
      "y" : 0.309017,
      "z" : -0.19098301
    }, {
      "x" : -1.0,
      "y" : -0.309017,
      "z" : -0.19098301
    }, {
      "x" : -1.0,
      "y" : -0.309017,
      "z" : 0.19098301
    }, {
      "x" : 0.19098301,
      "y" : 1.0,
      "z" : -0.309017
    }, {
      "x" : -0.809017,
      "y" : 0.618034,
      "z" : -0.309017
    }, {
      "x" : -0.19098301,
      "y" : 1.0,
      "z" : -0.309017
    }, {
      "x" : -0.309017,
      "y" : 0.809017,
      "z" : -0.618034
    }, {
      "x" : -0.618034,
      "y" : -0.309017,
      "z" : 0.809017
    }, {
      "x" : 0.309017,
      "y" : 0.19098301,
      "z" : 1.0
    }, {
      "x" : -0.309017,
      "y" : 0.19098301,
      "z" : -1.0
    }, {
      "x" : -0.309017,
      "y" : 0.19098301,
      "z" : 1.0
    }, {
      "x" : -0.309017,
      "y" : -0.19098301,
      "z" : 1.0
    }, {
      "x" : 0.309017,
      "y" : -0.19098301,
      "z" : 1.0
    }, {
      "x" : 0.690983,
      "y" : -0.809017,
      "z" : 0.0
    }, {
      "x" : -0.809017,
      "y" : 0.0,
      "z" : -0.690983
    }, {
      "x" : -0.618034,
      "y" : -0.309017,
      "z" : -0.809017
    }, {
      "x" : -0.309017,
      "y" : -0.19098301,
      "z" : -1.0
    }, {
      "x" : -0.618034,
      "y" : 0.309017,
      "z" : -0.809017
    }, {
      "x" : -0.809017,
      "y" : -0.618034,
      "z" : -0.309017
    } ],
    "faces" : [ {
      "vertices" : [ 9, 40, 35, 34, 10 ]
    }, {
      "vertices" : [ 0, 1, 2 ]
    }, {
      "vertices" : [ 33, 51, 49 ]
    }, {
      "vertices" : [ 25, 36, 37, 38 ]
    }, {
      "vertices" : [ 41, 55, 42 ]
    }, {
      "vertices" : [ 9, 32, 59, 40 ]
    }, {
      "vertices" : [ 20, 21, 52, 48 ]
    }, {
      "vertices" : [ 26, 33, 30, 29, 27 ]
    }, {
      "vertices" : [ 3, 4, 5, 6 ]
    }, {
      "vertices" : [ 27, 29, 44, 46 ]
    }, {
      "vertices" : [ 50, 57, 56, 55, 58 ]
    }, {
      "vertices" : [ 26, 38, 51, 33 ]
    }, {
      "vertices" : [ 45, 47, 58 ]
    }, {
      "vertices" : [ 18, 28, 57, 50 ]
    }, {
      "vertices" : [ 40, 59, 56 ]
    }, {
      "vertices" : [ 31, 48, 37, 43 ]
    }, {
      "vertices" : [ 7, 8, 9, 10 ]
    }, {
      "vertices" : [ 36, 41, 42, 43 ]
    }, {
      "vertices" : [ 24, 46, 47, 45 ]
    }, {
      "vertices" : [ 4, 30, 5 ]
    }, {
      "vertices" : [ 15, 47, 46, 44, 16 ]
    }, {
      "vertices" : [ 15, 50, 58, 47 ]
    }, {
      "vertices" : [ 24, 45, 41, 36, 25 ]
    }, {
      "vertices" : [ 11, 14, 19 ]
    }, {
      "vertices" : [ 3, 6, 39 ]
    }, {
      "vertices" : [ 1, 39, 6, 2 ]
    }, {
      "vertices" : [ 8, 32, 9 ]
    }, {
      "vertices" : [ 11, 12, 13, 14 ]
    }, {
      "vertices" : [ 16, 22, 17 ]
    }, {
      "vertices" : [ 0, 21, 20, 8, 7 ]
    }, {
      "vertices" : [ 12, 34, 13 ]
    }, {
      "vertices" : [ 35, 40, 56, 57 ]
    }, {
      "vertices" : [ 0, 7, 54, 1 ]
    }, {
      "vertices" : [ 15, 16, 17, 18 ]
    }, {
      "vertices" : [ 3, 19, 22, 23, 4 ]
    }, {
      "vertices" : [ 7, 10, 54 ]
    }, {
      "vertices" : [ 41, 45, 58, 55 ]
    }, {
      "vertices" : [ 3, 39, 11, 19 ]
    }, {
      "vertices" : [ 14, 17, 22, 19 ]
    }, {
      "vertices" : [ 0, 2, 53, 21 ]
    }, {
      "vertices" : [ 49, 51, 52, 53 ]
    }, {
      "vertices" : [ 31, 43, 42, 59, 32 ]
    }, {
      "vertices" : [ 15, 18, 50 ]
    }, {
      "vertices" : [ 42, 55, 56, 59 ]
    }, {
      "vertices" : [ 4, 23, 29, 30 ]
    }, {
      "vertices" : [ 25, 38, 26 ]
    }, {
      "vertices" : [ 13, 28, 18, 17, 14 ]
    }, {
      "vertices" : [ 8, 20, 31, 32 ]
    }, {
      "vertices" : [ 23, 44, 29 ]
    }, {
      "vertices" : [ 24, 27, 46 ]
    }, {
      "vertices" : [ 37, 48, 52, 51, 38 ]
    }, {
      "vertices" : [ 20, 48, 31 ]
    }, {
      "vertices" : [ 24, 25, 26, 27 ]
    }, {
      "vertices" : [ 16, 44, 23, 22 ]
    }, {
      "vertices" : [ 13, 34, 35, 28 ]
    }, {
      "vertices" : [ 10, 34, 12, 54 ]
    }, {
      "vertices" : [ 2, 6, 5, 49, 53 ]
    }, {
      "vertices" : [ 36, 43, 37 ]
    }, {
      "vertices" : [ 5, 30, 33, 49 ]
    }, {
      "vertices" : [ 1, 54, 12, 11, 39 ]
    }, {
      "vertices" : [ 28, 35, 57 ]
    }, {
      "vertices" : [ 21, 53, 52 ]
    } ]
  }, {
    "id" : "b0a18754-a7ec-495d-b8c5-b81c343f3f05",
    "vertices" : [ {
      "x" : 0.0,
      "y" : 0.0,
      "z" : 0.0
    }, {
      "x" : 1.7135255,
      "y" : -2.7725425,
      "z" : 7.913119
    }, {
      "x" : 1.7135255,
      "y" : -2.7725425,
      "z" : -1.059017
    } ],
    "faces" : [ {
      "vertices" : [ 0, 1, 2 ]
    }, {
      "vertices" : [ 0, 2, 1 ]
    } ]
  }, {
    "id" : "69c39231-1cb6-4e94-9439-dd6a9194c8eb",
    "orbit" : "orange",
    "orbitC" : "[[-4,3,5],[3,-1,5]]",
    "length" : "[1,1,2]",
    "name" : " :1/2 +1/2*phi",
    "vertices" : [ {
      "x" : 1.0,
      "y" : -0.309017,
      "z" : -0.19098301
    }, {
      "x" : 0.809017,
      "y" : 0.0,
      "z" : -0.690983
    }, {
      "x" : 1.0,
      "y" : 0.309017,
      "z" : -0.19098301
    }, {
      "x" : 1.809017,
      "y" : 0.0,
      "z" : -0.309017
    }, {
      "x" : 1.618034,
      "y" : 0.309017,
      "z" : -0.809017
    }, {
      "x" : 2.0,
      "y" : 0.309017,
      "z" : -0.19098301
    }, {
      "x" : 1.809017,
      "y" : 0.618034,
      "z" : -0.690983
    }, {
      "x" : 8.222136,
      "y" : 1.0954915,
      "z" : -2.0815594
    }, {
      "x" : 8.031153,
      "y" : 1.4045085,
      "z" : -2.5815594
    }, {
      "x" : 8.413119,
      "y" : 1.4045085,
      "z" : -1.9635255
    }, {
      "x" : 8.222136,
      "y" : 1.7135255,
      "z" : -2.4635255
    }, {
      "x" : 9.031153,
      "y" : 1.4045085,
      "z" : -2.5815594
    }, {
      "x" : 9.222136,
      "y" : 1.7135255,
      "z" : -2.0815594
    }, {
      "x" : 9.031153,
      "y" : 2.0225425,
      "z" : -2.5815594
    }, {
      "x" : 10.031153,
      "y" : 1.7135255,
      "z" : -2.7725425
    } ],
    "faces" : [ {
      "vertices" : [ 8, 13, 11 ]
    }, {
      "vertices" : [ 2, 5, 9, 10, 6 ]
    }, {
      "vertices" : [ 3, 4, 8, 11, 7 ]
    }, {
      "vertices" : [ 0, 2, 1 ]
    }, {
      "vertices" : [ 11, 13, 12 ]
    }, {
      "vertices" : [ 0, 5, 2 ]
    }, {
      "vertices" : [ 0, 3, 5 ]
    }, {
      "vertices" : [ 0, 1, 4, 3 ]
    }, {
      "vertices" : [ 1, 2, 6 ]
    }, {
      "vertices" : [ 1, 6, 4 ]
    }, {
      "vertices" : [ 9, 12, 13, 10 ]
    }, {
      "vertices" : [ 3, 7, 9, 5 ]
    }, {
      "vertices" : [ 7, 12, 9 ]
    }, {
      "vertices" : [ 4, 6, 10, 8 ]
    }, {
      "vertices" : [ 7, 11, 12 ]
    }, {
      "vertices" : [ 8, 10, 13 ]
    } ]
  }, {
    "id" : "baa91ca3-35d8-4a9a-91a0-19cb8f188a64",
    "vertices" : [ {
      "x" : 0.0,
      "y" : 0.0,
      "z" : 0.0
    }, {
      "x" : -2.118034,
      "y" : 3.427051,
      "z" : -5.545085
    }, {
      "x" : -3.8315594,
      "y" : 6.1995935,
      "z" : -4.486068
    } ],
    "faces" : [ {
      "vertices" : [ 0, 1, 2 ]
    }, {
      "vertices" : [ 0, 2, 1 ]
    } ]
  }, {
    "id" : "43fb9ba4-716b-4999-b813-aac686491b64",
    "vertices" : [ {
      "x" : 0.0,
      "y" : 0.0,
      "z" : 0.0
    }, {
      "x" : 1.059017,
      "y" : -1.7135255,
      "z" : -2.7725425
    }, {
      "x" : -4.486068,
      "y" : 7.2586102,
      "z" : -6.1995935
    } ],
    "faces" : [ {
      "vertices" : [ 0, 1, 2 ]
    }, {
      "vertices" : [ 0, 2, 1 ]
    } ]
  }, {
    "id" : "84fe7d2d-3779-4119-ac3b-597dfaca8cb2",
    "vertices" : [ {
      "x" : 0.0,
      "y" : 0.0,
      "z" : 0.0
    }, {
      "x" : -3.427051,
      "y" : 5.545085,
      "z" : -8.972136
    }, {
      "x" : -4.486068,
      "y" : 7.2586102,
      "z" : -6.1995935
    } ],
    "faces" : [ {
      "vertices" : [ 0, 1, 2 ]
    }, {
      "vertices" : [ 0, 2, 1 ]
    } ]
  }, {
    "id" : "40261935-e5d4-46ad-a2aa-6ebcf42ef531",
    "orbit" : "apple",
    "orbitC" : "[[2,-1,3],[-1,1,3]]",
    "length" : "[1,2,4]",
    "name" : " :1/4 +1/2*phi",
    "vertices" : [ {
      "x" : 0.559017,
      "y" : 0.4045085,
      "z" : 0.7725425
    }, {
      "x" : 0.5,
      "y" : 0.38196602,
      "z" : 0.809017
    }, {
      "x" : 0.309017,
      "y" : 0.309017,
      "z" : 0.927051
    }, {
      "x" : 0.25,
      "y" : 0.2864745,
      "z" : 0.9635255
    }, {
      "x" : 0.309017,
      "y" : 0.809017,
      "z" : 0.618034
    }, {
      "x" : 0.0,
      "y" : 0.690983,
      "z" : 0.809017
    }, {
      "x" : 0.042572472,
      "y" : 0.5570832,
      "z" : 1.7245873
    }, {
      "x" : 0.6101011,
      "y" : 0.8590048,
      "z" : 1.5278641
    }, {
      "x" : 0.46420303,
      "y" : 0.80327666,
      "z" : 1.618034
    }, {
      "x" : 0.14589803,
      "y" : 0.681695,
      "z" : 1.8147573
    }, {
      "x" : 0.14589803,
      "y" : 1.318305,
      "z" : 1.4213107
    }, {
      "x" : -0.17240697,
      "y" : 1.1967233,
      "z" : 1.618034
    }, {
      "x" : 0.8269155,
      "y" : 3.2893445,
      "z" : 5.6405764
    }, {
      "x" : 0.5086105,
      "y" : 3.167763,
      "z" : 5.8373
    }, {
      "x" : 0.5086105,
      "y" : 3.804373,
      "z" : 5.4438534
    }, {
      "x" : 0.19030546,
      "y" : 3.6827912,
      "z" : 5.6405764
    }, {
      "x" : 0.6545085,
      "y" : 3.795085,
      "z" : 6.4495935
    }, {
      "x" : 0.3454915,
      "y" : 3.677051,
      "z" : 6.6405764
    }, {
      "x" : 0.4045085,
      "y" : 4.1995935,
      "z" : 6.295085
    }, {
      "x" : 0.095491506,
      "y" : 4.0815597,
      "z" : 6.486068
    }, {
      "x" : 0.6545085,
      "y" : 4.486068,
      "z" : 7.2586102
    } ],
    "faces" : [ {
      "vertices" : [ 13, 17, 19, 15 ]
    }, {
      "vertices" : [ 14, 15, 19, 18 ]
    }, {
      "vertices" : [ 16, 18, 19, 17 ]
    }, {
      "vertices" : [ 0, 7, 1 ]
    }, {
      "vertices" : [ 8, 12, 13, 9 ]
    }, {
      "vertices" : [ 0, 4, 7 ]
    }, {
      "vertices" : [ 2, 6, 3 ]
    }, {
      "vertices" : [ 0, 3, 5, 4 ]
    }, {
      "vertices" : [ 8, 10, 14, 12 ]
    }, {
      "vertices" : [ 3, 6, 5 ]
    }, {
      "vertices" : [ 1, 7, 8 ]
    }, {
      "vertices" : [ 9, 13, 15, 11 ]
    }, {
      "vertices" : [ 2, 9, 6 ]
    }, {
      "vertices" : [ 10, 11, 15, 14 ]
    }, {
      "vertices" : [ 1, 8, 9, 2 ]
    }, {
      "vertices" : [ 4, 10, 7 ]
    }, {
      "vertices" : [ 5, 6, 11 ]
    }, {
      "vertices" : [ 7, 10, 8 ]
    }, {
      "vertices" : [ 6, 9, 11 ]
    }, {
      "vertices" : [ 12, 16, 17, 13 ]
    }, {
      "vertices" : [ 12, 14, 18, 16 ]
    }, {
      "vertices" : [ 4, 5, 11, 10 ]
    } ]
  }, {
    "id" : "c4109423-0620-4dec-967b-28272681156d",
    "vertices" : [ {
      "x" : 0.0,
      "y" : 0.0,
      "z" : 0.0
    }, {
      "x" : 1.059017,
      "y" : -1.7135255,
      "z" : 2.7725425
    }, {
      "x" : 2.7725425,
      "y" : -4.486068,
      "z" : -7.2586102
    } ],
    "faces" : [ {
      "vertices" : [ 0, 1, 2 ]
    }, {
      "vertices" : [ 0, 2, 1 ]
    } ]
  }, {
    "id" : "90dd39ad-613b-4a86-ae59-8e6b6763c018",
    "vertices" : [ {
      "x" : 0.0,
      "y" : 0.0,
      "z" : 0.0
    }, {
      "x" : -1.7135255,
      "y" : 2.7725425,
      "z" : -1.059017
    }, {
      "x" : -2.7725425,
      "y" : 4.486068,
      "z" : 1.7135255
    }, {
      "x" : -1.059017,
      "y" : 1.7135255,
      "z" : 2.7725425
    } ],
    "faces" : [ {
      "vertices" : [ 0, 1, 2, 3 ]
    }, {
      "vertices" : [ 0, 3, 2, 1 ]
    } ]
  }, {
    "id" : "6afc778d-8c0a-4902-b53c-e40288931972",
    "vertices" : [ {
      "x" : 0.0,
      "y" : 0.0,
      "z" : 0.0
    }, {
      "x" : 0.0,
      "y" : 0.0,
      "z" : 11.09017
    }, {
      "x" : 1.7135255,
      "y" : -2.7725425,
      "z" : 10.031153
    } ],
    "faces" : [ {
      "vertices" : [ 0, 1, 2 ]
    }, {
      "vertices" : [ 0, 2, 1 ]
    } ]
  }, {
    "id" : "72c1ff2f-ff93-44d4-bc93-9dad3014a286",
    "vertices" : [ {
      "x" : 0.0,
      "y" : 0.0,
      "z" : 0.0
    }, {
      "x" : -3.427051,
      "y" : 5.545085,
      "z" : 5.545085
    }, {
      "x" : 1.059017,
      "y" : -1.7135255,
      "z" : 2.7725425
    } ],
    "faces" : [ {
      "vertices" : [ 0, 1, 2 ]
    }, {
      "vertices" : [ 0, 2, 1 ]
    } ]
  }, {
    "id" : "a5eb7ee0-e724-4a7f-bbc7-0c470f8b8a51",
    "vertices" : [ {
      "x" : 0.0,
      "y" : 0.0,
      "z" : 0.0
    }, {
      "x" : 4.486068,
      "y" : -7.2586102,
      "z" : -0.6545085
    }, {
      "x" : 0.0,
      "y" : 0.0,
      "z" : -3.427051
    } ],
    "faces" : [ {
      "vertices" : [ 0, 1, 2 ]
    }, {
      "vertices" : [ 0, 2, 1 ]
    } ]
  }, {
    "id" : "a0491de2-b762-4d52-92ba-ed55b727f786",
    "vertices" : [ {
      "x" : 0.0,
      "y" : 0.0,
      "z" : 0.0
    }, {
      "x" : -1.7135255,
      "y" : 2.7725425,
      "z" : -7.913119
    }, {
      "x" : -1.7135255,
      "y" : 2.7725425,
      "z" : -1.059017
    } ],
    "faces" : [ {
      "vertices" : [ 0, 1, 2 ]
    }, {
      "vertices" : [ 0, 2, 1 ]
    } ]
  }, {
    "id" : "b5ef539d-b854-44c9-9721-641b0d3eda5c",
    "vertices" : [ {
      "x" : 0.0,
      "y" : 0.0,
      "z" : 0.0
    }, {
      "x" : 0.0,
      "y" : 0.0,
      "z" : -8.972136
    }, {
      "x" : -1.7135255,
      "y" : 2.7725425,
      "z" : -10.031153
    } ],
    "faces" : [ {
      "vertices" : [ 0, 1, 2 ]
    }, {
      "vertices" : [ 0, 2, 1 ]
    } ]
  }, {
    "id" : "de7b442d-43e8-44cd-a340-cb2124cb6aae",
    "vertices" : [ {
      "x" : 0.0,
      "y" : 0.0,
      "z" : 0.0
    }, {
      "x" : 0.0,
      "y" : 0.0,
      "z" : -3.427051
    }, {
      "x" : -1.7135255,
      "y" : 2.7725425,
      "z" : -2.368034
    }, {
      "x" : -1.7135255,
      "y" : 2.7725425,
      "z" : 1.059017
    } ],
    "faces" : [ {
      "vertices" : [ 0, 1, 2, 3 ]
    }, {
      "vertices" : [ 0, 3, 2, 1 ]
    } ]
  }, {
    "id" : "b51c441d-da39-4338-b704-4ef9194f21c6",
    "vertices" : [ {
      "x" : 0.0,
      "y" : 0.0,
      "z" : 0.0
    }, {
      "x" : 1.7135255,
      "y" : -2.7725425,
      "z" : 1.059017
    }, {
      "x" : 1.7135255,
      "y" : -2.7725425,
      "z" : -10.031153
    } ],
    "faces" : [ {
      "vertices" : [ 0, 1, 2 ]
    }, {
      "vertices" : [ 0, 2, 1 ]
    } ]
  }, {
    "id" : "74e5f82e-debe-4b46-9eec-c34de64d4d3a",
    "vertices" : [ {
      "x" : 0.0,
      "y" : 0.0,
      "z" : 0.0
    }, {
      "x" : 0.0,
      "y" : 0.0,
      "z" : 3.427051
    }, {
      "x" : 1.7135255,
      "y" : -2.7725425,
      "z" : 2.368034
    }, {
      "x" : 1.7135255,
      "y" : -2.7725425,
      "z" : -1.059017
    } ],
    "faces" : [ {
      "vertices" : [ 0, 1, 2, 3 ]
    }, {
      "vertices" : [ 0, 3, 2, 1 ]
    } ]
  }, {
    "id" : "56a704a3-ac7f-496f-9476-49fe56fee022",
    "vertices" : [ {
      "x" : 0.0,
      "y" : 0.0,
      "z" : 0.0
    }, {
      "x" : 3.427051,
      "y" : -5.545085,
      "z" : -5.545085
    }, {
      "x" : 0.0,
      "y" : 0.0,
      "z" : -3.427051
    } ],
    "faces" : [ {
      "vertices" : [ 0, 1, 2 ]
    }, {
      "vertices" : [ 0, 2, 1 ]
    } ]
  }, {
    "id" : "55f16dd7-3c78-4dca-a63f-73e9f3ecee8c",
    "vertices" : [ {
      "x" : 0.0,
      "y" : 0.0,
      "z" : 0.0
    }, {
      "x" : 2.7725425,
      "y" : -4.486068,
      "z" : 7.2586102
    }, {
      "x" : 4.486068,
      "y" : -7.2586102,
      "z" : 6.1995935
    } ],
    "faces" : [ {
      "vertices" : [ 0, 1, 2 ]
    }, {
      "vertices" : [ 0, 2, 1 ]
    } ]
  }, {
    "id" : "eb315d73-ca4c-49b4-bb3d-ba09400f4347",
    "vertices" : [ {
      "x" : 0.0,
      "y" : 0.0,
      "z" : 0.0
    }, {
      "x" : 0.0,
      "y" : 0.0,
      "z" : 6.854102
    }, {
      "x" : 1.7135255,
      "y" : -2.7725425,
      "z" : 7.913119
    } ],
    "faces" : [ {
      "vertices" : [ 0, 1, 2 ]
    }, {
      "vertices" : [ 0, 2, 1 ]
    } ]
  }, {
    "id" : "4b981b6a-ec9d-42d9-8dd3-8b3a7511ebfc",
    "vertices" : [ {
      "x" : 0.0,
      "y" : 0.0,
      "z" : 0.0
    }, {
      "x" : 1.7135255,
      "y" : -2.7725425,
      "z" : -1.059017
    }, {
      "x" : -2.7725425,
      "y" : 4.486068,
      "z" : -7.2586102
    } ],
    "faces" : [ {
      "vertices" : [ 0, 1, 2 ]
    }, {
      "vertices" : [ 0, 2, 1 ]
    } ]
  }, {
    "id" : "5aca17ed-0aaf-489a-965c-7837e058fe96",
    "vertices" : [ {
      "x" : 0.0,
      "y" : 0.0,
      "z" : 0.0
    }, {
      "x" : 1.7135255,
      "y" : -2.7725425,
      "z" : 1.059017
    }, {
      "x" : 1.7135255,
      "y" : -2.7725425,
      "z" : -2.368034
    }, {
      "x" : 0.0,
      "y" : 0.0,
      "z" : -3.427051
    } ],
    "faces" : [ {
      "vertices" : [ 0, 1, 2, 3 ]
    }, {
      "vertices" : [ 0, 3, 2, 1 ]
    } ]
  }, {
    "id" : "e49f08be-6972-429d-9525-8875e7d321ba",
    "vertices" : [ {
      "x" : 0.0,
      "y" : 0.0,
      "z" : 0.0
    }, {
      "x" : 3.8315594,
      "y" : -6.1995935,
      "z" : 4.486068
    }, {
      "x" : 1.7135255,
      "y" : -2.7725425,
      "z" : -1.059017
    } ],
    "faces" : [ {
      "vertices" : [ 0, 1, 2 ]
    }, {
      "vertices" : [ 0, 2, 1 ]
    } ]
  } ],
  "instances" : [ {
    "shape" : "fd0f268e-a331-44b2-9fa9-95621087ee31",
    "color" : "#008EC2",
    "position" : {
      "x" : 17.944271,
      "y" : 0.0,
      "z" : 6.854102
    },
    "orientation" : 51
  }, {
    "shape" : "3e517ecb-a8ae-48e0-ba61-8ee243e1a565",
    "color" : "#000099",
    "position" : {
      "x" : -10.031153,
      "y" : -12.803696,
      "z" : -8.317628
    },
    "orientation" : 1
  }, {
    "shape" : "2308e6fd-7b00-4a8d-b250-31bfff22b787",
    "color" : "#F2F2F2",
    "position" : {
      "x" : 16.230747,
      "y" : -2.7725425,
      "z" : -7.913119
    }
  }, {
    "shape" : "b0a18754-a7ec-495d-b8c5-b81c343f3f05",
    "color" : "#000099",
    "position" : {
      "x" : -3.427051,
      "y" : -17.944271,
      "z" : 0.0
    },
    "orientation" : 1
  }, {
    "shape" : "69c39231-1cb6-4e94-9439-dd6a9194c8eb",
    "color" : "#EB5200",
    "position" : {
      "x" : 16.230747,
      "y" : 2.7725425,
      "z" : 4.486068
    },
    "orientation" : 48
  }, {
    "shape" : "baa91ca3-35d8-4a9a-91a0-19cb8f188a64",
    "color" : "#000099",
    "position" : {
      "x" : -7.913119,
      "y" : 16.230747,
      "z" : 2.7725425
    },
    "orientation" : 15
  }, {
    "shape" : "2308e6fd-7b00-4a8d-b250-31bfff22b787",
    "color" : "#F2F2F2",
    "position" : {
      "x" : -14.5172205,
      "y" : 0.0,
      "z" : -5.545085
    }
  }, {
    "shape" : "2308e6fd-7b00-4a8d-b250-31bfff22b787",
    "color" : "#F2F2F2",
    "position" : {
      "x" : 16.230747,
      "y" : -2.7725425,
      "z" : -4.486068
    }
  }, {
    "shape" : "69c39231-1cb6-4e94-9439-dd6a9194c8eb",
    "color" : "#EB5200",
    "position" : {
      "x" : -14.5172205,
      "y" : 0.0,
      "z" : 5.545085
    },
    "orientation" : 47
  }, {
    "shape" : "43fb9ba4-716b-4999-b813-aac686491b64",
    "color" : "#000099",
    "position" : {
      "x" : 11.7446785,
      "y" : 10.031153,
      "z" : 7.2586102
    },
    "orientation" : 16
  }, {
    "shape" : "84fe7d2d-3779-4119-ac3b-597dfaca8cb2",
    "color" : "#000099",
    "position" : {
      "x" : 8.972136,
      "y" : 8.972136,
      "z" : 8.972136
    },
    "orientation" : 0
  }, {
    "shape" : "2308e6fd-7b00-4a8d-b250-31bfff22b787",
    "color" : "#F2F2F2",
    "position" : {
      "x" : -11.7446785,
      "y" : 10.031153,
      "z" : 7.2586102
    }
  }, {
    "shape" : "2308e6fd-7b00-4a8d-b250-31bfff22b787",
    "color" : "#F2F2F2",
    "position" : {
      "x" : -11.7446785,
      "y" : -10.031153,
      "z" : -7.2586102
    }
  }, {
    "shape" : "2308e6fd-7b00-4a8d-b250-31bfff22b787",
    "color" : "#F2F2F2",
    "position" : {
      "x" : 16.230747,
      "y" : 2.7725425,
      "z" : 7.913119
    }
  }, {
    "shape" : "40261935-e5d4-46ad-a2aa-6ebcf42ef531",
    "color" : "#74C300",
    "position" : {
      "x" : 16.230747,
      "y" : 2.7725425,
      "z" : 7.913119
    },
    "orientation" : 47
  }, {
    "shape" : "69c39231-1cb6-4e94-9439-dd6a9194c8eb",
    "color" : "#EB5200",
    "position" : {
      "x" : 4.486068,
      "y" : -16.230747,
      "z" : -2.7725425
    },
    "orientation" : 49
  }, {
    "shape" : "69c39231-1cb6-4e94-9439-dd6a9194c8eb",
    "color" : "#EB5200",
    "position" : {
      "x" : -4.486068,
      "y" : 16.230747,
      "z" : 2.7725425
    },
    "orientation" : 27
  }, {
    "shape" : "84fe7d2d-3779-4119-ac3b-597dfaca8cb2",
    "color" : "#000099",
    "position" : {
      "x" : 8.972136,
      "y" : -8.972136,
      "z" : -8.972136
    },
    "orientation" : 15
  }, {
    "shape" : "2308e6fd-7b00-4a8d-b250-31bfff22b787",
    "color" : "#F2F2F2",
    "position" : {
      "x" : 4.486068,
      "y" : -16.230747,
      "z" : -2.7725425
    }
  }, {
    "shape" : "c4109423-0620-4dec-967b-28272681156d",
    "color" : "#000099",
    "position" : {
      "x" : -16.230747,
      "y" : -2.7725425,
      "z" : -4.486068
    },
    "orientation" : 47
  }, {
    "shape" : "69c39231-1cb6-4e94-9439-dd6a9194c8eb",
    "color" : "#EB5200",
    "position" : {
      "x" : -14.5172205,
      "y" : 0.0,
      "z" : -5.545085
    },
    "orientation" : 28
  }, {
    "shape" : "90dd39ad-613b-4a86-ae59-8e6b6763c018",
    "color" : "#000099",
    "position" : {
      "x" : -12.803696,
      "y" : -8.317628,
      "z" : -10.031153
    },
    "orientation" : 30
  }, {
    "shape" : "6afc778d-8c0a-4902-b53c-e40288931972",
    "color" : "#000099",
    "position" : {
      "x" : -14.5172205,
      "y" : 0.0,
      "z" : 5.545085
    },
    "orientation" : 45
  }, {
    "shape" : "40261935-e5d4-46ad-a2aa-6ebcf42ef531",
    "color" : "#74C300",
    "position" : {
      "x" : -7.913119,
      "y" : -16.230747,
      "z" : -2.7725425
    },
    "orientation" : 7
  }, {
    "shape" : "2308e6fd-7b00-4a8d-b250-31bfff22b787",
    "color" : "#F2F2F2",
    "position" : {
      "x" : 17.944271,
      "y" : 0.0,
      "z" : -3.427051
    }
  }, {
    "shape" : "72c1ff2f-ff93-44d4-bc93-9dad3014a286",
    "color" : "#000099",
    "position" : {
      "x" : -12.803696,
      "y" : -8.317628,
      "z" : -10.031153
    },
    "orientation" : 0
  }, {
    "shape" : "a5eb7ee0-e724-4a7f-bbc7-0c470f8b8a51",
    "color" : "#000099",
    "position" : {
      "x" : 16.230747,
      "y" : -2.7725425,
      "z" : -7.913119
    },
    "orientation" : 45
  }, {
    "shape" : "2308e6fd-7b00-4a8d-b250-31bfff22b787",
    "color" : "#F2F2F2",
    "position" : {
      "x" : -10.031153,
      "y" : -12.803696,
      "z" : -8.317628
    }
  }, {
    "shape" : "2308e6fd-7b00-4a8d-b250-31bfff22b787",
    "color" : "#F2F2F2",
    "position" : {
      "x" : 17.944271,
      "y" : 0.0,
      "z" : 6.854102
    }
  }, {
    "shape" : "a0491de2-b762-4d52-92ba-ed55b727f786",
    "color" : "#000099",
    "position" : {
      "x" : 16.230747,
      "y" : -2.7725425,
      "z" : -4.486068
    },
    "orientation" : 45
  }, {
    "shape" : "2308e6fd-7b00-4a8d-b250-31bfff22b787",
    "color" : "#F2F2F2",
    "position" : {
      "x" : 17.944271,
      "y" : 0.0,
      "z" : -6.854102
    }
  }, {
    "shape" : "2308e6fd-7b00-4a8d-b250-31bfff22b787",
    "color" : "#F2F2F2",
    "position" : {
      "x" : -14.5172205,
      "y" : 0.0,
      "z" : 5.545085
    }
  }, {
    "shape" : "69c39231-1cb6-4e94-9439-dd6a9194c8eb",
    "color" : "#EB5200",
    "position" : {
      "x" : 8.972136,
      "y" : 8.972136,
      "z" : 8.972136
    },
    "orientation" : 55
  }, {
    "shape" : "43fb9ba4-716b-4999-b813-aac686491b64",
    "color" : "#000099",
    "position" : {
      "x" : 11.7446785,
      "y" : -10.031153,
      "z" : -7.2586102
    },
    "orientation" : 1
  }, {
    "shape" : "2308e6fd-7b00-4a8d-b250-31bfff22b787",
    "color" : "#F2F2F2",
    "position" : {
      "x" : -7.913119,
      "y" : 16.230747,
      "z" : 2.7725425
    }
  }, {
    "shape" : "2308e6fd-7b00-4a8d-b250-31bfff22b787",
    "color" : "#F2F2F2",
    "position" : {
      "x" : -4.486068,
      "y" : 16.230747,
      "z" : 2.7725425
    }
  }, {
    "shape" : "90dd39ad-613b-4a86-ae59-8e6b6763c018",
    "color" : "#000099",
    "position" : {
      "x" : -12.803696,
      "y" : 8.317628,
      "z" : 10.031153
    },
    "orientation" : 45
  }, {
    "shape" : "69c39231-1cb6-4e94-9439-dd6a9194c8eb",
    "color" : "#EB5200",
    "position" : {
      "x" : -4.486068,
      "y" : -16.230747,
      "z" : -2.7725425
    },
    "orientation" : 12
  }, {
    "shape" : "2308e6fd-7b00-4a8d-b250-31bfff22b787",
    "color" : "#F2F2F2",
    "position" : {
      "x" : 11.7446785,
      "y" : 10.031153,
      "z" : 7.2586102
    }
  }, {
    "shape" : "2308e6fd-7b00-4a8d-b250-31bfff22b787",
    "color" : "#F2F2F2",
    "position" : {
      "x" : 16.230747,
      "y" : 2.7725425,
      "z" : 4.486068
    }
  }, {
    "shape" : "40261935-e5d4-46ad-a2aa-6ebcf42ef531",
    "color" : "#74C300",
    "position" : {
      "x" : -10.031153,
      "y" : 12.803696,
      "z" : 8.317628
    },
    "orientation" : 18
  }, {
    "shape" : "b5ef539d-b854-44c9-9721-641b0d3eda5c",
    "color" : "#000099",
    "position" : {
      "x" : -4.486068,
      "y" : -16.230747,
      "z" : -2.7725425
    },
    "orientation" : 31
  }, {
    "shape" : "40261935-e5d4-46ad-a2aa-6ebcf42ef531",
    "color" : "#74C300",
    "position" : {
      "x" : 17.944271,
      "y" : 0.0,
      "z" : 3.427051
    },
    "orientation" : 39
  }, {
    "shape" : "69c39231-1cb6-4e94-9439-dd6a9194c8eb",
    "color" : "#EB5200",
    "position" : {
      "x" : -16.230747,
      "y" : 2.7725425,
      "z" : 4.486068
    },
    "orientation" : 29
  }, {
    "shape" : "fd0f268e-a331-44b2-9fa9-95621087ee31",
    "color" : "#008EC2",
    "position" : {
      "x" : -11.09017,
      "y" : 11.09017,
      "z" : 11.09017
    },
    "orientation" : 36
  }, {
    "shape" : "72c1ff2f-ff93-44d4-bc93-9dad3014a286",
    "color" : "#000099",
    "position" : {
      "x" : -12.803696,
      "y" : 8.317628,
      "z" : 10.031153
    },
    "orientation" : 15
  }, {
    "shape" : "de7b442d-43e8-44cd-a340-cb2124cb6aae",
    "color" : "#000099",
