{
  "field" : "golden",
  "symmetry" : "icosahedral",
  "orientations" : [ [ 1.0, 0.0, 0.0, 0.0, 0.0, 1.0, 0.0, 0.0, 0.0, 0.0, 1.0, 0.0, 0.0, 0.0, 0.0, 1.0 ], [ 0.0, 0.0, 1.0, 0.0, 1.0, 0.0, 0.0, 0.0, 0.0, 1.0, 0.0, 0.0, 0.0, 0.0, 0.0, 1.0 ], [ 0.0, 1.0, 0.0, 0.0, 0.0, 0.0, 1.0, 0.0, 1.0, 0.0, 0.0, 0.0, 0.0, 0.0, 0.0, 1.0 ], [ 0.809017, 0.309017, 0.5, 0.0, 0.309017, 0.5, -0.809017, 0.0, -0.5, 0.809017, 0.309017, 0.0, 0.0, 0.0, 0.0, 1.0 ], [ -0.5, 0.809017, 0.309017, 0.0, 0.809017, 0.309017, 0.5, 0.0, 0.309017, 0.5, -0.809017, 0.0, 0.0, 0.0, 0.0, 1.0 ], [ 0.309017, 0.5, -0.809017, 0.0, -0.5, 0.809017, 0.309017, 0.0, 0.809017, 0.309017, 0.5, 0.0, 0.0, 0.0, 0.0, 1.0 ], [ 0.5, 0.809017, 0.309017, 0.0, 0.809017, -0.309017, -0.5, 0.0, -0.309017, 0.5, -0.809017, 0.0, 0.0, 0.0, 0.0, 1.0 ], [ -0.309017, 0.5, -0.809017, 0.0, 0.5, 0.809017, 0.309017, 0.0, 0.809017, -0.309017, -0.5, 0.0, 0.0, 0.0, 0.0, 1.0 ], [ 0.809017, -0.309017, -0.5, 0.0, -0.309017, 0.5, -0.809017, 0.0, 0.5, 0.809017, 0.309017, 0.0, 0.0, 0.0, 0.0, 1.0 ], [ 0.5, 0.809017, -0.309017, 0.0, 0.809017, -0.309017, 0.5, 0.0, 0.309017, -0.5, -0.809017, 0.0, 0.0, 0.0, 0.0, 1.0 ], [ 0.309017, -0.5, -0.809017, 0.0, 0.5, 0.809017, -0.309017, 0.0, 0.809017, -0.309017, 0.5, 0.0, 0.0, 0.0, 0.0, 1.0 ], [ 0.809017, -0.309017, 0.5, 0.0, 0.309017, -0.5, -0.809017, 0.0, 0.5, 0.809017, -0.309017, 0.0, 0.0, 0.0, 0.0, 1.0 ], [ 0.809017, 0.309017, -0.5, 0.0, 0.309017, 0.5, 0.809017, 0.0, 0.5, -0.809017, 0.309017, 0.0, 0.0, 0.0, 0.0, 1.0 ], [ 0.5, -0.809017, 0.309017, 0.0, 0.809017, 0.309017, -0.5, 0.0, 0.309017, 0.5, 0.809017, 0.0, 0.0, 0.0, 0.0, 1.0 ], [ 0.309017, 0.5, 0.809017, 0.0, 0.5, -0.809017, 0.309017, 0.0, 0.809017, 0.309017, -0.5, 0.0, 0.0, 0.0, 0.0, 1.0 ], [ 1.0, 0.0, 0.0, 0.0, 0.0, -1.0, 0.0, 0.0, 0.0, 0.0, -1.0, 0.0, 0.0, 0.0, 0.0, 1.0 ], [ 0.0, 0.0, 1.0, 0.0, -1.0, 0.0, 0.0, 0.0, 0.0, -1.0, 0.0, 0.0, 0.0, 0.0, 0.0, 1.0 ], [ 0.0, 1.0, 0.0, 0.0, 0.0, 0.0, -1.0, 0.0, -1.0, 0.0, 0.0, 0.0, 0.0, 0.0, 0.0, 1.0 ], [ 0.809017, 0.309017, 0.5, 0.0, -0.309017, -0.5, 0.809017, 0.0, 0.5, -0.809017, -0.309017, 0.0, 0.0, 0.0, 0.0, 1.0 ], [ -0.5, 0.809017, 0.309017, 0.0, -0.809017, -0.309017, -0.5, 0.0, -0.309017, -0.5, 0.809017, 0.0, 0.0, 0.0, 0.0, 1.0 ], [ 0.309017, 0.5, -0.809017, 0.0, 0.5, -0.809017, -0.309017, 0.0, -0.809017, -0.309017, -0.5, 0.0, 0.0, 0.0, 0.0, 1.0 ], [ 0.5, 0.809017, 0.309017, 0.0, -0.809017, 0.309017, 0.5, 0.0, 0.309017, -0.5, 0.809017, 0.0, 0.0, 0.0, 0.0, 1.0 ], [ -0.309017, 0.5, -0.809017, 0.0, -0.5, -0.809017, -0.309017, 0.0, -0.809017, 0.309017, 0.5, 0.0, 0.0, 0.0, 0.0, 1.0 ], [ 0.809017, -0.309017, -0.5, 0.0, 0.309017, -0.5, 0.809017, 0.0, -0.5, -0.809017, -0.309017, 0.0, 0.0, 0.0, 0.0, 1.0 ], [ 0.5, 0.809017, -0.309017, 0.0, -0.809017, 0.309017, -0.5, 0.0, -0.309017, 0.5, 0.809017, 0.0, 0.0, 0.0, 0.0, 1.0 ], [ 0.309017, -0.5, -0.809017, 0.0, -0.5, -0.809017, 0.309017, 0.0, -0.809017, 0.309017, -0.5, 0.0, 0.0, 0.0, 0.0, 1.0 ], [ 0.809017, -0.309017, 0.5, 0.0, -0.309017, 0.5, 0.809017, 0.0, -0.5, -0.809017, 0.309017, 0.0, 0.0, 0.0, 0.0, 1.0 ], [ 0.809017, 0.309017, -0.5, 0.0, -0.309017, -0.5, -0.809017, 0.0, -0.5, 0.809017, -0.309017, 0.0, 0.0, 0.0, 0.0, 1.0 ], [ 0.5, -0.809017, 0.309017, 0.0, -0.809017, -0.309017, 0.5, 0.0, -0.309017, -0.5, -0.809017, 0.0, 0.0, 0.0, 0.0, 1.0 ], [ 0.309017, 0.5, 0.809017, 0.0, -0.5, 0.809017, -0.309017, 0.0, -0.809017, -0.309017, 0.5, 0.0, 0.0, 0.0, 0.0, 1.0 ], [ -1.0, 0.0, 0.0, 0.0, 0.0, -1.0, 0.0, 0.0, 0.0, 0.0, 1.0, 0.0, 0.0, 0.0, 0.0, 1.0 ], [ 0.0, 0.0, -1.0, 0.0, -1.0, 0.0, 0.0, 0.0, 0.0, 1.0, 0.0, 0.0, 0.0, 0.0, 0.0, 1.0 ], [ 0.0, -1.0, 0.0, 0.0, 0.0, 0.0, -1.0, 0.0, 1.0, 0.0, 0.0, 0.0, 0.0, 0.0, 0.0, 1.0 ], [ -0.809017, -0.309017, -0.5, 0.0, -0.309017, -0.5, 0.809017, 0.0, -0.5, 0.809017, 0.309017, 0.0, 0.0, 0.0, 0.0, 1.0 ], [ 0.5, -0.809017, -0.309017, 0.0, -0.809017, -0.309017, -0.5, 0.0, 0.309017, 0.5, -0.809017, 0.0, 0.0, 0.0, 0.0, 1.0 ], [ -0.309017, -0.5, 0.809017, 0.0, 0.5, -0.809017, -0.309017, 0.0, 0.809017, 0.309017, 0.5, 0.0, 0.0, 0.0, 0.0, 1.0 ], [ -0.5, -0.809017, -0.309017, 0.0, -0.809017, 0.309017, 0.5, 0.0, -0.309017, 0.5, -0.809017, 0.0, 0.0, 0.0, 0.0, 1.0 ], [ 0.309017, -0.5, 0.809017, 0.0, -0.5, -0.809017, -0.309017, 0.0, 0.809017, -0.309017, -0.5, 0.0, 0.0, 0.0, 0.0, 1.0 ], [ -0.809017, 0.309017, 0.5, 0.0, 0.309017, -0.5, 0.809017, 0.0, 0.5, 0.809017, 0.309017, 0.0, 0.0, 0.0, 0.0, 1.0 ], [ -0.5, -0.809017, 0.309017, 0.0, -0.809017, 0.309017, -0.5, 0.0, 0.309017, -0.5, -0.809017, 0.0, 0.0, 0.0, 0.0, 1.0 ], [ -0.309017, 0.5, 0.809017, 0.0, -0.5, -0.809017, 0.309017, 0.0, 0.809017, -0.309017, 0.5, 0.0, 0.0, 0.0, 0.0, 1.0 ], [ -0.809017, 0.309017, -0.5, 0.0, -0.309017, 0.5, 0.809017, 0.0, 0.5, 0.809017, -0.309017, 0.0, 0.0, 0.0, 0.0, 1.0 ], [ -0.809017, -0.309017, 0.5, 0.0, -0.309017, -0.5, -0.809017, 0.0, 0.5, -0.809017, 0.309017, 0.0, 0.0, 0.0, 0.0, 1.0 ], [ -0.5, 0.809017, -0.309017, 0.0, -0.809017, -0.309017, 0.5, 0.0, 0.309017, 0.5, 0.809017, 0.0, 0.0, 0.0, 0.0, 1.0 ], [ -0.309017, -0.5, -0.809017, 0.0, -0.5, 0.809017, -0.309017, 0.0, 0.809017, 0.309017, -0.5, 0.0, 0.0, 0.0, 0.0, 1.0 ], [ -1.0, 0.0, 0.0, 0.0, 0.0, 1.0, 0.0, 0.0, 0.0, 0.0, -1.0, 0.0, 0.0, 0.0, 0.0, 1.0 ], [ 0.0, 0.0, -1.0, 0.0, 1.0, 0.0, 0.0, 0.0, 0.0, -1.0, 0.0, 0.0, 0.0, 0.0, 0.0, 1.0 ], [ 0.0, -1.0, 0.0, 0.0, 0.0, 0.0, 1.0, 0.0, -1.0, 0.0, 0.0, 0.0, 0.0, 0.0, 0.0, 1.0 ], [ -0.809017, -0.309017, -0.5, 0.0, 0.309017, 0.5, -0.809017, 0.0, 0.5, -0.809017, -0.309017, 0.0, 0.0, 0.0, 0.0, 1.0 ], [ 0.5, -0.809017, -0.309017, 0.0, 0.809017, 0.309017, 0.5, 0.0, -0.309017, -0.5, 0.809017, 0.0, 0.0, 0.0, 0.0, 1.0 ], [ -0.309017, -0.5, 0.809017, 0.0, -0.5, 0.809017, 0.309017, 0.0, -0.809017, -0.309017, -0.5, 0.0, 0.0, 0.0, 0.0, 1.0 ], [ -0.5, -0.809017, -0.309017, 0.0, 0.809017, -0.309017, -0.5, 0.0, 0.309017, -0.5, 0.809017, 0.0, 0.0, 0.0, 0.0, 1.0 ], [ 0.309017, -0.5, 0.809017, 0.0, 0.5, 0.809017, 0.309017, 0.0, -0.809017, 0.309017, 0.5, 0.0, 0.0, 0.0, 0.0, 1.0 ], [ -0.809017, 0.309017, 0.5, 0.0, -0.309017, 0.5, -0.809017, 0.0, -0.5, -0.809017, -0.309017, 0.0, 0.0, 0.0, 0.0, 1.0 ], [ -0.5, -0.809017, 0.309017, 0.0, 0.809017, -0.309017, 0.5, 0.0, -0.309017, 0.5, 0.809017, 0.0, 0.0, 0.0, 0.0, 1.0 ], [ -0.309017, 0.5, 0.809017, 0.0, 0.5, 0.809017, -0.309017, 0.0, -0.809017, 0.309017, -0.5, 0.0, 0.0, 0.0, 0.0, 1.0 ], [ -0.809017, 0.309017, -0.5, 0.0, 0.309017, -0.5, -0.809017, 0.0, -0.5, -0.809017, 0.309017, 0.0, 0.0, 0.0, 0.0, 1.0 ], [ -0.809017, -0.309017, 0.5, 0.0, 0.309017, 0.5, 0.809017, 0.0, -0.5, 0.809017, -0.309017, 0.0, 0.0, 0.0, 0.0, 1.0 ], [ -0.5, 0.809017, -0.309017, 0.0, 0.809017, 0.309017, -0.5, 0.0, -0.309017, -0.5, -0.809017, 0.0, 0.0, 0.0, 0.0, 1.0 ], [ -0.309017, -0.5, -0.809017, 0.0, 0.5, -0.809017, 0.309017, 0.0, -0.809017, -0.309017, 0.5, 0.0, 0.0, 0.0, 0.0, 1.0 ] ],
  "lights" : {
    "directionalLights" : [ {
      "direction" : {
        "x" : 1.0,
        "y" : -1.0,
        "z" : -1.0
      },
      "color" : "#EBEBE4"
    }, {
      "direction" : {
        "x" : -1.0,
        "y" : 0.0,
        "z" : 0.0
      },
      "color" : "#E4E4EB"
    }, {
      "direction" : {
        "x" : 0.0,
        "y" : 0.0,
        "z" : -1.0
      },
      "color" : "#1E1E1E"
    } ],
    "backgroundColor" : "#AFC8DC",
    "ambientColor" : "#292929"
  },
  "camera" : {
    "position" : {
      "x" : -26.186907,
      "y" : 451.87653,
      "z" : -250.71602
    },
    "width" : 232.84474,
    "perspective" : true,
    "fieldOfView" : 0.44262895,
    "viewDistance" : 517.4327,
    "farClipDistance" : 1034.8651,
    "lookAtPoint" : {
      "x" : 0.0,
      "y" : 0.0,
      "z" : 0.0
    },
    "nearClipDistance" : 1.293582,
    "lookDirection" : {
      "x" : 0.0506093,
      "y" : -0.87330496,
      "z" : 0.48453844
    },
    "upDirection" : {
      "x" : 0.23992293,
      "y" : 0.48158234,
      "z" : 0.8429211
    },
    "stereo" : false
  },
  "embedding" : [ 1.0, 0.0, 0.0, 0.0, 0.0, 1.0, 0.0, 0.0, 0.0, 0.0, 1.0, 0.0, 0.0, 0.0, 0.0, 1.0 ],
  "shapes" : [ {
    "id" : "1611bd30-7f5e-4cf7-b27b-c3ac393713ef",
    "vertices" : [ {
      "x" : 6.736068,
      "y" : 38.315594,
      "z" : -0.309017
    }, {
      "x" : 6.354102,
      "y" : 38.315594,
      "z" : -0.309017
    }, {
      "x" : 6.663119,
      "y" : 39.12461,
      "z" : -0.309017
    }, {
      "x" : 7.045085,
      "y" : 39.12461,
      "z" : -0.309017
    }, {
      "x" : 0.11803399,
      "y" : 1.809017,
      "z" : 0.309017
    }, {
      "x" : 0.5,
      "y" : 1.809017,
      "z" : 0.309017
    }, {
      "x" : 6.736068,
      "y" : 38.315594,
      "z" : 0.309017
    }, {
      "x" : 6.354102,
      "y" : 38.315594,
      "z" : 0.309017
    }, {
      "x" : -0.19098301,
      "y" : 1.0,
      "z" : 0.309017
    }, {
      "x" : 0.11803399,
      "y" : 1.809017,
      "z" : -0.309017
    }, {
      "x" : -0.19098301,
      "y" : 1.0,
      "z" : -0.309017
    }, {
      "x" : 7.045085,
      "y" : 39.12461,
      "z" : 0.309017
    }, {
      "x" : 0.19098301,
      "y" : 1.0,
      "z" : 0.309017
    }, {
      "x" : 0.19098301,
      "y" : 1.0,
      "z" : -0.309017
    }, {
      "x" : 0.5,
      "y" : 1.809017,
      "z" : -0.309017
    }, {
      "x" : 6.663119,
      "y" : 39.12461,
      "z" : 0.309017
    }, {
      "x" : 6.854102,
      "y" : 40.12461,
      "z" : 0.0
    } ],
    "faces" : [ {
      "vertices" : [ 0, 3, 11 ]
    }, {
      "vertices" : [ 0, 11, 6 ]
    }, {
      "vertices" : [ 1, 9, 4 ]
    }, {
      "vertices" : [ 1, 4, 7 ]
    }, {
      "vertices" : [ 0, 1, 2 ]
    }, {
      "vertices" : [ 0, 2, 3 ]
    }, {
      "vertices" : [ 4, 5, 6 ]
    }, {
      "vertices" : [ 4, 6, 7 ]
    }, {
      "vertices" : [ 6, 11, 15 ]
    }, {
      "vertices" : [ 6, 15, 7 ]
    }, {
      "vertices" : [ 0, 14, 9 ]
    }, {
      "vertices" : [ 0, 9, 1 ]
    }, {
      "vertices" : [ 0, 6, 5 ]
    }, {
      "vertices" : [ 0, 5, 14 ]
    }, {
      "vertices" : [ 1, 7, 15 ]
    }, {
      "vertices" : [ 1, 15, 2 ]
    }, {
      "vertices" : [ 5, 12, 13 ]
    }, {
      "vertices" : [ 5, 13, 14 ]
    }, {
      "vertices" : [ 4, 8, 12 ]
    }, {
      "vertices" : [ 4, 12, 5 ]
    }, {
      "vertices" : [ 9, 14, 13 ]
    }, {
      "vertices" : [ 9, 13, 10 ]
    }, {
      "vertices" : [ 4, 9, 10 ]
    }, {
      "vertices" : [ 4, 10, 8 ]
    } ]
  }, {
    "id" : "69662b0e-af4f-465c-b5a1-13df28f75830",
    "vertices" : [ {
      "x" : 15.326238,
      "y" : 17.944271,
      "z" : 0.0
    }, {
      "x" : 1.5364745,
      "y" : 1.559017,
      "z" : 0.2864745
    }, {
      "x" : 0.809017,
      "y" : 0.618034,
      "z" : 0.309017
    }, {
      "x" : 1.0,
      "y" : 0.309017,
      "z" : 0.19098301
    }, {
      "x" : 14.326238,
      "y" : 17.635256,
      "z" : 0.19098301
    }, {
      "x" : 14.635255,
      "y" : 17.135256,
      "z" : 0.0
    }, {
      "x" : 14.098781,
      "y" : 16.267221,
      "z" : -0.2864745
    }, {
      "x" : 14.098781,
      "y" : 16.267221,
      "z" : 0.2864745
    }, {
      "x" : 14.5172205,
      "y" : 17.326239,
      "z" : -0.309017
    }, {
      "x" : 14.326238,
      "y" : 17.635256,
      "z" : -0.19098301
    }, {
      "x" : 13.789763,
      "y" : 16.385256,
      "z" : -0.2864745
    }, {
      "x" : 1.2274575,
      "y" : 1.677051,
      "z" : 0.2864745
    }, {
      "x" : 13.789763,
      "y" : 16.385256,
      "z" : 0.2864745
    }, {
      "x" : 1.2274575,
      "y" : 1.677051,
      "z" : -0.2864745
    }, {
      "x" : 1.5364745,
      "y" : 1.559017,
      "z" : -0.2864745
    }, {
      "x" : 1.0,
      "y" : 0.309017,
      "z" : -0.19098301
    }, {
      "x" : 14.5172205,
      "y" : 17.326239,
      "z" : 0.309017
    }, {
      "x" : 0.690983,
      "y" : 0.809017,
      "z" : 0.0
    }, {
      "x" : 0.809017,
      "y" : 0.618034,
      "z" : -0.309017
    } ],
    "faces" : [ {
      "vertices" : [ 4, 12, 16 ]
    }, {
      "vertices" : [ 1, 3, 15 ]
    }, {
      "vertices" : [ 1, 15, 14 ]
    }, {
      "vertices" : [ 7, 16, 12 ]
    }, {
      "vertices" : [ 4, 9, 10 ]
    }, {
      "vertices" : [ 4, 10, 12 ]
    }, {
      "vertices" : [ 1, 2, 3 ]
    }, {
      "vertices" : [ 11, 13, 17 ]
    }, {
      "vertices" : [ 6, 14, 13 ]
    }, {
      "vertices" : [ 6, 13, 10 ]
    }, {
      "vertices" : [ 13, 14, 18 ]
    }, {
      "vertices" : [ 1, 11, 2 ]
    }, {
      "vertices" : [ 10, 13, 11 ]
    }, {
      "vertices" : [ 10, 11, 12 ]
    }, {
      "vertices" : [ 14, 15, 18 ]
    }, {
      "vertices" : [ 13, 18, 17 ]
    }, {
      "vertices" : [ 5, 7, 6 ]
    }, {
      "vertices" : [ 5, 6, 8 ]
    }, {
      "vertices" : [ 6, 10, 8 ]
    }, {
      "vertices" : [ 8, 10, 9 ]
    }, {
      "vertices" : [ 5, 16, 7 ]
    }, {
      "vertices" : [ 1, 14, 6 ]
    }, {
      "vertices" : [ 1, 6, 7 ]
    }, {
      "vertices" : [ 2, 11, 17 ]
    }, {
      "vertices" : [ 1, 7, 12 ]
    }, {
      "vertices" : [ 1, 12, 11 ]
    } ]
  }, {
    "id" : "c71d6249-6e06-4044-aa83-b1e6c8a223d3",
    "vertices" : [ {
      "x" : 0.309017,
      "y" : -0.809017,
      "z" : 0.618034
    }, {
      "x" : 0.809017,
      "y" : -0.618034,
      "z" : 0.309017
    }, {
      "x" : 0.618034,
      "y" : -0.309017,
      "z" : 0.809017
    }, {
      "x" : 1.0,
      "y" : 0.309017,
      "z" : 0.19098301
    }, {
      "x" : 0.809017,
      "y" : 0.618034,
      "z" : 0.309017
    }, {
      "x" : 0.618034,
      "y" : 0.309017,
      "z" : 0.809017
    }, {
      "x" : 0.809017,
      "y" : 0.0,
      "z" : 0.690983
    }, {
      "x" : 0.19098301,
      "y" : -1.0,
      "z" : 0.309017
    }, {
      "x" : -0.19098301,
      "y" : -1.0,
      "z" : 0.309017
    }, {
      "x" : -0.19098301,
      "y" : -1.0,
      "z" : -0.309017
    }, {
      "x" : 0.19098301,
      "y" : -1.0,
      "z" : -0.309017
    }, {
      "x" : 1.0,
      "y" : -0.309017,
      "z" : -0.19098301
    }, {
      "x" : 0.809017,
      "y" : -0.618034,
      "z" : -0.309017
    }, {
      "x" : 0.618034,
      "y" : -0.309017,
      "z" : -0.809017
    }, {
      "x" : 0.809017,
      "y" : 0.0,
      "z" : -0.690983
    }, {
      "x" : 0.0,
      "y" : 0.690983,
      "z" : -0.809017
    }, {
      "x" : 0.309017,
      "y" : 0.809017,
      "z" : -0.618034
    }, {
      "x" : 0.618034,
      "y" : 0.309017,
      "z" : -0.809017
    }, {
      "x" : 0.309017,
      "y" : 0.19098301,
      "z" : -1.0
    }, {
      "x" : 1.0,
      "y" : 0.309017,
      "z" : -0.19098301
    }, {
      "x" : -0.309017,
      "y" : -0.809017,
      "z" : 0.618034
    }, {
      "x" : 0.0,
      "y" : -0.690983,
      "z" : 0.809017
    }, {
      "x" : 0.809017,
      "y" : 0.618034,
      "z" : -0.309017
    }, {
      "x" : 0.690983,
      "y" : 0.809017,
      "z" : 0.0
    }, {
      "x" : -0.690983,
      "y" : 0.809017,
      "z" : 0.0
    }, {
      "x" : -0.809017,
      "y" : 0.618034,
      "z" : 0.309017
    }, {
      "x" : -0.309017,
      "y" : 0.809017,
      "z" : 0.618034
    }, {
      "x" : -0.19098301,
      "y" : 1.0,
      "z" : 0.309017
    }, {
      "x" : 0.309017,
      "y" : -0.19098301,
      "z" : -1.0
    }, {
      "x" : 0.19098301,
      "y" : 1.0,
      "z" : 0.309017
    }, {
      "x" : 0.309017,
      "y" : 0.809017,
      "z" : 0.618034
    }, {
      "x" : -0.809017,
      "y" : -0.618034,
      "z" : 0.309017
    }, {
      "x" : -0.690983,
      "y" : -0.809017,
      "z" : 0.0
    }, {
      "x" : 0.0,
      "y" : 0.690983,
      "z" : 0.809017
    }, {
      "x" : 0.309017,
      "y" : -0.809017,
      "z" : -0.618034
    }, {
      "x" : 0.0,
      "y" : -0.690983,
      "z" : -0.809017
    }, {
      "x" : -1.0,
      "y" : 0.309017,
      "z" : 0.19098301
    }, {
      "x" : -0.809017,
      "y" : 0.0,
      "z" : 0.690983
    }, {
      "x" : -0.618034,
      "y" : 0.309017,
      "z" : 0.809017
    }, {
      "x" : 1.0,
      "y" : -0.309017,
      "z" : 0.19098301
    }, {
      "x" : -0.309017,
      "y" : -0.809017,
      "z" : -0.618034
    }, {
      "x" : -1.0,
      "y" : 0.309017,
      "z" : -0.19098301
    }, {
      "x" : -1.0,
      "y" : -0.309017,
      "z" : -0.19098301
    }, {
      "x" : -1.0,
      "y" : -0.309017,
      "z" : 0.19098301
    }, {
      "x" : 0.19098301,
      "y" : 1.0,
      "z" : -0.309017
    }, {
      "x" : -0.809017,
      "y" : 0.618034,
      "z" : -0.309017
    }, {
      "x" : -0.19098301,
      "y" : 1.0,
      "z" : -0.309017
    }, {
      "x" : -0.309017,
      "y" : 0.809017,
      "z" : -0.618034
    }, {
      "x" : -0.618034,
      "y" : -0.309017,
      "z" : 0.809017
    }, {
      "x" : 0.309017,
      "y" : 0.19098301,
      "z" : 1.0
    }, {
      "x" : -0.309017,
      "y" : 0.19098301,
      "z" : -1.0
    }, {
      "x" : -0.309017,
      "y" : 0.19098301,
      "z" : 1.0
    }, {
      "x" : -0.309017,
      "y" : -0.19098301,
      "z" : 1.0
    }, {
      "x" : 0.309017,
      "y" : -0.19098301,
      "z" : 1.0
    }, {
      "x" : 0.690983,
      "y" : -0.809017,
      "z" : 0.0
    }, {
      "x" : -0.809017,
      "y" : 0.0,
      "z" : -0.690983
    }, {
      "x" : -0.618034,
      "y" : -0.309017,
      "z" : -0.809017
    }, {
      "x" : -0.309017,
      "y" : -0.19098301,
      "z" : -1.0
    }, {
      "x" : -0.618034,
      "y" : 0.309017,
      "z" : -0.809017
    }, {
      "x" : -0.809017,
      "y" : -0.618034,
      "z" : -0.309017
    } ],
    "faces" : [ {
      "vertices" : [ 9, 40, 35 ]
    }, {
      "vertices" : [ 9, 35, 34 ]
    }, {
      "vertices" : [ 9, 34, 10 ]
    }, {
      "vertices" : [ 0, 1, 2 ]
    }, {
      "vertices" : [ 33, 51, 49 ]
    }, {
      "vertices" : [ 25, 36, 37 ]
    }, {
      "vertices" : [ 25, 37, 38 ]
    }, {
      "vertices" : [ 41, 55, 42 ]
    }, {
      "vertices" : [ 9, 32, 59 ]
    }, {
      "vertices" : [ 9, 59, 40 ]
    }, {
      "vertices" : [ 20, 21, 52 ]
    }, {
      "vertices" : [ 20, 52, 48 ]
    }, {
      "vertices" : [ 26, 33, 30 ]
    }, {
      "vertices" : [ 26, 30, 29 ]
    }, {
      "vertices" : [ 26, 29, 27 ]
    }, {
      "vertices" : [ 3, 4, 5 ]
    }, {
      "vertices" : [ 3, 5, 6 ]
    }, {
      "vertices" : [ 27, 29, 44 ]
    }, {
      "vertices" : [ 27, 44, 46 ]
    }, {
      "vertices" : [ 50, 57, 56 ]
    }, {
      "vertices" : [ 50, 56, 55 ]
    }, {
      "vertices" : [ 50, 55, 58 ]
    }, {
      "vertices" : [ 26, 38, 51 ]
    }, {
      "vertices" : [ 26, 51, 33 ]
    }, {
      "vertices" : [ 45, 47, 58 ]
    }, {
      "vertices" : [ 18, 28, 57 ]
    }, {
      "vertices" : [ 18, 57, 50 ]
    }, {
      "vertices" : [ 40, 59, 56 ]
    }, {
      "vertices" : [ 31, 48, 37 ]
    }, {
      "vertices" : [ 31, 37, 43 ]
    }, {
      "vertices" : [ 7, 8, 9 ]
    }, {
      "vertices" : [ 7, 9, 10 ]
    }, {
      "vertices" : [ 36, 41, 42 ]
    }, {
      "vertices" : [ 36, 42, 43 ]
    }, {
      "vertices" : [ 24, 46, 47 ]
    }, {
      "vertices" : [ 24, 47, 45 ]
    }, {
      "vertices" : [ 4, 30, 5 ]
    }, {
      "vertices" : [ 15, 47, 46 ]
    }, {
      "vertices" : [ 15, 46, 44 ]
    }, {
      "vertices" : [ 15, 44, 16 ]
    }, {
      "vertices" : [ 15, 50, 58 ]
    }, {
      "vertices" : [ 15, 58, 47 ]
    }, {
      "vertices" : [ 24, 45, 41 ]
    }, {
      "vertices" : [ 24, 41, 36 ]
    }, {
      "vertices" : [ 24, 36, 25 ]
    }, {
      "vertices" : [ 11, 14, 19 ]
    }, {
      "vertices" : [ 3, 6, 39 ]
    }, {
      "vertices" : [ 1, 39, 6 ]
    }, {
      "vertices" : [ 1, 6, 2 ]
    }, {
      "vertices" : [ 8, 32, 9 ]
    }, {
      "vertices" : [ 11, 12, 13 ]
    }, {
      "vertices" : [ 11, 13, 14 ]
    }, {
      "vertices" : [ 16, 22, 17 ]
    }, {
      "vertices" : [ 0, 21, 20 ]
    }, {
      "vertices" : [ 0, 20, 8 ]
    }, {
      "vertices" : [ 0, 8, 7 ]
    }, {
      "vertices" : [ 12, 34, 13 ]
    }, {
      "vertices" : [ 35, 40, 56 ]
    }, {
      "vertices" : [ 35, 56, 57 ]
    }, {
      "vertices" : [ 0, 7, 54 ]
    }, {
      "vertices" : [ 0, 54, 1 ]
    }, {
      "vertices" : [ 15, 16, 17 ]
    }, {
      "vertices" : [ 15, 17, 18 ]
    }, {
      "vertices" : [ 3, 19, 22 ]
    }, {
      "vertices" : [ 3, 22, 23 ]
    }, {
      "vertices" : [ 3, 23, 4 ]
    }, {
      "vertices" : [ 7, 10, 54 ]
    }, {
      "vertices" : [ 41, 45, 58 ]
    }, {
      "vertices" : [ 41, 58, 55 ]
    }, {
      "vertices" : [ 3, 39, 11 ]
    }, {
      "vertices" : [ 3, 11, 19 ]
    }, {
      "vertices" : [ 14, 17, 22 ]
    }, {
      "vertices" : [ 14, 22, 19 ]
    }, {
      "vertices" : [ 0, 2, 53 ]
    }, {
      "vertices" : [ 0, 53, 21 ]
    }, {
      "vertices" : [ 49, 51, 52 ]
    }, {
      "vertices" : [ 49, 52, 53 ]
    }, {
      "vertices" : [ 31, 43, 42 ]
    }, {
      "vertices" : [ 31, 42, 59 ]
    }, {
      "vertices" : [ 31, 59, 32 ]
    }, {
      "vertices" : [ 15, 18, 50 ]
    }, {
      "vertices" : [ 42, 55, 56 ]
    }, {
      "vertices" : [ 42, 56, 59 ]
    }, {
      "vertices" : [ 4, 23, 29 ]
    }, {
      "vertices" : [ 4, 29, 30 ]
    }, {
      "vertices" : [ 25, 38, 26 ]
    }, {
      "vertices" : [ 13, 28, 18 ]
    }, {
      "vertices" : [ 13, 18, 17 ]
    }, {
      "vertices" : [ 13, 17, 14 ]
    }, {
      "vertices" : [ 8, 20, 31 ]
    }, {
      "vertices" : [ 8, 31, 32 ]
    }, {
      "vertices" : [ 23, 44, 29 ]
    }, {
      "vertices" : [ 24, 27, 46 ]
    }, {
      "vertices" : [ 37, 48, 52 ]
    }, {
      "vertices" : [ 37, 52, 51 ]
    }, {
      "vertices" : [ 37, 51, 38 ]
    }, {
      "vertices" : [ 20, 48, 31 ]
    }, {
      "vertices" : [ 24, 25, 26 ]
    }, {
      "vertices" : [ 24, 26, 27 ]
    }, {
      "vertices" : [ 16, 44, 23 ]
    }, {
      "vertices" : [ 16, 23, 22 ]
    }, {
      "vertices" : [ 13, 34, 35 ]
    }, {
      "vertices" : [ 13, 35, 28 ]
    }, {
      "vertices" : [ 10, 34, 12 ]
    }, {
      "vertices" : [ 10, 12, 54 ]
    }, {
      "vertices" : [ 2, 6, 5 ]
    }, {
      "vertices" : [ 2, 5, 49 ]
    }, {
      "vertices" : [ 2, 49, 53 ]
    }, {
      "vertices" : [ 36, 43, 37 ]
    }, {
      "vertices" : [ 5, 30, 33 ]
    }, {
      "vertices" : [ 5, 33, 49 ]
    }, {
      "vertices" : [ 1, 54, 12 ]
    }, {
      "vertices" : [ 1, 12, 11 ]
    }, {
      "vertices" : [ 1, 11, 39 ]
    }, {
      "vertices" : [ 28, 35, 57 ]
    }, {
      "vertices" : [ 21, 53, 52 ]
    } ]
  }, {
    "id" : "6e3a9e7c-4a23-44ff-bb71-6c51d0b27d94",
    "vertices" : [ {
      "x" : 57.65152,
      "y" : -50.587883,
      "z" : 17.928032
    }, {
      "x" : 57.75152,
      "y" : -50.68788,
      "z" : 17.528032
    }, {
      "x" : 0.41736442,
      "y" : -0.62689894,
      "z" : 0.016240498
    }, {
      "x" : 0.31736442,
      "y" : -0.526899,
      "z" : 0.41624048
    }, {
      "x" : 57.518185,
      "y" : -50.987885,
      "z" : 17.661366
    }, {
      "x" : 57.418186,
      "y" : -50.887882,
      "z" : 18.061365
    }, {
      "x" : 0.55069774,
      "y" : -0.22689897,
      "z" : 0.28290716
    }, {
      "x" : 0.65069777,
      "y" : -0.32689896,
      "z" : -0.11709283
    } ],
    "faces" : [ {
      "vertices" : [ 2, 3, 6 ]
    }, {
      "vertices" : [ 2, 6, 7 ]
    }, {
      "vertices" : [ 0, 5, 4 ]
    }, {
      "vertices" : [ 0, 4, 1 ]
    }, {
      "vertices" : [ 2, 4, 5 ]
    }, {
      "vertices" : [ 2, 5, 3 ]
    }, {
      "vertices" : [ 0, 6, 3 ]
    }, {
      "vertices" : [ 0, 3, 5 ]
    }, {
      "vertices" : [ 0, 1, 7 ]
    }, {
      "vertices" : [ 0, 7, 6 ]
    }, {
      "vertices" : [ 1, 4, 2 ]
    }, {
      "vertices" : [ 1, 2, 7 ]
    } ]
  }, {
    "id" : "5285f00c-8efd-4bc3-ae9f-d6a45a308ac4",
    "vertices" : [ {
      "x" : 2.618034,
      "y" : 1.736068,
      "z" : 0.309017
    }, {
      "x" : 4.236068,
      "y" : 2.5,
      "z" : 0.309017
    }, {
      "x" : 4.045085,
      "y" : 2.809017,
      "z" : 0.19098301
    }, {
      "x" : 0.809017,
      "y" : 0.618034,
      "z" : -0.309017
    }, {
      "x" : 0.690983,
      "y" : 0.809017,
      "z" : 0.0
    }, {
      "x" : 2.5,
      "y" : 1.927051,
      "z" : 0.0
    }, {
      "x" : 2.618034,
      "y" : 1.736068,
      "z" : -0.309017
    }, {
      "x" : 6.045085,
      "y" : 3.618034,
      "z" : 0.309017
    }, {
      "x" : 2.809017,
      "y" : 1.427051,
      "z" : 0.19098301
    }, {
      "x" : 2.809017,
      "y" : 1.427051,
      "z" : -0.19098301
    }, {
      "x" : 4.354102,
      "y" : 2.309017,
      "z" : 0.0
    }, {
      "x" : 4.236068,
      "y" : 2.5,
      "z" : -0.309017
    }, {
      "x" : 6.163119,
      "y" : 3.427051,
      "z" : 0.0
    }, {
      "x" : 1.0,
      "y" : 0.309017,
      "z" : 0.19098301
    }, {
      "x" : 1.0,
      "y" : 0.309017,
      "z" : -0.19098301
    }, {
      "x" : 0.809017,
      "y" : 0.618034,
      "z" : 0.309017
    }, {
      "x" : 5.854102,
      "y" : 3.927051,
      "z" : 0.19098301
    }, {
      "x" : 6.045085,
      "y" : 3.618034,
      "z" : -0.309017
    }, {
      "x" : 5.854102,
      "y" : 3.927051,
      "z" : -0.19098301
    }, {
      "x" : 6.854102,
      "y" : 4.236068,
      "z" : 0.0
    }, {
      "x" : 4.045085,
      "y" : 2.809017,
      "z" : -0.19098301
    } ],
    "faces" : [ {
      "vertices" : [ 3, 6, 9 ]
    }, {
      "vertices" : [ 3, 9, 14 ]
    }, {
      "vertices" : [ 11, 20, 18 ]
    }, {
      "vertices" : [ 11, 18, 17 ]
    }, {
      "vertices" : [ 0, 1, 2 ]
    }, {
      "vertices" : [ 0, 15, 13 ]
    }, {
      "vertices" : [ 0, 13, 8 ]
    }, {
      "vertices" : [ 6, 20, 11 ]
    }, {
      "vertices" : [ 0, 2, 5 ]
    }, {
      "vertices" : [ 0, 8, 1 ]
    }, {
      "vertices" : [ 8, 13, 14 ]
    }, {
      "vertices" : [ 8, 14, 9 ]
    }, {
      "vertices" : [ 3, 4, 5 ]
    }, {
      "vertices" : [ 3, 5, 6 ]
    }, {
      "vertices" : [ 10, 11, 17 ]
    }, {
      "vertices" : [ 10, 17, 12 ]
    }, {
      "vertices" : [ 1, 8, 10 ]
    }, {
      "vertices" : [ 0, 5, 4 ]
    }, {
      "vertices" : [ 0, 4, 15 ]
    }, {
      "vertices" : [ 2, 16, 18 ]
    }, {
      "vertices" : [ 2, 18, 20 ]
    }, {
      "vertices" : [ 1, 7, 16 ]
    }, {
      "vertices" : [ 1, 16, 2 ]
    }, {
      "vertices" : [ 6, 11, 9 ]
    }, {
      "vertices" : [ 8, 9, 10 ]
    }, {
      "vertices" : [ 2, 20, 5 ]
    }, {
      "vertices" : [ 9, 11, 10 ]
    }, {
      "vertices" : [ 1, 10, 12 ]
    }, {
      "vertices" : [ 1, 12, 7 ]
    }, {
      "vertices" : [ 5, 20, 6 ]
    } ]
  }, {
    "id" : "64580dfe-5b40-42df-a30c-ed87c665f9ba",
    "vertices" : [ {
      "x" : 50.794624,
      "y" : -39.543205,
      "z" : 22.102839
    }, {
      "x" : 50.894627,
      "y" : -39.643208,
      "z" : 21.702837
    }, {
      "x" : 0.42015612,
      "y" : -0.58140504,
      "z" : 0.077502176
    }, {
      "x" : 0.32015613,
      "y" : -0.48140502,
      "z" : 0.47750217
    }, {
      "x" : 50.661293,
      "y" : -39.943207,
      "z" : 21.83617
    }, {
      "x" : 50.56129,
      "y" : -39.84321,
      "z" : 22.236172
    }, {
      "x" : 0.55348945,
      "y" : -0.18140502,
      "z" : 0.34416884
    }, {
      "x" : 0.6534895,
      "y" : -0.28140503,
      "z" : -0.055831153
    } ],
    "faces" : [ {
      "vertices" : [ 2, 3, 6 ]
    }, {
      "vertices" : [ 2, 6, 7 ]
    }, {
      "vertices" : [ 0, 5, 4 ]
    }, {
      "vertices" : [ 0, 4, 1 ]
    }, {
      "vertices" : [ 2, 4, 5 ]
    }, {
      "vertices" : [ 2, 5, 3 ]
    }, {
      "vertices" : [ 0, 6, 3 ]
    }, {
      "vertices" : [ 0, 3, 5 ]
    }, {
      "vertices" : [ 0, 1, 7 ]
    }, {
      "vertices" : [ 0, 7, 6 ]
    }, {
      "vertices" : [ 1, 4, 2 ]
    }, {
      "vertices" : [ 1, 2, 7 ]
    } ]
  } ],
  "instances" : [ {
    "shape" : "1611bd30-7f5e-4cf7-b27b-c3ac393713ef",
    "color" : "#FF338F",
    "position" : {
      "x" : 24.798374,
      "y" : -11.09017,
      "z" : 24.798374
    },
    "orientation" : 43
  }, {
    "shape" : "69662b0e-af4f-465c-b5a1-13df28f75830",
    "color" : "#000099",
    "position" : {
      "x" : -4.236068,
      "y" : 0.0,
      "z" : 6.854102
    },
    "orientation" : 35
  }, {
    "shape" : "c71d6249-6e06-4044-aa83-b1e6c8a223d3",
    "color" : "#FFFFFF",
    "position" : {
      "x" : 64.92299,
      "y" : -76.01315,
      "z" : 0.0
    }
  }, {
    "shape" : "6e3a9e7c-4a23-44ff-bb71-6c51d0b27d94",
    "color" : "#FFFFFF",
    "position" : {
      "x" : -24.798374,
      "y" : -11.09017,
      "z" : 46.978714
    },
    "orientation" : 48
  }, {
    "shape" : "69662b0e-af4f-465c-b5a1-13df28f75830",
    "color" : "#000099",
    "position" : {
      "x" : -76.01315,
      "y" : -80.24922,
      "z" : 6.854102
    },
    "orientation" : 33
  }, {
    "shape" : "5285f00c-8efd-4bc3-ae9f-d6a45a308ac4",
    "color" : "#AF0000",
    "position" : {
      "x" : -24.798374,
      "y" : -17.944271,
      "z" : 6.854102
    },
    "orientation" : 32
  }, {
    "shape" : "c71d6249-6e06-4044-aa83-b1e6c8a223d3",
    "color" : "#FFFFFF",
    "position" : {
      "x" : -40.12461,
      "y" : -22.18034,
      "z" : 100.81153
    }
  }, {
    "shape" : "6e3a9e7c-4a23-44ff-bb71-6c51d0b27d94",
    "color" : "#FFFFFF",
    "position" : {
      "x" : -82.867256,
      "y" : -69.15905,
      "z" : 24.798374
    },
    "orientation" : 15
  }, {
    "shape" : "5285f00c-8efd-4bc3-ae9f-d6a45a308ac4",
    "color" : "#AF0000",
    "position" : {
      "x" : -4.236068,
      "y" : 0.0,
      "z" : 6.854102
    },
    "orientation" : 30
  }, {
    "shape" : "c71d6249-6e06-4044-aa83-b1e6c8a223d3",
    "color" : "#FFFFFF",
    "position" : {
      "x" : 22.18034,
      "y" : -22.18034,
      "z" : 0.0
    }
  }, {
    "shape" : "69662b0e-af4f-465c-b5a1-13df28f75830",
    "color" : "#000099",
    "position" : {
      "x" : 40.12461,
      "y" : -22.18034,
      "z" : 100.81153
    },
    "orientation" : 14
  }, {
    "shape" : "64580dfe-5b40-42df-a30c-ed87c665f9ba",
    "color" : "#FFFFFF",
    "position" : {
      "x" : -24.798374,
      "y" : -17.944271,
      "z" : 6.854102
    },
    "orientation" : 19
  }, {
    "shape" : "c71d6249-6e06-4044-aa83-b1e6c8a223d3",
    "color" : "#FFFFFF",
    "position" : {
      "x" : -11.09017,
      "y" : -4.236068,
      "z" : 6.854102
    }
  }, {
    "shape" : "64580dfe-5b40-42df-a30c-ed87c665f9ba",
    "color" : "#FFFFFF",
    "position" : {
      "x" : 6.854102,
      "y" : -4.236068,
      "z" : 35.888542
    },
    "orientation" : 10
  }, {
    "shape" : "69662b0e-af4f-465c-b5a1-13df28f75830",
    "color" : "#000099",
    "position" : {
      "x" : -40.12461,
      "y" : -22.18034,
      "z" : 29.034441
    },
    "orientation" : 33
  }, {
    "shape" : "1611bd30-7f5e-4cf7-b27b-c3ac393713ef",
    "color" : "#FF338F",
    "position" : {
      "x" : -6.854102,
      "y" : -4.236068,
      "z" : 35.888542
    },
    "orientation" : 31
  }, {
    "shape" : "c71d6249-6e06-4044-aa83-b1e6c8a223d3",
    "color" : "#FFFFFF",
    "position" : {
      "x" : 29.034441,
      "y" : -17.944271,
      "z" : 93.95743
    }
  }, {
    "shape" : "69662b0e-af4f-465c-b5a1-13df28f75830",
    "color" : "#000099",
    "position" : {
      "x" : 4.236068,
      "y" : 0.0,
      "z" : 6.854102
    },
    "orientation" : 11
  }, {
    "shape" : "c71d6249-6e06-4044-aa83-b1e6c8a223d3",
    "color" : "#FFFFFF",
    "position" : {
      "x" : 24.798374,
      "y" : -98.1935,
      "z" : -29.034441
    }
  }, {
    "shape" : "64580dfe-5b40-42df-a30c-ed87c665f9ba",
    "color" : "#FFFFFF",
    "position" : {
      "x" : 24.798374,
      "y" : -11.09017,
      "z" : 24.798374
    },
    "orientation" : 32
  }, {
    "shape" : "c71d6249-6e06-4044-aa83-b1e6c8a223d3",
    "color" : "#FFFFFF",
    "position" : {
      "x" : -118.7558,
      "y" : -134.08205,
      "z" : 6.854102
    }
  }, {
    "shape" : "1611bd30-7f5e-4cf7-b27b-c3ac393713ef",
    "color" : "#FF338F",
    "position" : {
      "x" : -24.798374,
      "y" : -11.09017,
      "z" : 24.798374
    },
    "orientation" : 34
  }, {
    "shape" : "69662b0e-af4f-465c-b5a1-13df28f75830",
    "color" : "#000099",
    "position" : {
      "x" : 0.0,
      "y" : 0.0,
      "z" : 13.708204
    },
    "orientation" : 38
  }, {
    "shape" : "69662b0e-af4f-465c-b5a1-13df28f75830",
    "color" : "#000099",
    "position" : {
      "x" : 82.867256,
      "y" : -69.15905,
      "z" : 24.798374
    },
    "orientation" : 15
  }, {
    "shape" : "c71d6249-6e06-4044-aa83-b1e6c8a223d3",
    "color" : "#FFFFFF",
    "position" : {
      "x" : 0.0,
      "y" : -6.854102,
      "z" : 53.832817
    }
  }, {
    "shape" : "c71d6249-6e06-4044-aa83-b1e6c8a223d3",
    "color" : "#FFFFFF",
    "position" : {
      "x" : 64.92299,
      "y" : -33.27051,
      "z" : 111.9017
    }
  }, {
    "shape" : "6e3a9e7c-4a23-44ff-bb71-6c51d0b27d94",
    "color" : "#FFFFFF",
    "position" : {
      "x" : -98.1935,
      "y" : -87.103325,
      "z" : 24.798374
    },
    "orientation" : 15
  }, {
    "shape" : "69662b0e-af4f-465c-b5a1-13df28f75830",
    "color" : "#000099",
    "position" : {
      "x" : -4.236068,
      "y" : -29.034441,
      "z" : -11.09017
    },
    "orientation" : 22
  }, {
    "shape" : "69662b0e-af4f-465c-b5a1-13df28f75830",
    "color" : "#000099",
    "position" : {
      "x" : -82.867256,
      "y" : -69.15905,
      "z" : 24.798374
    },
    "orientation" : 30
  }, {
    "shape" : "c71d6249-6e06-4044-aa83-b1e6c8a223d3",
    "color" : "#FFFFFF",
    "position" : {
      "x" : -29.034441,
      "y" : -69.15905,
      "z" : -17.944271
    }
  }, {
    "shape" : "69662b0e-af4f-465c-b5a1-13df28f75830",
    "color" : "#000099",
    "position" : {
      "x" : 0.0,
      "y" : -6.854102,
      "z" : 53.832817
    },
    "orientation" : 38
  }, {
    "shape" : "64580dfe-5b40-42df-a30c-ed87c665f9ba",
    "color" : "#FFFFFF",
    "position" : {
      "x" : 24.798374,
      "y" : -17.944271,
      "z" : 6.854102
    },
    "orientation" : 0
  }, {
    "shape" : "c71d6249-6e06-4044-aa83-b1e6c8a223d3",
    "color" : "#FFFFFF",
    "position" : {
      "x" : -24.798374,
      "y" : -169.97058,
      "z" : -51.214783
    }
  }, {
    "shape" : "c71d6249-6e06-4044-aa83-b1e6c8a223d3",
    "color" : "#FFFFFF",
    "position" : {
      "x" : 24.798374,
      "y" : -17.944271,
      "z" : 100.81153
    }
  }, {
    "shape" : "69662b0e-af4f-465c-b5a1-13df28f75830",
    "color" : "#000099",
    "position" : {
      "x" : -11.09017,
      "y" : -4.236068,
      "z" : 6.854102
    },
    "orientation" : 33
  }, {
    "shape" : "69662b0e-af4f-465c-b5a1-13df28f75830",
    "color" : "#000099",
    "position" : {
      "x" : -24.798374,
      "y" : -17.944271,
      "z" : 6.854102
    },
    "orientation" : 30
  }, {
    "shape" : "6e3a9e7c-4a23-44ff-bb71-6c51d0b27d94",
    "color" : "#FFFFFF",
    "position" : {
      "x" : 64.92299,
      "y" : -33.27051,
      "z" : 111.9017
    },
    "orientation" : 33
  }, {
    "shape" : "64580dfe-5b40-42df-a30c-ed87c665f9ba",
    "color" : "#FFFFFF",
    "position" : {
      "x" : -22.18034,
      "y" : -22.18034,
      "z" : 0.0
    },
    "orientation" : 53
  }, {
    "shape" : "69662b0e-af4f-465c-b5a1-13df28f75830",
    "color" : "#000099",
    "position" : {
      "x" : 17.944271,
      "y" : -6.854102,
      "z" : 24.798374
    },
    "orientation" : 11
  }, {
    "shape" : "1611bd30-7f5e-4cf7-b27b-c3ac393713ef",
    "color" : "#FF338F",
    "position" : {
      "x" : 6.854102,
      "y" : -11.09017,
      "z" : -4.236068
    },
    "orientation" : 40
  }, {
    "shape" : "69662b0e-af4f-465c-b5a1-13df28f75830",
    "color" : "#000099",
    "position" : {
      "x" : 24.798374,
      "y" : -46.978714,
      "z" : -11.09017
    },
    "orientation" : 22
  }, {
    "shape" : "1611bd30-7f5e-4cf7-b27b-c3ac393713ef",
    "color" : "#FF338F",
    "position" : {
      "x" : -11.09017,
      "y" : -4.236068,
      "z" : 6.854102
    },
    "orientation" : 34
  }, {
    "shape" : "6e3a9e7c-4a23-44ff-bb71-6c51d0b27d94",
    "color" : "#FFFFFF",
    "position" : {
      "x" : -40.12461,
      "y" : -35.888542,
      "z" : 6.854102
    },
    "orientation" : 53
  }, {
    "shape" : "c71d6249-6e06-4044-aa83-b1e6c8a223d3",
    "color" : "#FFFFFF",
    "position" : {
      "x" : 24.798374,
      "y" : -169.97058,
      "z" : -51.214783
    }
  }, {
    "shape" : "c71d6249-6e06-4044-aa83-b1e6c8a223d3",
    "color" : "#FFFFFF",
    "position" : {
      "x" : -6.854102,
      "y" : -4.236068,
      "z" : 35.888542
    }
  }, {
    "shape" : "c71d6249-6e06-4044-aa83-b1e6c8a223d3",
    "color" : "#FFFFFF",
    "position" : {
      "x" : 17.944271,
      "y" : -93.95743,
      "z" : -29.034441
    }
  }, {
    "shape" : "64580dfe-5b40-42df-a30c-ed87c665f9ba",
    "color" : "#FFFFFF",
    "position" : {
      "x" : -11.09017,
      "y" : -33.27051,
      "z" : -11.09017
    },
    "orientation" : 24
  }, {
    "shape" : "c71d6249-6e06-4044-aa83-b1e6c8a223d3",
    "color" : "#FFFFFF",
    "position" : {
      "x" : 11.09017,
      "y" : -33.27051,
      "z" : -11.09017
    }
  }, {
    "shape" : "5285f00c-8efd-4bc3-ae9f-d6a45a308ac4",
    "color" : "#AF0000",
    "position" : {
      "x" : -22.18034,
      "y" : -22.18034,
      "z" : 0.0
    },
    "orientation" : 16
  }, {
    "shape" : "c71d6249-6e06-4044-aa83-b1e6c8a223d3",
    "color" : "#FFFFFF",
    "position" : {
      "x" : -40.12461,
      "y" : -35.888542,
      "z" : 6.854102
    }
  }, {
    "shape" : "6e3a9e7c-4a23-44ff-bb71-6c51d0b27d94",
    "color" : "#FFFFFF",
    "position" : {
      "x" : 40.12461,
      "y" : -35.888542,
      "z" : 6.854102
    },
    "orientation" : 0
  }, {
    "shape" : "5285f00c-8efd-4bc3-ae9f-d6a45a308ac4",
    "color" : "#AF0000",
    "position" : {
      "x" : 6.854102,
      "y" : -4.236068,
      "z" : 0.0
    },
    "orientation" : 16
  }, {
    "shape" : "6e3a9e7c-4a23-44ff-bb71-6c51d0b27d94",
    "color" : "#FFFFFF",
    "position" : {
      "x" : 11.09017,
      "y" : -4.236068,
      "z" : 29.034441
    },
    "orientation" : 10
  }, {
    "shape" : "69662b0e-af4f-465c-b5a1-13df28f75830",
    "color" : "#000099",
    "position" : {
      "x" : -22.18034,
      "y" : -22.18034,
      "z" : 0.0
    },
    "orientation" : 33
  }, {
    "shape" : "c71d6249-6e06-4044-aa83-b1e6c8a223d3",
    "color" : "#FFFFFF",
    "position" : {
      "x" : 0.0,
      "y" : -51.214783,
      "z" : -17.944271
    }
  }, {
    "shape" : "69662b0e-af4f-465c-b5a1-13df28f75830",
    "color" : "#000099",
    "position" : {
      "x" : 0.0,
      "y" : -6.854102,
      "z" : 53.832817
    },
