{
  "polygons" : "true",
  "field" : "golden",
  "symmetry" : "icosahedral",
  "orientations" : [ [ 1.0, 0.0, 0.0, 0.0, 0.0, 1.0, 0.0, 0.0, 0.0, 0.0, 1.0, 0.0, 0.0, 0.0, 0.0, 1.0 ], [ 0.0, 0.0, 1.0, 0.0, 1.0, 0.0, 0.0, 0.0, 0.0, 1.0, 0.0, 0.0, 0.0, 0.0, 0.0, 1.0 ], [ 0.0, 1.0, 0.0, 0.0, 0.0, 0.0, 1.0, 0.0, 1.0, 0.0, 0.0, 0.0, 0.0, 0.0, 0.0, 1.0 ], [ 0.809017, 0.309017, 0.5, 0.0, 0.309017, 0.5, -0.809017, 0.0, -0.5, 0.809017, 0.309017, 0.0, 0.0, 0.0, 0.0, 1.0 ], [ -0.5, 0.809017, 0.309017, 0.0, 0.809017, 0.309017, 0.5, 0.0, 0.309017, 0.5, -0.809017, 0.0, 0.0, 0.0, 0.0, 1.0 ], [ 0.309017, 0.5, -0.809017, 0.0, -0.5, 0.809017, 0.309017, 0.0, 0.809017, 0.309017, 0.5, 0.0, 0.0, 0.0, 0.0, 1.0 ], [ 0.5, 0.809017, 0.309017, 0.0, 0.809017, -0.309017, -0.5, 0.0, -0.309017, 0.5, -0.809017, 0.0, 0.0, 0.0, 0.0, 1.0 ], [ -0.309017, 0.5, -0.809017, 0.0, 0.5, 0.809017, 0.309017, 0.0, 0.809017, -0.309017, -0.5, 0.0, 0.0, 0.0, 0.0, 1.0 ], [ 0.809017, -0.309017, -0.5, 0.0, -0.309017, 0.5, -0.809017, 0.0, 0.5, 0.809017, 0.309017, 0.0, 0.0, 0.0, 0.0, 1.0 ], [ 0.5, 0.809017, -0.309017, 0.0, 0.809017, -0.309017, 0.5, 0.0, 0.309017, -0.5, -0.809017, 0.0, 0.0, 0.0, 0.0, 1.0 ], [ 0.309017, -0.5, -0.809017, 0.0, 0.5, 0.809017, -0.309017, 0.0, 0.809017, -0.309017, 0.5, 0.0, 0.0, 0.0, 0.0, 1.0 ], [ 0.809017, -0.309017, 0.5, 0.0, 0.309017, -0.5, -0.809017, 0.0, 0.5, 0.809017, -0.309017, 0.0, 0.0, 0.0, 0.0, 1.0 ], [ 0.809017, 0.309017, -0.5, 0.0, 0.309017, 0.5, 0.809017, 0.0, 0.5, -0.809017, 0.309017, 0.0, 0.0, 0.0, 0.0, 1.0 ], [ 0.5, -0.809017, 0.309017, 0.0, 0.809017, 0.309017, -0.5, 0.0, 0.309017, 0.5, 0.809017, 0.0, 0.0, 0.0, 0.0, 1.0 ], [ 0.309017, 0.5, 0.809017, 0.0, 0.5, -0.809017, 0.309017, 0.0, 0.809017, 0.309017, -0.5, 0.0, 0.0, 0.0, 0.0, 1.0 ], [ 1.0, 0.0, 0.0, 0.0, 0.0, -1.0, 0.0, 0.0, 0.0, 0.0, -1.0, 0.0, 0.0, 0.0, 0.0, 1.0 ], [ 0.0, 0.0, 1.0, 0.0, -1.0, 0.0, 0.0, 0.0, 0.0, -1.0, 0.0, 0.0, 0.0, 0.0, 0.0, 1.0 ], [ 0.0, 1.0, 0.0, 0.0, 0.0, 0.0, -1.0, 0.0, -1.0, 0.0, 0.0, 0.0, 0.0, 0.0, 0.0, 1.0 ], [ 0.809017, 0.309017, 0.5, 0.0, -0.309017, -0.5, 0.809017, 0.0, 0.5, -0.809017, -0.309017, 0.0, 0.0, 0.0, 0.0, 1.0 ], [ -0.5, 0.809017, 0.309017, 0.0, -0.809017, -0.309017, -0.5, 0.0, -0.309017, -0.5, 0.809017, 0.0, 0.0, 0.0, 0.0, 1.0 ], [ 0.309017, 0.5, -0.809017, 0.0, 0.5, -0.809017, -0.309017, 0.0, -0.809017, -0.309017, -0.5, 0.0, 0.0, 0.0, 0.0, 1.0 ], [ 0.5, 0.809017, 0.309017, 0.0, -0.809017, 0.309017, 0.5, 0.0, 0.309017, -0.5, 0.809017, 0.0, 0.0, 0.0, 0.0, 1.0 ], [ -0.309017, 0.5, -0.809017, 0.0, -0.5, -0.809017, -0.309017, 0.0, -0.809017, 0.309017, 0.5, 0.0, 0.0, 0.0, 0.0, 1.0 ], [ 0.809017, -0.309017, -0.5, 0.0, 0.309017, -0.5, 0.809017, 0.0, -0.5, -0.809017, -0.309017, 0.0, 0.0, 0.0, 0.0, 1.0 ], [ 0.5, 0.809017, -0.309017, 0.0, -0.809017, 0.309017, -0.5, 0.0, -0.309017, 0.5, 0.809017, 0.0, 0.0, 0.0, 0.0, 1.0 ], [ 0.309017, -0.5, -0.809017, 0.0, -0.5, -0.809017, 0.309017, 0.0, -0.809017, 0.309017, -0.5, 0.0, 0.0, 0.0, 0.0, 1.0 ], [ 0.809017, -0.309017, 0.5, 0.0, -0.309017, 0.5, 0.809017, 0.0, -0.5, -0.809017, 0.309017, 0.0, 0.0, 0.0, 0.0, 1.0 ], [ 0.809017, 0.309017, -0.5, 0.0, -0.309017, -0.5, -0.809017, 0.0, -0.5, 0.809017, -0.309017, 0.0, 0.0, 0.0, 0.0, 1.0 ], [ 0.5, -0.809017, 0.309017, 0.0, -0.809017, -0.309017, 0.5, 0.0, -0.309017, -0.5, -0.809017, 0.0, 0.0, 0.0, 0.0, 1.0 ], [ 0.309017, 0.5, 0.809017, 0.0, -0.5, 0.809017, -0.309017, 0.0, -0.809017, -0.309017, 0.5, 0.0, 0.0, 0.0, 0.0, 1.0 ], [ -1.0, 0.0, 0.0, 0.0, 0.0, -1.0, 0.0, 0.0, 0.0, 0.0, 1.0, 0.0, 0.0, 0.0, 0.0, 1.0 ], [ 0.0, 0.0, -1.0, 0.0, -1.0, 0.0, 0.0, 0.0, 0.0, 1.0, 0.0, 0.0, 0.0, 0.0, 0.0, 1.0 ], [ 0.0, -1.0, 0.0, 0.0, 0.0, 0.0, -1.0, 0.0, 1.0, 0.0, 0.0, 0.0, 0.0, 0.0, 0.0, 1.0 ], [ -0.809017, -0.309017, -0.5, 0.0, -0.309017, -0.5, 0.809017, 0.0, -0.5, 0.809017, 0.309017, 0.0, 0.0, 0.0, 0.0, 1.0 ], [ 0.5, -0.809017, -0.309017, 0.0, -0.809017, -0.309017, -0.5, 0.0, 0.309017, 0.5, -0.809017, 0.0, 0.0, 0.0, 0.0, 1.0 ], [ -0.309017, -0.5, 0.809017, 0.0, 0.5, -0.809017, -0.309017, 0.0, 0.809017, 0.309017, 0.5, 0.0, 0.0, 0.0, 0.0, 1.0 ], [ -0.5, -0.809017, -0.309017, 0.0, -0.809017, 0.309017, 0.5, 0.0, -0.309017, 0.5, -0.809017, 0.0, 0.0, 0.0, 0.0, 1.0 ], [ 0.309017, -0.5, 0.809017, 0.0, -0.5, -0.809017, -0.309017, 0.0, 0.809017, -0.309017, -0.5, 0.0, 0.0, 0.0, 0.0, 1.0 ], [ -0.809017, 0.309017, 0.5, 0.0, 0.309017, -0.5, 0.809017, 0.0, 0.5, 0.809017, 0.309017, 0.0, 0.0, 0.0, 0.0, 1.0 ], [ -0.5, -0.809017, 0.309017, 0.0, -0.809017, 0.309017, -0.5, 0.0, 0.309017, -0.5, -0.809017, 0.0, 0.0, 0.0, 0.0, 1.0 ], [ -0.309017, 0.5, 0.809017, 0.0, -0.5, -0.809017, 0.309017, 0.0, 0.809017, -0.309017, 0.5, 0.0, 0.0, 0.0, 0.0, 1.0 ], [ -0.809017, 0.309017, -0.5, 0.0, -0.309017, 0.5, 0.809017, 0.0, 0.5, 0.809017, -0.309017, 0.0, 0.0, 0.0, 0.0, 1.0 ], [ -0.809017, -0.309017, 0.5, 0.0, -0.309017, -0.5, -0.809017, 0.0, 0.5, -0.809017, 0.309017, 0.0, 0.0, 0.0, 0.0, 1.0 ], [ -0.5, 0.809017, -0.309017, 0.0, -0.809017, -0.309017, 0.5, 0.0, 0.309017, 0.5, 0.809017, 0.0, 0.0, 0.0, 0.0, 1.0 ], [ -0.309017, -0.5, -0.809017, 0.0, -0.5, 0.809017, -0.309017, 0.0, 0.809017, 0.309017, -0.5, 0.0, 0.0, 0.0, 0.0, 1.0 ], [ -1.0, 0.0, 0.0, 0.0, 0.0, 1.0, 0.0, 0.0, 0.0, 0.0, -1.0, 0.0, 0.0, 0.0, 0.0, 1.0 ], [ 0.0, 0.0, -1.0, 0.0, 1.0, 0.0, 0.0, 0.0, 0.0, -1.0, 0.0, 0.0, 0.0, 0.0, 0.0, 1.0 ], [ 0.0, -1.0, 0.0, 0.0, 0.0, 0.0, 1.0, 0.0, -1.0, 0.0, 0.0, 0.0, 0.0, 0.0, 0.0, 1.0 ], [ -0.809017, -0.309017, -0.5, 0.0, 0.309017, 0.5, -0.809017, 0.0, 0.5, -0.809017, -0.309017, 0.0, 0.0, 0.0, 0.0, 1.0 ], [ 0.5, -0.809017, -0.309017, 0.0, 0.809017, 0.309017, 0.5, 0.0, -0.309017, -0.5, 0.809017, 0.0, 0.0, 0.0, 0.0, 1.0 ], [ -0.309017, -0.5, 0.809017, 0.0, -0.5, 0.809017, 0.309017, 0.0, -0.809017, -0.309017, -0.5, 0.0, 0.0, 0.0, 0.0, 1.0 ], [ -0.5, -0.809017, -0.309017, 0.0, 0.809017, -0.309017, -0.5, 0.0, 0.309017, -0.5, 0.809017, 0.0, 0.0, 0.0, 0.0, 1.0 ], [ 0.309017, -0.5, 0.809017, 0.0, 0.5, 0.809017, 0.309017, 0.0, -0.809017, 0.309017, 0.5, 0.0, 0.0, 0.0, 0.0, 1.0 ], [ -0.809017, 0.309017, 0.5, 0.0, -0.309017, 0.5, -0.809017, 0.0, -0.5, -0.809017, -0.309017, 0.0, 0.0, 0.0, 0.0, 1.0 ], [ -0.5, -0.809017, 0.309017, 0.0, 0.809017, -0.309017, 0.5, 0.0, -0.309017, 0.5, 0.809017, 0.0, 0.0, 0.0, 0.0, 1.0 ], [ -0.309017, 0.5, 0.809017, 0.0, 0.5, 0.809017, -0.309017, 0.0, -0.809017, 0.309017, -0.5, 0.0, 0.0, 0.0, 0.0, 1.0 ], [ -0.809017, 0.309017, -0.5, 0.0, 0.309017, -0.5, -0.809017, 0.0, -0.5, -0.809017, 0.309017, 0.0, 0.0, 0.0, 0.0, 1.0 ], [ -0.809017, -0.309017, 0.5, 0.0, 0.309017, 0.5, 0.809017, 0.0, -0.5, 0.809017, -0.309017, 0.0, 0.0, 0.0, 0.0, 1.0 ], [ -0.5, 0.809017, -0.309017, 0.0, 0.809017, 0.309017, -0.5, 0.0, -0.309017, -0.5, -0.809017, 0.0, 0.0, 0.0, 0.0, 1.0 ], [ -0.309017, -0.5, -0.809017, 0.0, 0.5, -0.809017, 0.309017, 0.0, -0.809017, -0.309017, 0.5, 0.0, 0.0, 0.0, 0.0, 1.0 ] ],
  "lights" : {
    "ambientColor" : "#292929",
    "directionalLights" : [ {
      "direction" : [ 1.0, -1.0, -1.0 ],
      "color" : "#EBEBE4"
    }, {
      "direction" : [ -1.0, 0.0, 0.0 ],
      "color" : "#E4E4EB"
    }, {
      "direction" : [ 0.0, 0.0, -1.0 ],
      "color" : "#1E1E1E"
    } ],
    "backgroundColor" : "#AFC8DC"
  },
  "camera" : {
    "viewDistance" : 80.55011,
    "fieldOfView" : 0.4426289,
    "lookDirectionRV" : {
      "x" : -0.8076572,
      "y" : -0.50826067,
      "z" : 0.29893425,
      "zero" : false
    },
    "perspective" : false,
    "upDirectionRV" : {
      "x" : 0.5817612,
      "y" : -0.6041909,
      "z" : 0.54452455,
      "zero" : false
    },
    "lookAtPointRV" : {
      "x" : 0.0,
      "y" : 0.0,
      "z" : 0.0,
      "zero" : true
    },
    "stereo" : false,
    "lookAtPoint" : {
      "x" : 0.0,
      "y" : 0.0,
      "z" : 0.0
    },
    "farClipDistance" : 161.09995,
    "upDirection" : {
      "x" : 0.5817612,
      "y" : -0.6041909,
      "z" : 0.54452455
    },
    "lookDirection" : {
      "x" : -0.8076572,
      "y" : -0.50826067,
      "z" : 0.29893425
    },
    "nearClipDistance" : 0.20137538,
    "width" : 36.24755,
    "position" : {
      "x" : 65.05688,
      "y" : 40.940453,
      "z" : -24.079187
    }
  },
  "embedding" : [ 1.0, 0.0, 0.0, 0.0, 0.0, 1.0, 0.0, 0.0, 0.0, 0.0, 1.0, 0.0, 0.0, 0.0, 0.0, 1.0 ],
  "shapes" : [ {
    "id" : "4d6d8c24-8fe3-462d-986c-6cd7e5ecb7ec",
    "orbit" : "2",
    "orbitC" : "[[4,3,19],[11,-6,19]]",
    "length" : "[0,1,1]",
    "name" : "medium",
    "vertices" : [ {
      "x" : 0.70974547,
      "y" : 8.544654,
      "z" : -3.7507875
    }, {
      "x" : 0.30974546,
      "y" : 8.644653,
      "z" : -3.8507874
    }, {
      "x" : -0.09171146,
      "y" : 0.54551625,
      "z" : -0.48528054
    }, {
      "x" : 0.30828854,
      "y" : 0.44551626,
      "z" : -0.38528052
    }, {
      "x" : 0.4430788,
      "y" : 8.411321,
      "z" : -4.1507874
    }, {
      "x" : 0.8430788,
      "y" : 8.31132,
      "z" : -4.0507874
    }, {
      "x" : 0.1749552,
      "y" : 0.6788496,
      "z" : -0.08528053
    }, {
      "x" : -0.2250448,
      "y" : 0.7788496,
      "z" : -0.18528053
    } ],
    "faces" : [ {
      "vertices" : [ 2, 3, 6, 7 ]
    }, {
      "vertices" : [ 0, 5, 4, 1 ]
    }, {
      "vertices" : [ 2, 4, 5, 3 ]
    }, {
      "vertices" : [ 0, 6, 3, 5 ]
    }, {
      "vertices" : [ 0, 1, 7, 6 ]
    }, {
      "vertices" : [ 1, 4, 2, 7 ]
    } ]
  }, {
    "id" : "06b8086c-3eeb-4269-9b12-c780fb7cda99",
    "name" : "ball",
    "vertices" : [ {
      "x" : 0.309017,
      "y" : -0.809017,
      "z" : 0.618034
    }, {
      "x" : 0.809017,
      "y" : -0.618034,
      "z" : 0.309017
    }, {
      "x" : 0.618034,
      "y" : -0.309017,
      "z" : 0.809017
    }, {
      "x" : 1.0,
      "y" : 0.309017,
      "z" : 0.19098301
    }, {
      "x" : 0.809017,
      "y" : 0.618034,
      "z" : 0.309017
    }, {
      "x" : 0.618034,
      "y" : 0.309017,
      "z" : 0.809017
    }, {
      "x" : 0.809017,
      "y" : 0.0,
      "z" : 0.690983
    }, {
      "x" : 0.19098301,
      "y" : -1.0,
      "z" : 0.309017
    }, {
      "x" : -0.19098301,
      "y" : -1.0,
      "z" : 0.309017
    }, {
      "x" : -0.19098301,
      "y" : -1.0,
      "z" : -0.309017
    }, {
      "x" : 0.19098301,
      "y" : -1.0,
      "z" : -0.309017
    }, {
      "x" : 1.0,
      "y" : -0.309017,
      "z" : -0.19098301
    }, {
      "x" : 0.809017,
      "y" : -0.618034,
      "z" : -0.309017
    }, {
      "x" : 0.618034,
      "y" : -0.309017,
      "z" : -0.809017
    }, {
      "x" : 0.809017,
      "y" : 0.0,
      "z" : -0.690983
    }, {
      "x" : 0.0,
      "y" : 0.690983,
      "z" : -0.809017
    }, {
      "x" : 0.309017,
      "y" : 0.809017,
      "z" : -0.618034
    }, {
      "x" : 0.618034,
      "y" : 0.309017,
      "z" : -0.809017
    }, {
      "x" : 0.309017,
      "y" : 0.19098301,
      "z" : -1.0
    }, {
      "x" : 1.0,
      "y" : 0.309017,
      "z" : -0.19098301
    }, {
      "x" : -0.309017,
      "y" : -0.809017,
      "z" : 0.618034
    }, {
      "x" : 0.0,
      "y" : -0.690983,
      "z" : 0.809017
    }, {
      "x" : 0.809017,
      "y" : 0.618034,
      "z" : -0.309017
    }, {
      "x" : 0.690983,
      "y" : 0.809017,
      "z" : 0.0
    }, {
      "x" : -0.690983,
      "y" : 0.809017,
      "z" : 0.0
    }, {
      "x" : -0.809017,
      "y" : 0.618034,
      "z" : 0.309017
    }, {
      "x" : -0.309017,
      "y" : 0.809017,
      "z" : 0.618034
    }, {
      "x" : -0.19098301,
      "y" : 1.0,
      "z" : 0.309017
    }, {
      "x" : 0.309017,
      "y" : -0.19098301,
      "z" : -1.0
    }, {
      "x" : 0.19098301,
      "y" : 1.0,
      "z" : 0.309017
    }, {
      "x" : 0.309017,
      "y" : 0.809017,
      "z" : 0.618034
    }, {
      "x" : -0.809017,
      "y" : -0.618034,
      "z" : 0.309017
    }, {
      "x" : -0.690983,
      "y" : -0.809017,
      "z" : 0.0
    }, {
      "x" : 0.0,
      "y" : 0.690983,
      "z" : 0.809017
    }, {
      "x" : 0.309017,
      "y" : -0.809017,
      "z" : -0.618034
    }, {
      "x" : 0.0,
      "y" : -0.690983,
      "z" : -0.809017
    }, {
      "x" : -1.0,
      "y" : 0.309017,
      "z" : 0.19098301
    }, {
      "x" : -0.809017,
      "y" : 0.0,
      "z" : 0.690983
    }, {
      "x" : -0.618034,
      "y" : 0.309017,
      "z" : 0.809017
    }, {
      "x" : 1.0,
      "y" : -0.309017,
      "z" : 0.19098301
    }, {
      "x" : -0.309017,
      "y" : -0.809017,
      "z" : -0.618034
    }, {
      "x" : -1.0,
      "y" : 0.309017,
      "z" : -0.19098301
    }, {
      "x" : -1.0,
      "y" : -0.309017,
      "z" : -0.19098301
    }, {
      "x" : -1.0,
      "y" : -0.309017,
      "z" : 0.19098301
    }, {
      "x" : 0.19098301,
      "y" : 1.0,
      "z" : -0.309017
    }, {
      "x" : -0.809017,
      "y" : 0.618034,
      "z" : -0.309017
    }, {
      "x" : -0.19098301,
      "y" : 1.0,
      "z" : -0.309017
    }, {
      "x" : -0.309017,
      "y" : 0.809017,
      "z" : -0.618034
    }, {
      "x" : -0.618034,
      "y" : -0.309017,
      "z" : 0.809017
    }, {
      "x" : 0.309017,
      "y" : 0.19098301,
      "z" : 1.0
    }, {
      "x" : -0.309017,
      "y" : 0.19098301,
      "z" : -1.0
    }, {
      "x" : -0.309017,
      "y" : 0.19098301,
      "z" : 1.0
    }, {
      "x" : -0.309017,
      "y" : -0.19098301,
      "z" : 1.0
    }, {
      "x" : 0.309017,
      "y" : -0.19098301,
      "z" : 1.0
    }, {
      "x" : 0.690983,
      "y" : -0.809017,
      "z" : 0.0
    }, {
      "x" : -0.809017,
      "y" : 0.0,
      "z" : -0.690983
    }, {
      "x" : -0.618034,
      "y" : -0.309017,
      "z" : -0.809017
    }, {
      "x" : -0.309017,
      "y" : -0.19098301,
      "z" : -1.0
    }, {
      "x" : -0.618034,
      "y" : 0.309017,
      "z" : -0.809017
    }, {
      "x" : -0.809017,
      "y" : -0.618034,
      "z" : -0.309017
    } ],
    "faces" : [ {
      "vertices" : [ 9, 40, 35, 34, 10 ]
    }, {
      "vertices" : [ 0, 1, 2 ]
    }, {
      "vertices" : [ 33, 51, 49 ]
    }, {
      "vertices" : [ 25, 36, 37, 38 ]
    }, {
      "vertices" : [ 41, 55, 42 ]
    }, {
      "vertices" : [ 9, 32, 59, 40 ]
    }, {
      "vertices" : [ 20, 21, 52, 48 ]
    }, {
      "vertices" : [ 26, 33, 30, 29, 27 ]
    }, {
      "vertices" : [ 3, 4, 5, 6 ]
    }, {
      "vertices" : [ 27, 29, 44, 46 ]
    }, {
      "vertices" : [ 50, 57, 56, 55, 58 ]
    }, {
      "vertices" : [ 26, 38, 51, 33 ]
    }, {
      "vertices" : [ 45, 47, 58 ]
    }, {
      "vertices" : [ 18, 28, 57, 50 ]
    }, {
      "vertices" : [ 40, 59, 56 ]
    }, {
      "vertices" : [ 31, 48, 37, 43 ]
    }, {
      "vertices" : [ 7, 8, 9, 10 ]
    }, {
      "vertices" : [ 36, 41, 42, 43 ]
    }, {
      "vertices" : [ 24, 46, 47, 45 ]
    }, {
      "vertices" : [ 4, 30, 5 ]
    }, {
      "vertices" : [ 15, 47, 46, 44, 16 ]
    }, {
      "vertices" : [ 15, 50, 58, 47 ]
    }, {
      "vertices" : [ 24, 45, 41, 36, 25 ]
    }, {
      "vertices" : [ 11, 14, 19 ]
    }, {
      "vertices" : [ 3, 6, 39 ]
    }, {
      "vertices" : [ 1, 39, 6, 2 ]
    }, {
      "vertices" : [ 8, 32, 9 ]
    }, {
      "vertices" : [ 11, 12, 13, 14 ]
    }, {
      "vertices" : [ 16, 22, 17 ]
    }, {
      "vertices" : [ 0, 21, 20, 8, 7 ]
    }, {
      "vertices" : [ 12, 34, 13 ]
    }, {
      "vertices" : [ 35, 40, 56, 57 ]
    }, {
      "vertices" : [ 0, 7, 54, 1 ]
    }, {
      "vertices" : [ 15, 16, 17, 18 ]
    }, {
      "vertices" : [ 3, 19, 22, 23, 4 ]
    }, {
      "vertices" : [ 7, 10, 54 ]
    }, {
      "vertices" : [ 41, 45, 58, 55 ]
    }, {
      "vertices" : [ 3, 39, 11, 19 ]
    }, {
      "vertices" : [ 14, 17, 22, 19 ]
    }, {
      "vertices" : [ 0, 2, 53, 21 ]
    }, {
      "vertices" : [ 49, 51, 52, 53 ]
    }, {
      "vertices" : [ 31, 43, 42, 59, 32 ]
    }, {
      "vertices" : [ 15, 18, 50 ]
    }, {
      "vertices" : [ 42, 55, 56, 59 ]
    }, {
      "vertices" : [ 4, 23, 29, 30 ]
    }, {
      "vertices" : [ 25, 38, 26 ]
    }, {
      "vertices" : [ 13, 28, 18, 17, 14 ]
    }, {
      "vertices" : [ 8, 20, 31, 32 ]
    }, {
      "vertices" : [ 23, 44, 29 ]
    }, {
      "vertices" : [ 24, 27, 46 ]
    }, {
      "vertices" : [ 37, 48, 52, 51, 38 ]
    }, {
      "vertices" : [ 20, 48, 31 ]
    }, {
      "vertices" : [ 24, 25, 26, 27 ]
    }, {
      "vertices" : [ 16, 44, 23, 22 ]
    }, {
      "vertices" : [ 13, 34, 35, 28 ]
    }, {
      "vertices" : [ 10, 34, 12, 54 ]
    }, {
      "vertices" : [ 2, 6, 5, 49, 53 ]
    }, {
      "vertices" : [ 36, 43, 37 ]
    }, {
      "vertices" : [ 5, 30, 33, 49 ]
    }, {
      "vertices" : [ 1, 54, 12, 11, 39 ]
    }, {
      "vertices" : [ 28, 35, 57 ]
    }, {
      "vertices" : [ 21, 53, 52 ]
    } ]
  }, {
    "id" : "94ae4e02-0d44-4510-9da3-aa876e800726",
    "orbit" : "5",
    "orbitC" : "[[17,-9,55],[17,-9,55]]",
    "length" : "[-1,1,1]",
    "name" : "shorter",
    "vertices" : [ {
      "x" : -0.0720588,
      "y" : -4.04871,
      "z" : 0.094607875
    }, {
      "x" : 0.027941205,
      "y" : -3.9487097,
      "z" : -0.30539212
    }, {
      "x" : -0.13395253,
      "y" : -0.5993808,
      "z" : -0.3006192
    }, {
      "x" : -0.23395254,
      "y" : -0.6993808,
      "z" : 0.0993808
    }, {
      "x" : -0.27205878,
      "y" : -3.7153766,
      "z" : -0.43872547
    }, {
      "x" : -0.3720588,
      "y" : -3.8153765,
      "z" : -0.03872546
    }, {
      "x" : 0.06604747,
      "y" : -0.9327141,
      "z" : 0.23271413
    }, {
      "x" : 0.16604747,
      "y" : -0.83271414,
      "z" : -0.16728587
    } ],
    "faces" : [ {
      "vertices" : [ 2, 3, 6, 7 ]
    }, {
      "vertices" : [ 0, 5, 4, 1 ]
    }, {
      "vertices" : [ 2, 4, 5, 3 ]
    }, {
      "vertices" : [ 0, 6, 3, 5 ]
    }, {
      "vertices" : [ 0, 1, 7, 6 ]
    }, {
      "vertices" : [ 1, 4, 2, 7 ]
    } ]
  }, {
    "id" : "5f4bdc45-ba19-4419-b790-e5b28439c05c",
    "orbit" : "1",
    "orbitC" : "[[-22,15,71],[-43,39,71]]",
    "length" : "[0,1,1]",
    "name" : "medium",
    "vertices" : [ {
      "x" : -8.644653,
      "y" : -0.30974546,
      "z" : -3.8507874
    }, {
      "x" : -8.544654,
      "y" : -0.70974547,
      "z" : -3.7507875
    }, {
      "x" : -0.44551626,
      "y" : -0.30828854,
      "z" : -0.38528052
    }, {
      "x" : -0.54551625,
      "y" : 0.09171146,
      "z" : -0.48528054
    }, {
      "x" : -8.31132,
      "y" : -0.8430788,
      "z" : -4.0507874
    }, {
      "x" : -8.411321,
      "y" : -0.4430788,
      "z" : -4.1507874
    }, {
      "x" : -0.7788496,
      "y" : 0.2250448,
      "z" : -0.18528053
    }, {
      "x" : -0.6788496,
      "y" : -0.1749552,
      "z" : -0.08528053
    } ],
    "faces" : [ {
      "vertices" : [ 2, 3, 6, 7 ]
    }, {
      "vertices" : [ 0, 5, 4, 1 ]
    }, {
      "vertices" : [ 2, 4, 5, 3 ]
    }, {
      "vertices" : [ 0, 6, 3, 5 ]
    }, {
      "vertices" : [ 0, 1, 7, 6 ]
    }, {
      "vertices" : [ 1, 4, 2, 7 ]
    } ]
  }, {
    "id" : "ad6d4a23-9283-4b59-9800-e53f8001bd75",
    "orbit" : "4",
    "orbitC" : "[[32,-9,131],[157,-81,131]]",
    "length" : "[-1,1,1]",
    "name" : "shorter",
    "vertices" : [ {
      "x" : 1.6957593,
      "y" : 2.6621282,
      "z" : -2.3954616
    }, {
      "x" : 1.2957593,
      "y" : 2.762128,
      "z" : -2.4954615
    }, {
      "x" : 0.12828596,
      "y" : 0.3679285,
      "z" : -0.63459516
    }, {
      "x" : 0.528286,
      "y" : 0.2679285,
      "z" : -0.5345952
    }, {
      "x" : 1.4290926,
      "y" : 2.5287948,
      "z" : -2.7954614
    }, {
      "x" : 1.8290927,
      "y" : 2.4287949,
      "z" : -2.6954615
    }, {
      "x" : 0.39495263,
      "y" : 0.50126183,
      "z" : -0.23459518
    }, {
      "x" : -0.005047368,
      "y" : 0.60126185,
      "z" : -0.33459517
    } ],
    "faces" : [ {
      "vertices" : [ 2, 3, 6, 7 ]
    }, {
      "vertices" : [ 0, 5, 4, 1 ]
    }, {
      "vertices" : [ 2, 4, 5, 3 ]
    }, {
      "vertices" : [ 0, 6, 3, 5 ]
    }, {
      "vertices" : [ 0, 1, 7, 6 ]
    }, {
      "vertices" : [ 1, 4, 2, 7 ]
    } ]
  } ],
  "instances" : [ {
    "shape" : "4d6d8c24-8fe3-462d-986c-6cd7e5ecb7ec",
    "color" : "#FFFFFF",
    "position" : {
      "x" : 2.618034,
      "y" : -7.472136,
      "z" : 2.618034
    },
    "orientation" : 32
  }, {
    "shape" : "4d6d8c24-8fe3-462d-986c-6cd7e5ecb7ec",
    "color" : "#FFFFFF",
    "position" : {
      "x" : -6.472136,
      "y" : -3.236068,
      "z" : 3.236068
    },
    "orientation" : 0
  }, {
    "shape" : "4d6d8c24-8fe3-462d-986c-6cd7e5ecb7ec",
    "color" : "#FFFFFF",
    "position" : {
      "x" : 3.236068,
      "y" : -3.236068,
      "z" : -6.472136
    },
    "orientation" : 32
  }, {
    "shape" : "06b8086c-3eeb-4269-9b12-c780fb7cda99",
    "color" : "#F2F2F2",
    "position" : {
      "x" : 2.618034,
      "y" : -2.618034,
      "z" : 7.472136
    }
  }, {
    "shape" : "94ae4e02-0d44-4510-9da3-aa876e800726",
    "color" : "#FFFFFF",
    "position" : {
      "x" : -5.648091,
      "y" : 5.648091,
      "z" : -5.648091
    },
    "orientation" : 0
  }, {
    "shape" : "94ae4e02-0d44-4510-9da3-aa876e800726",
    "color" : "#FFFFFF",
    "position" : {
      "x" : -5.648091,
      "y" : 5.648091,
      "z" : -5.648091
    },
    "orientation" : 16
  }, {
    "shape" : "4d6d8c24-8fe3-462d-986c-6cd7e5ecb7ec",
    "color" : "#FFFFFF",
    "position" : {
      "x" : 7.472136,
      "y" : -2.618034,
      "z" : 2.618034
    },
    "orientation" : 16
  }, {
    "shape" : "06b8086c-3eeb-4269-9b12-c780fb7cda99",
    "color" : "#F2F2F2",
    "position" : {
      "x" : -1.0,
      "y" : 5.854102,
      "z" : -5.854102
    }
  }, {
    "shape" : "5f4bdc45-ba19-4419-b790-e5b28439c05c",
    "color" : "#FFFFFF",
    "position" : {
      "x" : 2.618034,
      "y" : -7.472136,
      "z" : 2.618034
    },
    "orientation" : 32
  }, {
    "shape" : "06b8086c-3eeb-4269-9b12-c780fb7cda99",
    "color" : "#F2F2F2",
    "position" : {
      "x" : 3.236068,
      "y" : 6.472136,
      "z" : 3.236068
    }
  }, {
    "shape" : "94ae4e02-0d44-4510-9da3-aa876e800726",
    "color" : "#FFFFFF",
    "position" : {
      "x" : -5.648091,
      "y" : 5.648091,
      "z" : -5.648091
    },
    "orientation" : 32
  }, {
    "shape" : "5f4bdc45-ba19-4419-b790-e5b28439c05c",
    "color" : "#FFFFFF",
    "position" : {
      "x" : 7.472136,
      "y" : -2.618034,
      "z" : 2.618034
    },
    "orientation" : 16
  }, {
    "shape" : "5f4bdc45-ba19-4419-b790-e5b28439c05c",
    "color" : "#FFFFFF",
    "position" : {
      "x" : -6.472136,
      "y" : -3.236068,
      "z" : 3.236068
    },
    "orientation" : 32
  }, {
    "shape" : "4d6d8c24-8fe3-462d-986c-6cd7e5ecb7ec",
    "color" : "#FFFFFF",
    "position" : {
      "x" : 3.236068,
      "y" : 6.472136,
      "z" : 3.236068
    },
    "orientation" : 16
  }, {
    "shape" : "ad6d4a23-9283-4b59-9800-e53f8001bd75",
    "color" : "#FFFFFF",
    "position" : {
      "x" : 5.648091,
      "y" : -5.648091,
      "z" : 5.648091
    },
    "orientation" : 16
  }, {
    "shape" : "5f4bdc45-ba19-4419-b790-e5b28439c05c",
    "color" : "#FFFFFF",
    "position" : {
      "x" : 3.236068,
      "y" : -3.236068,
      "z" : -6.472136
    },
    "orientation" : 16
  }, {
    "shape" : "5f4bdc45-ba19-4419-b790-e5b28439c05c",
    "color" : "#FFFFFF",
    "position" : {
      "x" : 2.618034,
      "y" : -2.618034,
      "z" : 7.472136
    },
    "orientation" : 0
  }, {
    "shape" : "06b8086c-3eeb-4269-9b12-c780fb7cda99",
    "color" : "#F2F2F2",
    "position" : {
      "x" : 5.648091,
      "y" : -5.648091,
      "z" : 5.648091
    }
  }, {
    "shape" : "06b8086c-3eeb-4269-9b12-c780fb7cda99",
    "color" : "#F2F2F2",
    "position" : {
      "x" : -6.472136,
      "y" : -3.236068,
      "z" : 3.236068
    }
  }, {
    "shape" : "ad6d4a23-9283-4b59-9800-e53f8001bd75",
    "color" : "#FFFFFF",
    "position" : {
      "x" : 5.648091,
      "y" : -5.648091,
      "z" : 5.648091
    },
    "orientation" : 32
  }, {
    "shape" : "ad6d4a23-9283-4b59-9800-e53f8001bd75",
    "color" : "#FFFFFF",
    "position" : {
      "x" : 5.648091,
      "y" : -5.648091,
      "z" : 5.648091
    },
    "orientation" : 0
  }, {
    "shape" : "4d6d8c24-8fe3-462d-986c-6cd7e5ecb7ec",
    "color" : "#FFFFFF",
    "position" : {
      "x" : 2.618034,
      "y" : -2.618034,
      "z" : 7.472136
    },
    "orientation" : 0
  }, {
    "shape" : "5f4bdc45-ba19-4419-b790-e5b28439c05c",
    "color" : "#FFFFFF",
    "position" : {
      "x" : 3.236068,
      "y" : 6.472136,
      "z" : 3.236068
    },
    "orientation" : 0
  }, {
    "shape" : "06b8086c-3eeb-4269-9b12-c780fb7cda99",
    "color" : "#F2F2F2",
    "position" : {
      "x" : -5.854102,
      "y" : 5.854102,
      "z" : -1.0
    }
  }, {
    "shape" : "06b8086c-3eeb-4269-9b12-c780fb7cda99",
    "color" : "#F2F2F2",
    "position" : {
      "x" : -5.854102,
      "y" : 1.0,
      "z" : -5.854102
    }
  }, {
    "shape" : "06b8086c-3eeb-4269-9b12-c780fb7cda99",
    "color" : "#F2F2F2",
    "position" : {
      "x" : 3.236068,
      "y" : -3.236068,
      "z" : -6.472136
    }
  }, {
    "shape" : "06b8086c-3eeb-4269-9b12-c780fb7cda99",
    "color" : "#F2F2F2",
    "position" : {
      "x" : -5.648091,
      "y" : 5.648091,
      "z" : -5.648091
    }
  }, {
    "shape" : "06b8086c-3eeb-4269-9b12-c780fb7cda99",
    "color" : "#F2F2F2",
    "position" : {
      "x" : 2.618034,
      "y" : -7.472136,
      "z" : 2.618034
    }
  }, {
    "shape" : "06b8086c-3eeb-4269-9b12-c780fb7cda99",
    "color" : "#F2F2F2",
    "position" : {
      "x" : 7.472136,
      "y" : -2.618034,
      "z" : 2.618034
    }
  } ],
  "scenes" : [ ],
  "snapshots" : [ [ ], [ ], [ ], [ ], [ ], [ ], [ ], [ ] ]
}