{
  "polygons" : "true",
  "field" : "golden",
  "symmetry" : "icosahedral",
  "orientations" : [ [ 1.0, 0.0, 0.0, 0.0, 0.0, 1.0, 0.0, 0.0, 0.0, 0.0, 1.0, 0.0, 0.0, 0.0, 0.0, 1.0 ], [ 0.0, 0.0, 1.0, 0.0, 1.0, 0.0, 0.0, 0.0, 0.0, 1.0, 0.0, 0.0, 0.0, 0.0, 0.0, 1.0 ], [ 0.0, 1.0, 0.0, 0.0, 0.0, 0.0, 1.0, 0.0, 1.0, 0.0, 0.0, 0.0, 0.0, 0.0, 0.0, 1.0 ], [ 0.809017, 0.309017, 0.5, 0.0, 0.309017, 0.5, -0.809017, 0.0, -0.5, 0.809017, 0.309017, 0.0, 0.0, 0.0, 0.0, 1.0 ], [ -0.5, 0.809017, 0.309017, 0.0, 0.809017, 0.309017, 0.5, 0.0, 0.309017, 0.5, -0.809017, 0.0, 0.0, 0.0, 0.0, 1.0 ], [ 0.309017, 0.5, -0.809017, 0.0, -0.5, 0.809017, 0.309017, 0.0, 0.809017, 0.309017, 0.5, 0.0, 0.0, 0.0, 0.0, 1.0 ], [ 0.5, 0.809017, 0.309017, 0.0, 0.809017, -0.309017, -0.5, 0.0, -0.309017, 0.5, -0.809017, 0.0, 0.0, 0.0, 0.0, 1.0 ], [ -0.309017, 0.5, -0.809017, 0.0, 0.5, 0.809017, 0.309017, 0.0, 0.809017, -0.309017, -0.5, 0.0, 0.0, 0.0, 0.0, 1.0 ], [ 0.809017, -0.309017, -0.5, 0.0, -0.309017, 0.5, -0.809017, 0.0, 0.5, 0.809017, 0.309017, 0.0, 0.0, 0.0, 0.0, 1.0 ], [ 0.5, 0.809017, -0.309017, 0.0, 0.809017, -0.309017, 0.5, 0.0, 0.309017, -0.5, -0.809017, 0.0, 0.0, 0.0, 0.0, 1.0 ], [ 0.309017, -0.5, -0.809017, 0.0, 0.5, 0.809017, -0.309017, 0.0, 0.809017, -0.309017, 0.5, 0.0, 0.0, 0.0, 0.0, 1.0 ], [ 0.809017, -0.309017, 0.5, 0.0, 0.309017, -0.5, -0.809017, 0.0, 0.5, 0.809017, -0.309017, 0.0, 0.0, 0.0, 0.0, 1.0 ], [ 0.809017, 0.309017, -0.5, 0.0, 0.309017, 0.5, 0.809017, 0.0, 0.5, -0.809017, 0.309017, 0.0, 0.0, 0.0, 0.0, 1.0 ], [ 0.5, -0.809017, 0.309017, 0.0, 0.809017, 0.309017, -0.5, 0.0, 0.309017, 0.5, 0.809017, 0.0, 0.0, 0.0, 0.0, 1.0 ], [ 0.309017, 0.5, 0.809017, 0.0, 0.5, -0.809017, 0.309017, 0.0, 0.809017, 0.309017, -0.5, 0.0, 0.0, 0.0, 0.0, 1.0 ], [ 1.0, 0.0, 0.0, 0.0, 0.0, -1.0, 0.0, 0.0, 0.0, 0.0, -1.0, 0.0, 0.0, 0.0, 0.0, 1.0 ], [ 0.0, 0.0, 1.0, 0.0, -1.0, 0.0, 0.0, 0.0, 0.0, -1.0, 0.0, 0.0, 0.0, 0.0, 0.0, 1.0 ], [ 0.0, 1.0, 0.0, 0.0, 0.0, 0.0, -1.0, 0.0, -1.0, 0.0, 0.0, 0.0, 0.0, 0.0, 0.0, 1.0 ], [ 0.809017, 0.309017, 0.5, 0.0, -0.309017, -0.5, 0.809017, 0.0, 0.5, -0.809017, -0.309017, 0.0, 0.0, 0.0, 0.0, 1.0 ], [ -0.5, 0.809017, 0.309017, 0.0, -0.809017, -0.309017, -0.5, 0.0, -0.309017, -0.5, 0.809017, 0.0, 0.0, 0.0, 0.0, 1.0 ], [ 0.309017, 0.5, -0.809017, 0.0, 0.5, -0.809017, -0.309017, 0.0, -0.809017, -0.309017, -0.5, 0.0, 0.0, 0.0, 0.0, 1.0 ], [ 0.5, 0.809017, 0.309017, 0.0, -0.809017, 0.309017, 0.5, 0.0, 0.309017, -0.5, 0.809017, 0.0, 0.0, 0.0, 0.0, 1.0 ], [ -0.309017, 0.5, -0.809017, 0.0, -0.5, -0.809017, -0.309017, 0.0, -0.809017, 0.309017, 0.5, 0.0, 0.0, 0.0, 0.0, 1.0 ], [ 0.809017, -0.309017, -0.5, 0.0, 0.309017, -0.5, 0.809017, 0.0, -0.5, -0.809017, -0.309017, 0.0, 0.0, 0.0, 0.0, 1.0 ], [ 0.5, 0.809017, -0.309017, 0.0, -0.809017, 0.309017, -0.5, 0.0, -0.309017, 0.5, 0.809017, 0.0, 0.0, 0.0, 0.0, 1.0 ], [ 0.309017, -0.5, -0.809017, 0.0, -0.5, -0.809017, 0.309017, 0.0, -0.809017, 0.309017, -0.5, 0.0, 0.0, 0.0, 0.0, 1.0 ], [ 0.809017, -0.309017, 0.5, 0.0, -0.309017, 0.5, 0.809017, 0.0, -0.5, -0.809017, 0.309017, 0.0, 0.0, 0.0, 0.0, 1.0 ], [ 0.809017, 0.309017, -0.5, 0.0, -0.309017, -0.5, -0.809017, 0.0, -0.5, 0.809017, -0.309017, 0.0, 0.0, 0.0, 0.0, 1.0 ], [ 0.5, -0.809017, 0.309017, 0.0, -0.809017, -0.309017, 0.5, 0.0, -0.309017, -0.5, -0.809017, 0.0, 0.0, 0.0, 0.0, 1.0 ], [ 0.309017, 0.5, 0.809017, 0.0, -0.5, 0.809017, -0.309017, 0.0, -0.809017, -0.309017, 0.5, 0.0, 0.0, 0.0, 0.0, 1.0 ], [ -1.0, 0.0, 0.0, 0.0, 0.0, -1.0, 0.0, 0.0, 0.0, 0.0, 1.0, 0.0, 0.0, 0.0, 0.0, 1.0 ], [ 0.0, 0.0, -1.0, 0.0, -1.0, 0.0, 0.0, 0.0, 0.0, 1.0, 0.0, 0.0, 0.0, 0.0, 0.0, 1.0 ], [ 0.0, -1.0, 0.0, 0.0, 0.0, 0.0, -1.0, 0.0, 1.0, 0.0, 0.0, 0.0, 0.0, 0.0, 0.0, 1.0 ], [ -0.809017, -0.309017, -0.5, 0.0, -0.309017, -0.5, 0.809017, 0.0, -0.5, 0.809017, 0.309017, 0.0, 0.0, 0.0, 0.0, 1.0 ], [ 0.5, -0.809017, -0.309017, 0.0, -0.809017, -0.309017, -0.5, 0.0, 0.309017, 0.5, -0.809017, 0.0, 0.0, 0.0, 0.0, 1.0 ], [ -0.309017, -0.5, 0.809017, 0.0, 0.5, -0.809017, -0.309017, 0.0, 0.809017, 0.309017, 0.5, 0.0, 0.0, 0.0, 0.0, 1.0 ], [ -0.5, -0.809017, -0.309017, 0.0, -0.809017, 0.309017, 0.5, 0.0, -0.309017, 0.5, -0.809017, 0.0, 0.0, 0.0, 0.0, 1.0 ], [ 0.309017, -0.5, 0.809017, 0.0, -0.5, -0.809017, -0.309017, 0.0, 0.809017, -0.309017, -0.5, 0.0, 0.0, 0.0, 0.0, 1.0 ], [ -0.809017, 0.309017, 0.5, 0.0, 0.309017, -0.5, 0.809017, 0.0, 0.5, 0.809017, 0.309017, 0.0, 0.0, 0.0, 0.0, 1.0 ], [ -0.5, -0.809017, 0.309017, 0.0, -0.809017, 0.309017, -0.5, 0.0, 0.309017, -0.5, -0.809017, 0.0, 0.0, 0.0, 0.0, 1.0 ], [ -0.309017, 0.5, 0.809017, 0.0, -0.5, -0.809017, 0.309017, 0.0, 0.809017, -0.309017, 0.5, 0.0, 0.0, 0.0, 0.0, 1.0 ], [ -0.809017, 0.309017, -0.5, 0.0, -0.309017, 0.5, 0.809017, 0.0, 0.5, 0.809017, -0.309017, 0.0, 0.0, 0.0, 0.0, 1.0 ], [ -0.809017, -0.309017, 0.5, 0.0, -0.309017, -0.5, -0.809017, 0.0, 0.5, -0.809017, 0.309017, 0.0, 0.0, 0.0, 0.0, 1.0 ], [ -0.5, 0.809017, -0.309017, 0.0, -0.809017, -0.309017, 0.5, 0.0, 0.309017, 0.5, 0.809017, 0.0, 0.0, 0.0, 0.0, 1.0 ], [ -0.309017, -0.5, -0.809017, 0.0, -0.5, 0.809017, -0.309017, 0.0, 0.809017, 0.309017, -0.5, 0.0, 0.0, 0.0, 0.0, 1.0 ], [ -1.0, 0.0, 0.0, 0.0, 0.0, 1.0, 0.0, 0.0, 0.0, 0.0, -1.0, 0.0, 0.0, 0.0, 0.0, 1.0 ], [ 0.0, 0.0, -1.0, 0.0, 1.0, 0.0, 0.0, 0.0, 0.0, -1.0, 0.0, 0.0, 0.0, 0.0, 0.0, 1.0 ], [ 0.0, -1.0, 0.0, 0.0, 0.0, 0.0, 1.0, 0.0, -1.0, 0.0, 0.0, 0.0, 0.0, 0.0, 0.0, 1.0 ], [ -0.809017, -0.309017, -0.5, 0.0, 0.309017, 0.5, -0.809017, 0.0, 0.5, -0.809017, -0.309017, 0.0, 0.0, 0.0, 0.0, 1.0 ], [ 0.5, -0.809017, -0.309017, 0.0, 0.809017, 0.309017, 0.5, 0.0, -0.309017, -0.5, 0.809017, 0.0, 0.0, 0.0, 0.0, 1.0 ], [ -0.309017, -0.5, 0.809017, 0.0, -0.5, 0.809017, 0.309017, 0.0, -0.809017, -0.309017, -0.5, 0.0, 0.0, 0.0, 0.0, 1.0 ], [ -0.5, -0.809017, -0.309017, 0.0, 0.809017, -0.309017, -0.5, 0.0, 0.309017, -0.5, 0.809017, 0.0, 0.0, 0.0, 0.0, 1.0 ], [ 0.309017, -0.5, 0.809017, 0.0, 0.5, 0.809017, 0.309017, 0.0, -0.809017, 0.309017, 0.5, 0.0, 0.0, 0.0, 0.0, 1.0 ], [ -0.809017, 0.309017, 0.5, 0.0, -0.309017, 0.5, -0.809017, 0.0, -0.5, -0.809017, -0.309017, 0.0, 0.0, 0.0, 0.0, 1.0 ], [ -0.5, -0.809017, 0.309017, 0.0, 0.809017, -0.309017, 0.5, 0.0, -0.309017, 0.5, 0.809017, 0.0, 0.0, 0.0, 0.0, 1.0 ], [ -0.309017, 0.5, 0.809017, 0.0, 0.5, 0.809017, -0.309017, 0.0, -0.809017, 0.309017, -0.5, 0.0, 0.0, 0.0, 0.0, 1.0 ], [ -0.809017, 0.309017, -0.5, 0.0, 0.309017, -0.5, -0.809017, 0.0, -0.5, -0.809017, 0.309017, 0.0, 0.0, 0.0, 0.0, 1.0 ], [ -0.809017, -0.309017, 0.5, 0.0, 0.309017, 0.5, 0.809017, 0.0, -0.5, 0.809017, -0.309017, 0.0, 0.0, 0.0, 0.0, 1.0 ], [ -0.5, 0.809017, -0.309017, 0.0, 0.809017, 0.309017, -0.5, 0.0, -0.309017, -0.5, -0.809017, 0.0, 0.0, 0.0, 0.0, 1.0 ], [ -0.309017, -0.5, -0.809017, 0.0, 0.5, -0.809017, 0.309017, 0.0, -0.809017, -0.309017, 0.5, 0.0, 0.0, 0.0, 0.0, 1.0 ] ],
  "lights" : {
    "backgroundColor" : "#AFC8DC",
    "ambientColor" : "#292929",
    "directionalLights" : [ {
      "direction" : [ 1.0, -1.0, -1.0 ],
      "color" : "#EBEBE4"
    }, {
      "direction" : [ -1.0, 0.0, 0.0 ],
      "color" : "#E4E4EB"
    }, {
      "direction" : [ 0.0, 0.0, -1.0 ],
      "color" : "#1E1E1E"
    } ]
  },
  "camera" : {
    "position" : {
      "x" : 301.38303,
      "y" : 206.25119,
      "z" : 247.07332
    },
    "fieldOfView" : 0.44262904,
    "lookAtPointRV" : {
      "x" : 0.0,
      "y" : 0.0,
      "z" : 0.0,
      "zero" : true
    },
    "upDirectionRV" : {
      "x" : -0.340171,
      "y" : 0.88334835,
      "z" : -0.32245523,
      "zero" : false
    },
    "viewDistance" : 440.9271,
    "lookDirectionRV" : {
      "x" : -0.6835212,
      "y" : -0.46776712,
      "z" : -0.5603496,
      "zero" : false
    },
    "perspective" : false,
    "stereo" : false,
    "nearClipDistance" : 1.1023175,
    "upDirection" : {
      "x" : -0.340171,
      "y" : 0.88334835,
      "z" : -0.32245523
    },
    "lookDirection" : {
      "x" : -0.6835212,
      "y" : -0.46776712,
      "z" : -0.5603496
    },
    "lookAtPoint" : {
      "x" : 0.0,
      "y" : 0.0,
      "z" : 0.0
    },
    "farClipDistance" : 881.85406,
    "width" : 198.41727
  },
  "embedding" : [ 1.0, 0.0, 0.0, 0.0, 0.0, 1.0, 0.0, 0.0, 0.0, 0.0, 1.0, 0.0, 0.0, 0.0, 0.0, 1.0 ],
  "shapes" : [ {
    "id" : "66eb39c5-4ce3-42b0-8e8a-83afaf039804",
    "vertices" : [ {
      "x" : 0.0,
      "y" : 0.0,
      "z" : 0.0
    }, {
      "x" : -4.236068,
      "y" : -1.618034,
      "z" : -11.09017
    }, {
      "x" : -5.545085,
      "y" : 3.118034,
      "z" : -14.5172205
    }, {
      "x" : -4.736068,
      "y" : 8.663119,
      "z" : -12.399187
    }, {
      "x" : -2.618034,
      "y" : 9.472136,
      "z" : -6.854102
    } ],
    "faces" : [ {
      "vertices" : [ 0, 1, 2, 3, 4 ]
    }, {
      "vertices" : [ 0, 4, 3, 2, 1 ]
    } ]
  }, {
    "id" : "ec0f0058-52f2-4ea4-9cd0-8cba9edc822c",
    "vertices" : [ {
      "x" : 0.0,
      "y" : 0.0,
      "z" : 0.0
    }, {
      "x" : -1.618034,
      "y" : -11.09017,
      "z" : -4.236068
    }, {
      "x" : -5.854102,
      "y" : -12.708204,
      "z" : -15.326238
    }, {
      "x" : -4.236068,
      "y" : -1.618034,
      "z" : -11.09017
    } ],
    "faces" : [ {
      "vertices" : [ 0, 1, 2, 3 ]
    }, {
      "vertices" : [ 0, 3, 2, 1 ]
    } ]
  }, {
    "id" : "3a0572e0-899b-44ea-84ab-3969799d5b66",
    "vertices" : [ {
      "x" : 0.0,
      "y" : 0.0,
      "z" : 0.0
    }, {
      "x" : -2.618034,
      "y" : -9.472136,
      "z" : -6.854102
    }, {
      "x" : -4.736068,
      "y" : -8.663119,
      "z" : -12.399187
    }, {
      "x" : -5.545085,
      "y" : -3.118034,
      "z" : -14.5172205
    }, {
      "x" : -4.236068,
      "y" : 1.618034,
      "z" : -11.09017
    } ],
    "faces" : [ {
      "vertices" : [ 0, 1, 2, 3, 4 ]
    }, {
      "vertices" : [ 0, 4, 3, 2, 1 ]
    } ]
  }, {
    "id" : "1a1f7b5b-aeeb-4bc6-8172-3e429a98447f",
    "vertices" : [ {
      "x" : 0.0,
      "y" : 0.0,
      "z" : 0.0
    }, {
      "x" : 1.618034,
      "y" : 11.09017,
      "z" : 4.236068
    }, {
      "x" : 5.854102,
      "y" : 12.708204,
      "z" : 15.326238
    }, {
      "x" : 4.236068,
      "y" : 1.618034,
      "z" : 11.09017
    } ],
    "faces" : [ {
      "vertices" : [ 0, 1, 2, 3 ]
    }, {
      "vertices" : [ 0, 3, 2, 1 ]
    } ]
  }, {
    "id" : "81258ed1-237a-4cad-8be8-282c42d142c6",
    "vertices" : [ {
      "x" : 0.0,
      "y" : 0.0,
      "z" : 0.0
    }, {
      "x" : -1.618034,
      "y" : 11.09017,
      "z" : -4.236068
    }, {
      "x" : 1.0,
      "y" : 20.562305,
      "z" : 2.618034
    }, {
      "x" : 2.618034,
      "y" : 9.472136,
      "z" : 6.854102
    } ],
    "faces" : [ {
      "vertices" : [ 0, 1, 2, 3 ]
    }, {
      "vertices" : [ 0, 3, 2, 1 ]
    } ]
  }, {
    "id" : "0932e829-f44e-4681-bdd4-40e01c60ca6b",
    "vertices" : [ {
      "x" : 0.0,
      "y" : 0.0,
      "z" : 0.0
    }, {
      "x" : -1.618034,
      "y" : 11.09017,
      "z" : -4.236068
    }, {
      "x" : 0.5,
      "y" : 10.281153,
      "z" : 1.309017
    }, {
      "x" : 1.309017,
      "y" : 4.736068,
      "z" : 3.427051
    }, {
      "x" : 3.427051,
      "y" : 3.927051,
      "z" : 8.972136
    }, {
      "x" : 4.236068,
      "y" : -1.618034,
      "z" : 11.09017
    } ],
    "faces" : [ {
      "vertices" : [ 0, 1, 2, 3, 4, 5 ]
    }, {
      "vertices" : [ 0, 5, 4, 3, 2, 1 ]
    } ]
  }, {
    "id" : "df5287c8-47df-48cc-a697-ef7685ab6e37",
    "vertices" : [ {
      "x" : 0.0,
      "y" : 0.0,
      "z" : 0.0
    }, {
      "x" : 2.618034,
      "y" : -9.472136,
      "z" : 6.854102
    }, {
      "x" : 0.5,
      "y" : -10.281153,
      "z" : 1.309017
    }, {
      "x" : -0.809017,
      "y" : -5.545085,
      "z" : -2.118034
    }, {
      "x" : -2.927051,
      "y" : -6.354102,
      "z" : -7.663119
    }, {
      "x" : -4.236068,
      "y" : -1.618034,
      "z" : -11.09017
    } ],
    "faces" : [ {
      "vertices" : [ 0, 1, 2, 3, 4, 5 ]
    }, {
      "vertices" : [ 0, 5, 4, 3, 2, 1 ]
    } ]
  }, {
    "id" : "ea3bb421-b2c9-4f36-8a19-65658e29d2f8",
    "vertices" : [ {
      "x" : 0.0,
      "y" : 0.0,
      "z" : 0.0
    }, {
      "x" : -1.309017,
      "y" : 4.736068,
      "z" : -3.427051
    }, {
      "x" : -0.5,
      "y" : 10.281153,
      "z" : -1.309017
    }, {
      "x" : 3.736068,
      "y" : 11.899187,
      "z" : 9.781153
    }, {
      "x" : 2.118034,
      "y" : 0.809017,
      "z" : 5.545085
    } ],
    "faces" : [ {
      "vertices" : [ 0, 1, 2, 3, 4 ]
    }, {
      "vertices" : [ 0, 4, 3, 2, 1 ]
    } ]
  }, {
    "id" : "6a39e6ec-d286-4259-ad89-25ac4fb7a14d",
    "vertices" : [ {
      "x" : 0.0,
      "y" : 0.0,
      "z" : 0.0
    }, {
      "x" : -2.118034,
      "y" : -0.809017,
      "z" : -5.545085
    }, {
      "x" : -3.427051,
      "y" : 3.927051,
      "z" : -8.972136
    }, {
      "x" : 0.809017,
      "y" : 5.545085,
      "z" : 2.118034
    }, {
      "x" : 2.118034,
      "y" : 0.809017,
      "z" : 5.545085
    }, {
      "x" : 1.309017,
      "y" : -4.736068,
      "z" : 3.427051
    } ],
    "faces" : [ {
      "vertices" : [ 0, 1, 2, 3, 4, 5 ]
    }, {
      "vertices" : [ 0, 5, 4, 3, 2, 1 ]
    } ]
  }, {
    "id" : "e2f8ff6d-7e62-459a-9357-ef21cf9fafb1",
    "vertices" : [ {
      "x" : 0.0,
      "y" : 0.0,
      "z" : 0.0
    }, {
      "x" : -2.118034,
      "y" : 0.809017,
      "z" : -5.545085
    }, {
      "x" : -2.927051,
      "y" : 6.354102,
      "z" : -7.663119
    }, {
      "x" : -0.309017,
      "y" : 15.826238,
      "z" : -0.809017
    }, {
      "x" : 1.309017,
      "y" : 4.736068,
      "z" : 3.427051
    } ],
    "faces" : [ {
      "vertices" : [ 0, 1, 2, 3, 4 ]
    }, {
      "vertices" : [ 0, 4, 3, 2, 1 ]
    } ]
  }, {
    "id" : "db97ac82-b79f-48cd-9503-8f910d313ab7",
    "vertices" : [ {
      "x" : 0.0,
      "y" : 0.0,
      "z" : 0.0
    }, {
      "x" : 2.118034,
      "y" : -0.809017,
      "z" : 5.545085
    }, {
      "x" : 2.927051,
      "y" : -6.354102,
      "z" : 7.663119
    }, {
      "x" : -1.309017,
      "y" : -4.736068,
      "z" : -3.427051
    }, {
      "x" : -2.927051,
      "y" : 6.354102,
      "z" : -7.663119
    }, {
      "x" : -0.809017,
      "y" : 5.545085,
      "z" : -2.118034
    } ],
    "faces" : [ {
      "vertices" : [ 0, 1, 2, 3, 4, 5 ]
    }, {
      "vertices" : [ 0, 5, 4, 3, 2, 1 ]
    } ]
  }, {
    "id" : "b5c0d382-f685-4c84-969f-3aaa0414dbea",
    "vertices" : [ {
      "x" : 0.0,
      "y" : 0.0,
      "z" : 0.0
    }, {
      "x" : 2.618034,
      "y" : -9.472136,
      "z" : 6.854102
    }, {
      "x" : 1.0,
      "y" : -20.562305,
      "z" : 2.618034
    }, {
      "x" : -1.618034,
      "y" : -11.09017,
      "z" : -4.236068
    } ],
    "faces" : [ {
      "vertices" : [ 0, 1, 2, 3 ]
    }, {
      "vertices" : [ 0, 3, 2, 1 ]
    } ]
  }, {
    "id" : "7f0fa5e4-268a-47d4-97c4-1192926e2395",
    "vertices" : [ {
      "x" : 0.0,
      "y" : 0.0,
      "z" : 0.0
    }, {
      "x" : 4.236068,
      "y" : -1.618034,
      "z" : 11.09017
    }, {
      "x" : 2.927051,
      "y" : -6.354102,
      "z" : 7.663119
    }, {
      "x" : 0.809017,
      "y" : -5.545085,
      "z" : 2.118034
    }, {
      "x" : -0.5,
      "y" : -10.281153,
      "z" : -1.309017
    }, {
      "x" : -2.618034,
      "y" : -9.472136,
      "z" : -6.854102
    } ],
    "faces" : [ {
      "vertices" : [ 0, 1, 2, 3, 4, 5 ]
    }, {
      "vertices" : [ 0, 5, 4, 3, 2, 1 ]
    } ]
  }, {
    "id" : "d12e269b-ad7f-49ca-aaf9-d80cfc83ce22",
    "vertices" : [ {
      "x" : 0.0,
      "y" : 0.0,
      "z" : 0.0
    }, {
      "x" : -4.236068,
      "y" : -1.618034,
      "z" : -11.09017
    }, {
      "x" : -6.854102,
      "y" : 7.854102,
      "z" : -17.944271
    }, {
      "x" : -2.618034,
      "y" : 9.472136,
      "z" : -6.854102
    } ],
    "faces" : [ {
      "vertices" : [ 0, 1, 2, 3 ]
    }, {
      "vertices" : [ 0, 3, 2, 1 ]
    } ]
  }, {
    "id" : "825b508d-c627-4df0-ba50-9d768a7f0e91",
    "vertices" : [ {
      "x" : 0.0,
      "y" : 0.0,
      "z" : 0.0
    }, {
      "x" : 0.809017,
      "y" : 5.545085,
      "z" : 2.118034
    }, {
      "x" : 2.927051,
      "y" : 6.354102,
      "z" : 7.663119
    }, {
      "x" : 2.118034,
      "y" : 0.809017,
      "z" : 5.545085
    }, {
      "x" : 3.427051,
      "y" : -3.927051,
      "z" : 8.972136
    }, {
      "x" : 1.309017,
      "y" : -4.736068,
      "z" : 3.427051
    } ],
    "faces" : [ {
      "vertices" : [ 0, 1, 2, 3, 4, 5 ]
    }, {
      "vertices" : [ 0, 5, 4, 3, 2, 1 ]
    } ]
  }, {
    "id" : "d2e82bae-d62d-4665-b251-d53a0fb8ab86",
    "vertices" : [ {
      "x" : 0.0,
      "y" : 0.0,
      "z" : 0.0
    }, {
      "x" : -2.618034,
      "y" : -9.472136,
      "z" : -6.854102
    }, {
      "x" : -6.854102,
      "y" : -7.854102,
      "z" : -17.944271
    }, {
      "x" : -4.236068,
      "y" : 1.618034,
      "z" : -11.09017
    } ],
    "faces" : [ {
      "vertices" : [ 0, 1, 2, 3 ]
    }, {
      "vertices" : [ 0, 3, 2, 1 ]
    } ]
  }, {
    "id" : "9723ff77-d9bc-4e3c-9c10-e65617063e67",
    "vertices" : [ {
      "x" : 0.0,
      "y" : 0.0,
      "z" : 0.0
    }, {
      "x" : -1.618034,
      "y" : 11.09017,
      "z" : -4.236068
    }, {
      "x" : -0.309017,
      "y" : 15.826238,
      "z" : -0.809017
    }, {
      "x" : 1.809017,
      "y" : 15.0172205,
      "z" : 4.736068
    }, {
      "x" : 2.618034,
      "y" : 9.472136,
      "z" : 6.854102
    } ],
    "faces" : [ {
      "vertices" : [ 0, 1, 2, 3, 4 ]
    }, {
      "vertices" : [ 0, 4, 3, 2, 1 ]
    } ]
  }, {
    "id" : "735cf249-efeb-42ac-bf32-e1620ed648be",
    "vertices" : [ {
      "x" : 0.0,
      "y" : 0.0,
      "z" : 0.0
    }, {
      "x" : -2.618034,
      "y" : -9.472136,
      "z" : -6.854102
    }, {
      "x" : -3.427051,
      "y" : -3.927051,
      "z" : -8.972136
    }, {
      "x" : -2.118034,
      "y" : 0.809017,
      "z" : -5.545085
    }, {
      "x" : -2.927051,
      "y" : 6.354102,
      "z" : -7.663119
    }, {
      "x" : -1.618034,
      "y" : 11.09017,
      "z" : -4.236068
    } ],
    "faces" : [ {
      "vertices" : [ 0, 1, 2, 3, 4, 5 ]
    }, {
      "vertices" : [ 0, 5, 4, 3, 2, 1 ]
    } ]
  }, {
    "id" : "e2b6e441-3e13-483b-b4f4-ba51b9f9e476",
    "vertices" : [ {
      "x" : 0.0,
      "y" : 0.0,
      "z" : 0.0
    }, {
      "x" : -4.236068,
      "y" : -1.618034,
      "z" : -11.09017
    }, {
      "x" : -3.427051,
      "y" : 3.927051,
      "z" : -8.972136
    }, {
      "x" : -1.309017,
      "y" : 4.736068,
      "z" : -3.427051
    }, {
      "x" : -0.5,
      "y" : 10.281153,
      "z" : -1.309017
    }, {
      "x" : 1.618034,
      "y" : 11.09017,
      "z" : 4.236068
    } ],
    "faces" : [ {
      "vertices" : [ 0, 1, 2, 3, 4, 5 ]
    }, {
      "vertices" : [ 0, 5, 4, 3, 2, 1 ]
    } ]
  }, {
    "id" : "30a8a578-45fd-4504-81a5-37547cf4b071",
    "vertices" : [ {
      "x" : 0.0,
      "y" : 0.0,
      "z" : 0.0
    }, {
      "x" : 4.236068,
      "y" : -1.618034,
      "z" : 11.09017
    }, {
      "x" : 1.618034,
      "y" : -11.09017,
      "z" : 4.236068
    }, {
      "x" : -2.618034,
      "y" : -9.472136,
      "z" : -6.854102
    } ],
    "faces" : [ {
      "vertices" : [ 0, 1, 2, 3 ]
    }, {
      "vertices" : [ 0, 3, 2, 1 ]
    } ]
  }, {
    "id" : "de5aac57-a997-446c-9d99-cc74ed3da679",
    "vertices" : [ {
      "x" : 0.0,
      "y" : 0.0,
      "z" : 0.0
    }, {
      "x" : 1.618034,
      "y" : 11.09017,
      "z" : 4.236068
    }, {
      "x" : 3.736068,
      "y" : 11.899187,
      "z" : 9.781153
    }, {
      "x" : 5.045085,
      "y" : 7.163119,
      "z" : 13.208204
    }, {
      "x" : 4.236068,
      "y" : 1.618034,
      "z" : 11.09017
    } ],
    "faces" : [ {
      "vertices" : [ 0, 1, 2, 3, 4 ]
    }, {
      "vertices" : [ 0, 4, 3, 2, 1 ]
    } ]
  }, {
    "id" : "7231578f-5e0b-4b97-b53f-902b2dd089d0",
    "vertices" : [ {
      "x" : 0.0,
      "y" : 0.0,
      "z" : 0.0
    }, {
      "x" : -0.809017,
      "y" : -5.545085,
      "z" : -2.118034
    }, {
      "x" : -2.118034,
      "y" : -0.809017,
      "z" : -5.545085
    }, {
      "x" : -4.236068,
      "y" : -1.618034,
      "z" : -11.09017
    }, {
      "x" : -3.427051,
      "y" : 3.927051,
      "z" : -8.972136
    }, {
      "x" : -1.309017,
      "y" : 4.736068,
      "z" : -3.427051
    } ],
    "faces" : [ {
      "vertices" : [ 0, 1, 2, 3, 4, 5 ]
    }, {
      "vertices" : [ 0, 5, 4, 3, 2, 1 ]
    } ]
  }, {
    "id" : "d7b27187-085c-4600-be42-f0c7f1cd47c4",
    "vertices" : [ {
      "x" : 0.0,
      "y" : 0.0,
      "z" : 0.0
    }, {
      "x" : -2.118034,
      "y" : -0.809017,
      "z" : -5.545085
    }, {
      "x" : -1.309017,
      "y" : 4.736068,
      "z" : -3.427051
    }, {
      "x" : 0.809017,
      "y" : 5.545085,
      "z" : 2.118034
    }, {
      "x" : 3.427051,
      "y" : -3.927051,
      "z" : 8.972136
    }, {
      "x" : 1.309017,
      "y" : -4.736068,
      "z" : 3.427051
    } ],
    "faces" : [ {
      "vertices" : [ 0, 1, 2, 3, 4, 5 ]
    }, {
      "vertices" : [ 0, 5, 4, 3, 2, 1 ]
    } ]
  }, {
    "id" : "5d9663dd-1b0a-44f1-a58b-81795d4ff212",
    "vertices" : [ {
      "x" : 0.0,
      "y" : 0.0,
      "z" : 0.0
    }, {
      "x" : 2.618034,
      "y" : -9.472136,
      "z" : 6.854102
    }, {
      "x" : 1.809017,
      "y" : -15.0172205,
      "z" : 4.736068
    }, {
      "x" : -0.309017,
      "y" : -15.826238,
      "z" : -0.809017
    }, {
      "x" : -1.618034,
      "y" : -11.09017,
      "z" : -4.236068
    } ],
    "faces" : [ {
      "vertices" : [ 0, 1, 2, 3, 4 ]
    }, {
      "vertices" : [ 0, 4, 3, 2, 1 ]
    } ]
  }, {
    "id" : "d5338f6a-c0c3-43c1-881e-583d7bd1b363",
    "vertices" : [ {
      "x" : 0.0,
      "y" : 0.0,
      "z" : 0.0
    }, {
      "x" : -1.309017,
      "y" : 4.736068,
      "z" : -3.427051
    }, {
      "x" : 0.809017,
      "y" : 5.545085,
      "z" : 2.118034
    }, {
      "x" : 1.618034,
      "y" : 11.09017,
      "z" : 4.236068
    }, {
      "x" : 2.927051,
      "y" : 6.354102,
      "z" : 7.663119
    }, {
      "x" : 2.118034,
      "y" : 0.809017,
      "z" : 5.545085
    } ],
    "faces" : [ {
      "vertices" : [ 0, 1, 2, 3, 4, 5 ]
    }, {
      "vertices" : [ 0, 5, 4, 3, 2, 1 ]
    } ]
  }, {
    "id" : "c42acd5c-2322-4632-b39f-df0bdeefbcc8",
    "vertices" : [ {
      "x" : 0.0,
      "y" : 0.0,
      "z" : 0.0
    }, {
      "x" : 2.118034,
      "y" : 0.809017,
      "z" : 5.545085
    }, {
      "x" : 3.427051,
      "y" : -3.927051,
      "z" : 8.972136
    }, {
      "x" : 1.809017,
      "y" : -15.0172205,
      "z" : 4.736068
    }, {
      "x" : -0.809017,
      "y" : -5.545085,
      "z" : -2.118034
    } ],
    "faces" : [ {
      "vertices" : [ 0, 1, 2, 3, 4 ]
    }, {
      "vertices" : [ 0, 4, 3, 2, 1 ]
    } ]
  }, {
    "id" : "c95c668d-ada5-40d2-b6cf-ba84b96f02bd",
    "vertices" : [ {
      "x" : 0.0,
      "y" : 0.0,
      "z" : 0.0
    }, {
      "x" : 1.618034,
      "y" : -11.09017,
      "z" : 4.236068
    }, {
      "x" : -1.0,
      "y" : -20.562305,
      "z" : -2.618034
    }, {
      "x" : -2.618034,
      "y" : -9.472136,
      "z" : -6.854102
    } ],
    "faces" : [ {
      "vertices" : [ 0, 1, 2, 3 ]
    }, {
      "vertices" : [ 0, 3, 2, 1 ]
    } ]
  }, {
    "id" : "abf651e5-41e9-4476-8424-f78c51734112",
    "vertices" : [ {
      "x" : 0.0,
      "y" : 0.0,
      "z" : 0.0
    }, {
      "x" : 1.618034,
      "y" : 11.09017,
      "z" : 4.236068
    }, {
      "x" : 2.927051,
      "y" : 6.354102,
      "z" : 7.663119
    }, {
      "x" : 2.118034,
      "y" : 0.809017,
      "z" : 5.545085
    }, {
      "x" : 3.427051,
      "y" : -3.927051,
      "z" : 8.972136
    }, {
      "x" : 2.618034,
      "y" : -9.472136,
      "z" : 6.854102
    } ],
    "faces" : [ {
      "vertices" : [ 0, 1, 2, 3, 4, 5 ]
    }, {
      "vertices" : [ 0, 5, 4, 3, 2, 1 ]
    } ]
  }, {
    "id" : "6008d47b-dcd3-40ca-92da-5f65cbdb088a",
    "vertices" : [ {
      "x" : 0.0,
      "y" : 0.0,
      "z" : 0.0
    }, {
      "x" : 4.236068,
      "y" : 1.618034,
      "z" : 11.09017
    }, {
      "x" : 6.854102,
      "y" : -7.854102,
      "z" : 17.944271
    }, {
      "x" : 2.618034,
      "y" : -9.472136,
      "z" : 6.854102
    } ],
    "faces" : [ {
      "vertices" : [ 0, 1, 2, 3 ]
    }, {
      "vertices" : [ 0, 3, 2, 1 ]
    } ]
  }, {
    "id" : "77667ffe-7520-46fd-9b5d-2ee1873a5852",
    "vertices" : [ {
      "x" : 0.0,
      "y" : 0.0,
      "z" : 0.0
    }, {
      "x" : 4.236068,
      "y" : -1.618034,
      "z" : 11.09017
    }, {
      "x" : 5.854102,
      "y" : -12.708204,
      "z" : 15.326238
    }, {
      "x" : 1.618034,
      "y" : -11.09017,
      "z" : 4.236068
    } ],
    "faces" : [ {
      "vertices" : [ 0, 1, 2, 3 ]
    }, {
      "vertices" : [ 0, 3, 2, 1 ]
    } ]
  }, {
    "id" : "d5cbbaef-5471-4fbf-9c7e-a06dc6a2c08b",
    "vertices" : [ {
      "x" : 0.0,
      "y" : 0.0,
      "z" : 0.0
    }, {
      "x" : -1.618034,
      "y" : 11.09017,
      "z" : -4.236068
    }, {
      "x" : 2.618034,
      "y" : 9.472136,
      "z" : 6.854102
    }, {
      "x" : 4.236068,
      "y" : -1.618034,
      "z" : 11.09017
    } ],
    "faces" : [ {
      "vertices" : [ 0, 1, 2, 3 ]
    }, {
      "vertices" : [ 0, 3, 2, 1 ]
    } ]
  }, {
    "id" : "a0f74a47-6698-4f43-a197-7d9e65ef2e0d",
    "vertices" : [ {
      "x" : 0.0,
      "y" : 0.0,
      "z" : 0.0
    }, {
      "x" : 1.309017,
      "y" : -4.736068,
      "z" : 3.427051
    }, {
      "x" : 0.5,
      "y" : -10.281153,
      "z" : 1.309017
    }, {
      "x" : -2.118034,
      "y" : -0.809017,
      "z" : -5.545085
    }, {
      "x" : -1.309017,
      "y" : 4.736068,
      "z" : -3.427051
    }, {
      "x" : 0.809017,
      "y" : 5.545085,
      "z" : 2.118034
    } ],
    "faces" : [ {
      "vertices" : [ 0, 1, 2, 3, 4, 5 ]
    }, {
      "vertices" : [ 0, 5, 4, 3, 2, 1 ]
    } ]
  }, {
    "id" : "e3286498-d53f-4c8e-87b0-604341a4056a",
    "vertices" : [ {
      "x" : 0.0,
      "y" : 0.0,
      "z" : 0.0
    }, {
      "x" : 0.809017,
      "y" : 5.545085,
      "z" : 2.118034
    }, {
      "x" : 2.927051,
      "y" : 6.354102,
      "z" : 7.663119
    }, {
      "x" : 1.309017,
      "y" : -4.736068,
      "z" : 3.427051
    }, {
      "x" : -0.809017,
      "y" : -5.545085,
      "z" : -2.118034
    }, {
      "x" : -2.118034,
      "y" : -0.809017,
      "z" : -5.545085
    } ],
    "faces" : [ {
      "vertices" : [ 0, 1, 2, 3, 4, 5 ]
    }, {
      "vertices" : [ 0, 5, 4, 3, 2, 1 ]
    } ]
  }, {
    "id" : "6cab7798-2af1-4780-8cdb-b819785e5375",
    "vertices" : [ {
      "x" : 0.0,
      "y" : 0.0,
      "z" : 0.0
    }, {
      "x" : 0.809017,
      "y" : -5.545085,
      "z" : 2.118034
    }, {
      "x" : -0.5,
      "y" : -10.281153,
      "z" : -1.309017
    }, {
      "x" : -4.736068,
      "y" : -8.663119,
      "z" : -12.399187
    }, {
      "x" : -2.118034,
      "y" : 0.809017,
      "z" : -5.545085
    } ],
    "faces" : [ {
      "vertices" : [ 0, 1, 2, 3, 4 ]
    }, {
      "vertices" : [ 0, 4, 3, 2, 1 ]
    } ]
  }, {
    "id" : "ae883947-fddf-42cb-b996-a9da29d37005",
    "vertices" : [ {
      "x" : 0.0,
      "y" : 0.0,
      "z" : 0.0
    }, {
      "x" : 2.618034,
      "y" : -9.472136,
      "z" : 6.854102
    }, {
      "x" : -1.618034,
      "y" : -11.09017,
      "z" : -4.236068
    }, {
      "x" : -4.236068,
      "y" : -1.618034,
      "z" : -11.09017
    } ],
    "faces" : [ {
      "vertices" : [ 0, 1, 2, 3 ]
    }, {
      "vertices" : [ 0, 3, 2, 1 ]
    } ]
  }, {
    "id" : "f8ee4d6f-be5b-4f2c-92d1-033df0fb394b",
    "vertices" : [ {
      "x" : 0.0,
      "y" : 0.0,
      "z" : 0.0
    }, {
      "x" : 1.309017,
      "y" : -4.736068,
      "z" : 3.427051
    }, {
      "x" : -0.809017,
      "y" : -5.545085,
      "z" : -2.118034
    }, {
      "x" : -2.118034,
      "y" : -0.809017,
      "z" : -5.545085
    }, {
      "x" : -0.5,
      "y" : 10.281153,
      "z" : -1.309017
    }, {
      "x" : 0.809017,
      "y" : 5.545085,
      "z" : 2.118034
    } ],
    "faces" : [ {
      "vertices" : [ 0, 1, 2, 3, 4, 5 ]
    }, {
      "vertices" : [ 0, 5, 4, 3, 2, 1 ]
    } ]
  }, {
    "id" : "b56c34ec-4b81-487c-abd8-4b113471794e",
    "vertices" : [ {
      "x" : 0.0,
      "y" : 0.0,
      "z" : 0.0
    }, {
      "x" : 0.809017,
      "y" : 5.545085,
      "z" : 2.118034
    }, {
      "x" : 2.118034,
      "y" : 0.809017,
      "z" : 5.545085
    }, {
      "x" : 1.309017,
      "y" : -4.736068,
      "z" : 3.427051
    }, {
      "x" : -2.927051,
      "y" : -6.354102,
      "z" : -7.663119
    }, {
      "x" : -2.118034,
      "y" : -0.809017,
      "z" : -5.545085
    } ],
    "faces" : [ {
      "vertices" : [ 0, 1, 2, 3, 4, 5 ]
    }, {
      "vertices" : [ 0, 5, 4, 3, 2, 1 ]
    } ]
  }, {
    "id" : "26ea2da1-6366-4ab9-beb0-96ddd3cd1334",
    "vertices" : [ {
      "x" : 0.0,
      "y" : 0.0,
      "z" : 0.0
    }, {
      "x" : 4.236068,
      "y" : -1.618034,
      "z" : 11.09017
    }, {
      "x" : 5.045085,
      "y" : -7.163119,
      "z" : 13.208204
    }, {
      "x" : 3.736068,
      "y" : -11.899187,
      "z" : 9.781153
    }, {
      "x" : 1.618034,
      "y" : -11.09017,
      "z" : 4.236068
    } ],
    "faces" : [ {
      "vertices" : [ 0, 1, 2, 3, 4 ]
    }, {
      "vertices" : [ 0, 4, 3, 2, 1 ]
    } ]
  }, {
    "id" : "5ec6f0cd-898a-48e7-938c-af05ba9aff8e",
    "vertices" : [ {
      "x" : 0.0,
      "y" : 0.0,
      "z" : 0.0
    }, {
      "x" : 2.118034,
      "y" : 0.809017,
      "z" : 5.545085
    }, {
      "x" : 1.309017,
      "y" : -4.736068,
      "z" : 3.427051
    }, {
      "x" : 2.618034,
      "y" : -9.472136,
      "z" : 6.854102
    }, {
      "x" : 0.5,
      "y" : -10.281153,
      "z" : 1.309017
    }, {
      "x" : -0.809017,
      "y" : -5.545085,
      "z" : -2.118034
    } ],
    "faces" : [ {
      "vertices" : [ 0, 1, 2, 3, 4, 5 ]
    }, {
      "vertices" : [ 0, 5, 4, 3, 2, 1 ]
    } ]
  }, {
    "id" : "b1215e74-ebb9-4963-bf7a-b799dbde8c75",
    "vertices" : [ {
      "x" : 0.0,
      "y" : 0.0,
      "z" : 0.0
    }, {
      "x" : 2.618034,
      "y" : 9.472136,
      "z" : 6.854102
    }, {
      "x" : 6.854102,
      "y" : 7.854102,
      "z" : 17.944271
    }, {
      "x" : 4.236068,
      "y" : -1.618034,
      "z" : 11.09017
    } ],
    "faces" : [ {
      "vertices" : [ 0, 1, 2, 3 ]
    }, {
      "vertices" : [ 0, 3, 2, 1 ]
    } ]
  }, {
    "id" : "f1d7ea16-5816-497c-89b1-6d4ae2316524",
    "vertices" : [ {
      "x" : 0.0,
      "y" : 0.0,
      "z" : 0.0
    }, {
      "x" : -2.618034,
      "y" : -9.472136,
      "z" : -6.854102
    }, {
      "x" : -4.236068,
      "y" : 1.618034,
      "z" : -11.09017
    }, {
      "x" : -1.618034,
      "y" : 11.09017,
      "z" : -4.236068
    } ],
    "faces" : [ {
      "vertices" : [ 0, 1, 2, 3 ]
    }, {
      "vertices" : [ 0, 3, 2, 1 ]
    } ]
  }, {
    "id" : "33ba25ae-13b0-4aca-93d2-738d7b012528",
    "vertices" : [ {
      "x" : 0.0,
      "y" : 0.0,
      "z" : 0.0
    }, {
      "x" : -0.809017,
      "y" : 5.545085,
      "z" : -2.118034
    }, {
      "x" : 0.5,
      "y" : 10.281153,
      "z" : 1.309017
    }, {
      "x" : 2.118034,
      "y" : -0.809017,
      "z" : 5.545085
    }, {
      "x" : -0.5,
      "y" : -10.281153,
      "z" : -1.309017
    }, {
      "x" : -1.309017,
      "y" : -4.736068,
      "z" : -3.427051
    } ],
    "faces" : [ {
      "vertices" : [ 0, 1, 2, 3, 4, 5 ]
    }, {
      "vertices" : [ 0, 5, 4, 3, 2, 1 ]
    } ]
  }, {
    "id" : "db47a9d2-3e73-4a0c-a361-2f85e151c37f",
    "vertices" : [ {
      "x" : 0.0,
      "y" : 0.0,
      "z" : 0.0
    }, {
      "x" : -2.118034,
      "y" : -0.809017,
      "z" : -5.545085
    }, {
      "x" : -3.427051,
      "y" : 3.927051,
      "z" : -8.972136
    }, {
      "x" : -1.309017,
      "y" : 4.736068,
      "z" : -3.427051
    }, {
      "x" : -0.5,
      "y" : 10.281153,
      "z" : -1.309017
    }, {
      "x" : 0.809017,
      "y" : 5.545085,
      "z" : 2.118034
    } ],
    "faces" : [ {
      "vertices" : [ 0, 1, 2, 3, 4, 5 ]
    }, {
      "vertices" : [ 0, 5, 4, 3, 2, 1 ]
    } ]
  }, {
    "id" : "643abeab-a44d-4454-9497-0410a0c4b3bd",
    "vertices" : [ {
      "x" : 0.0,
      "y" : 0.0,
      "z" : 0.0
    }, {
      "x" : -4.236068,
      "y" : -1.618034,
      "z" : -11.09017
    }, {
      "x" : -2.618034,
      "y" : 9.472136,
      "z" : -6.854102
    }, {
      "x" : 1.618034,
      "y" : 11.09017,
      "z" : 4.236068
    } ],
    "faces" : [ {
      "vertices" : [ 0, 1, 2, 3 ]
    }, {
      "vertices" : [ 0, 3, 2, 1 ]
    } ]
  }, {
    "id" : "c64100b5-66b5-4847-842c-8e73b2c92ce4",
    "vertices" : [ {
      "x" : 0.0,
      "y" : 0.0,
      "z" : 0.0
    }, {
      "x" : 1.309017,
      "y" : 4.736068,
      "z" : 3.427051
    }, {
      "x" : 3.427051,
      "y" : 3.927051,
      "z" : 8.972136
    }, {
      "x" : 5.045085,
      "y" : -7.163119,
      "z" : 13.208204
    }, {
      "x" : 0.809017,
      "y" : -5.545085,
      "z" : 2.118034
    } ],
    "faces" : [ {
      "vertices" : [ 0, 1, 2, 3, 4 ]
    }, {
      "vertices" : [ 0, 4, 3, 2, 1 ]
    } ]
  }, {
    "id" : "664dc39b-6c78-4704-9f0f-31eaed3bfb4f",
    "vertices" : [ {
      "x" : 0.0,
      "y" : 0.0,
      "z" : 0.0
    }, {
      "x" : 1.618034,
      "y" : 11.09017,
      "z" : 4.236068
    }, {
      "x" : 4.236068,
      "y" : 1.618034,
      "z" : 11.09017
    }, {
      "x" : 2.618034,
      "y" : -9.472136,
      "z" : 6.854102
    } ],
    "faces" : [ {
      "vertices" : [ 0, 1, 2, 3 ]
    }, {
      "vertices" : [ 0, 3, 2, 1 ]
    } ]
  }, {
    "id" : "3da8bd9e-ddf5-4148-bb6c-b52488b54dc3",
    "vertices" : [ {
      "x" : 0.0,
      "y" : 0.0,
      "z" : 0.0
    }, {
      "x" : -2.618034,
      "y" : 9.472136,
      "z" : -6.854102
    }, {
      "x" : -1.0,
      "y" : 20.562305,
      "z" : -2.618034
    }, {
      "x" : 1.618034,
      "y" : 11.09017,
      "z" : 4.236068
    } ],
    "faces" : [ {
      "vertices" : [ 0, 1, 2, 3 ]
    }, {
      "vertices" : [ 0, 3, 2, 1 ]
    } ]
  }, {
    "id" : "1ff663a1-92c4-400c-88dc-339479c9a0d8",
    "vertices" : [ {
      "x" : 0.0,
      "y" : 0.0,
      "z" : 0.0
    }, {
      "x" : -4.236068,
      "y" : 1.618034,
      "z" : -11.09017
    }, {
      "x" : -5.854102,
      "y" : 12.708204,
      "z" : -15.326238
    }, {
      "x" : -1.618034,
      "y" : 11.09017,
      "z" : -4.236068
    } ],
    "faces" : [ {
      "vertices" : [ 0, 1, 2, 3 ]
    }, {
      "vertices" : [ 0, 3, 2, 1 ]
    } ]
  }, {
    "id" : "f0385d1a-daad-4a53-9b70-140f8e805894",
    "vertices" : [ {
      "x" : 0.0,
      "y" : 0.0,
      "z" : 0.0
    }, {
      "x" : 1.309017,
      "y" : -4.736068,
      "z" : 3.427051
    }, {
      "x" : 0.5,
      "y" : -10.281153,
      "z" : 1.309017
    }, {
      "x" : -0.809017,
      "y" : -5.545085,
      "z" : -2.118034
    }, {
      "x" : -2.927051,
      "y" : -6.354102,
      "z" : -7.663119
    }, {
      "x" : -2.118034,
      "y" : -0.809017,
      "z" : -5.545085
    } ],
    "faces" : [ {
      "vertices" : [ 0, 1, 2, 3, 4, 5 ]
    }, {
      "vertices" : [ 0, 5, 4, 3, 2, 1 ]
    } ]
  }, {
    "id" : "d55cbcc7-7a49-4485-9f98-b765856c8629",
    "vertices" : [ {
      "x" : 0.0,
      "y" : 0.0,
      "z" : 0.0
    }, {
      "x" : -1.309017,
      "y" : -4.736068,
      "z" : -3.427051
    }, {
      "x" : -3.427051,
      "y" : -3.927051,
      "z" : -8.972136
    }, {
      "x" : -0.809017,
      "y" : 5.545085,
      "z" : -2.118034
    }, {
      "x" : 3.427051,
      "y" : 3.927051,
      "z" : 8.972136
    }, {
      "x" : 2.118034,
      "y" : -0.809017,
      "z" : 5.545085
    } ],
    "faces" : [ {
      "vertices" : [ 0, 1, 2, 3, 4, 5 ]
    }, {
      "vertices" : [ 0, 5, 4, 3, 2, 1 ]
    } ]
  }, {
    "id" : "ddeda1ed-d32c-4a71-96c4-bde488baadbf",
    "vertices" : [ {
      "x" : 0.0,
      "y" : 0.0,
      "z" : 0.0
    }, {
      "x" : -0.809017,
      "y" : -5.545085,
      "z" : -2.118034
    }, {
      "x" : -2.927051,
      "y" : -6.354102,
      "z" : -7.663119
    }, {
      "x" : -5.545085,
      "y" : 3.118034,
      "z" : -14.5172205
    }, {
      "x" : -1.309017,
      "y" : 4.736068,
      "z" : -3.427051
    } ],
    "faces" : [ {
      "vertices" : [ 0, 1, 2, 3, 4 ]
    }, {
      "vertices" : [ 0, 4, 3, 2, 1 ]
    } ]
  } ],
  "instances" : [ {
    "shape" : "66eb39c5-4ce3-42b0-8e8a-83afaf039804",
    "color" : "#3333FF",
    "position" : {
      "x" : 16.944271,
      "y" : 21.18034,
      "z" : -38.12461
    },
    "orientation" : 9
  }, {
    "shape" : "ec0f0058-52f2-4ea4-9cd0-8cba9edc822c",
    "color" : "#FFFF33",
    "position" : {
      "x" : 8.472136,
      "y" : -38.12461,
      "z" : 29.652475
    },
    "orientation" : 9
  }, {
    "shape" : "3a0572e0-899b-44ea-84ab-3969799d5b66",
    "color" : "#3333FF",
    "position" : {
      "x" : 0.0,
      "y" : 16.944271,
      "z" : -16.944271
    },
    "orientation" : 19
  }, {
    "shape" : "1a1f7b5b-aeeb-4bc6-8172-3e429a98447f",
    "color" : "#FFFF33",
    "position" : {
      "x" : -38.12461,
      "y" : 4.236068,
      "z" : 33.888542
    },
    "orientation" : 9
  }, {
    "shape" : "81258ed1-237a-4cad-8be8-282c42d142c6",
    "color" : "#FF3300",
    "position" : {
      "x" : 4.236068,
      "y" : -4.236068,
      "z" : 0.0
    },
    "orientation" : 19
  }, {
    "shape" : "0932e829-f44e-4681-bdd4-40e01c60ca6b",
    "color" : "#FFFF33",
    "position" : {
      "x" : -25.416409,
      "y" : 25.416409,
      "z" : 0.0
    },
    "orientation" : 19
  }, {
    "shape" : "df5287c8-47df-48cc-a697-ef7685ab6e37",
    "color" : "#3333FF",
    "position" : {
      "x" : 38.12461,
      "y" : -38.12461,
      "z" : 0.0
    },
    "orientation" : 9
  }, {
    "shape" : "ea3bb421-b2c9-4f36-8a19-65658e29d2f8",
    "color" : "#FFFF33",
    "position" : {
      "x" : 12.708204,
      "y" : -4.236068,
      "z" : -8.472136
    },
    "orientation" : 9
  }, {
    "shape" : "6a39e6ec-d286-4259-ad89-25ac4fb7a14d",
    "color" : "#3333FF",
    "position" : {
      "x" : 8.472136,
      "y" : -38.12461,
      "z" : 29.652475
    },
    "orientation" : 9
  }, {
    "shape" : "0932e829-f44e-4681-bdd4-40e01c60ca6b",
    "color" : "#FFFF33",
    "position" : {
      "x" : -38.12461,
      "y" : 0.0,
