{
  "field" : "golden",
  "symmetry" : "icosahedral",
  "orientations" : [ [ 1.0, 0.0, 0.0, 0.0, 0.0, 1.0, 0.0, 0.0, 0.0, 0.0, 1.0, 0.0, 0.0, 0.0, 0.0, 1.0 ], [ 0.0, 0.0, 1.0, 0.0, 1.0, 0.0, 0.0, 0.0, 0.0, 1.0, 0.0, 0.0, 0.0, 0.0, 0.0, 1.0 ], [ 0.0, 1.0, 0.0, 0.0, 0.0, 0.0, 1.0, 0.0, 1.0, 0.0, 0.0, 0.0, 0.0, 0.0, 0.0, 1.0 ], [ 0.809017, 0.309017, 0.5, 0.0, 0.309017, 0.5, -0.809017, 0.0, -0.5, 0.809017, 0.309017, 0.0, 0.0, 0.0, 0.0, 1.0 ], [ -0.5, 0.809017, 0.309017, 0.0, 0.809017, 0.309017, 0.5, 0.0, 0.309017, 0.5, -0.809017, 0.0, 0.0, 0.0, 0.0, 1.0 ], [ 0.309017, 0.5, -0.809017, 0.0, -0.5, 0.809017, 0.309017, 0.0, 0.809017, 0.309017, 0.5, 0.0, 0.0, 0.0, 0.0, 1.0 ], [ 0.5, 0.809017, 0.309017, 0.0, 0.809017, -0.309017, -0.5, 0.0, -0.309017, 0.5, -0.809017, 0.0, 0.0, 0.0, 0.0, 1.0 ], [ -0.309017, 0.5, -0.809017, 0.0, 0.5, 0.809017, 0.309017, 0.0, 0.809017, -0.309017, -0.5, 0.0, 0.0, 0.0, 0.0, 1.0 ], [ 0.809017, -0.309017, -0.5, 0.0, -0.309017, 0.5, -0.809017, 0.0, 0.5, 0.809017, 0.309017, 0.0, 0.0, 0.0, 0.0, 1.0 ], [ 0.5, 0.809017, -0.309017, 0.0, 0.809017, -0.309017, 0.5, 0.0, 0.309017, -0.5, -0.809017, 0.0, 0.0, 0.0, 0.0, 1.0 ], [ 0.309017, -0.5, -0.809017, 0.0, 0.5, 0.809017, -0.309017, 0.0, 0.809017, -0.309017, 0.5, 0.0, 0.0, 0.0, 0.0, 1.0 ], [ 0.809017, -0.309017, 0.5, 0.0, 0.309017, -0.5, -0.809017, 0.0, 0.5, 0.809017, -0.309017, 0.0, 0.0, 0.0, 0.0, 1.0 ], [ 0.809017, 0.309017, -0.5, 0.0, 0.309017, 0.5, 0.809017, 0.0, 0.5, -0.809017, 0.309017, 0.0, 0.0, 0.0, 0.0, 1.0 ], [ 0.5, -0.809017, 0.309017, 0.0, 0.809017, 0.309017, -0.5, 0.0, 0.309017, 0.5, 0.809017, 0.0, 0.0, 0.0, 0.0, 1.0 ], [ 0.309017, 0.5, 0.809017, 0.0, 0.5, -0.809017, 0.309017, 0.0, 0.809017, 0.309017, -0.5, 0.0, 0.0, 0.0, 0.0, 1.0 ], [ 1.0, 0.0, 0.0, 0.0, 0.0, -1.0, 0.0, 0.0, 0.0, 0.0, -1.0, 0.0, 0.0, 0.0, 0.0, 1.0 ], [ 0.0, 0.0, 1.0, 0.0, -1.0, 0.0, 0.0, 0.0, 0.0, -1.0, 0.0, 0.0, 0.0, 0.0, 0.0, 1.0 ], [ 0.0, 1.0, 0.0, 0.0, 0.0, 0.0, -1.0, 0.0, -1.0, 0.0, 0.0, 0.0, 0.0, 0.0, 0.0, 1.0 ], [ 0.809017, 0.309017, 0.5, 0.0, -0.309017, -0.5, 0.809017, 0.0, 0.5, -0.809017, -0.309017, 0.0, 0.0, 0.0, 0.0, 1.0 ], [ -0.5, 0.809017, 0.309017, 0.0, -0.809017, -0.309017, -0.5, 0.0, -0.309017, -0.5, 0.809017, 0.0, 0.0, 0.0, 0.0, 1.0 ], [ 0.309017, 0.5, -0.809017, 0.0, 0.5, -0.809017, -0.309017, 0.0, -0.809017, -0.309017, -0.5, 0.0, 0.0, 0.0, 0.0, 1.0 ], [ 0.5, 0.809017, 0.309017, 0.0, -0.809017, 0.309017, 0.5, 0.0, 0.309017, -0.5, 0.809017, 0.0, 0.0, 0.0, 0.0, 1.0 ], [ -0.309017, 0.5, -0.809017, 0.0, -0.5, -0.809017, -0.309017, 0.0, -0.809017, 0.309017, 0.5, 0.0, 0.0, 0.0, 0.0, 1.0 ], [ 0.809017, -0.309017, -0.5, 0.0, 0.309017, -0.5, 0.809017, 0.0, -0.5, -0.809017, -0.309017, 0.0, 0.0, 0.0, 0.0, 1.0 ], [ 0.5, 0.809017, -0.309017, 0.0, -0.809017, 0.309017, -0.5, 0.0, -0.309017, 0.5, 0.809017, 0.0, 0.0, 0.0, 0.0, 1.0 ], [ 0.309017, -0.5, -0.809017, 0.0, -0.5, -0.809017, 0.309017, 0.0, -0.809017, 0.309017, -0.5, 0.0, 0.0, 0.0, 0.0, 1.0 ], [ 0.809017, -0.309017, 0.5, 0.0, -0.309017, 0.5, 0.809017, 0.0, -0.5, -0.809017, 0.309017, 0.0, 0.0, 0.0, 0.0, 1.0 ], [ 0.809017, 0.309017, -0.5, 0.0, -0.309017, -0.5, -0.809017, 0.0, -0.5, 0.809017, -0.309017, 0.0, 0.0, 0.0, 0.0, 1.0 ], [ 0.5, -0.809017, 0.309017, 0.0, -0.809017, -0.309017, 0.5, 0.0, -0.309017, -0.5, -0.809017, 0.0, 0.0, 0.0, 0.0, 1.0 ], [ 0.309017, 0.5, 0.809017, 0.0, -0.5, 0.809017, -0.309017, 0.0, -0.809017, -0.309017, 0.5, 0.0, 0.0, 0.0, 0.0, 1.0 ], [ -1.0, 0.0, 0.0, 0.0, 0.0, -1.0, 0.0, 0.0, 0.0, 0.0, 1.0, 0.0, 0.0, 0.0, 0.0, 1.0 ], [ 0.0, 0.0, -1.0, 0.0, -1.0, 0.0, 0.0, 0.0, 0.0, 1.0, 0.0, 0.0, 0.0, 0.0, 0.0, 1.0 ], [ 0.0, -1.0, 0.0, 0.0, 0.0, 0.0, -1.0, 0.0, 1.0, 0.0, 0.0, 0.0, 0.0, 0.0, 0.0, 1.0 ], [ -0.809017, -0.309017, -0.5, 0.0, -0.309017, -0.5, 0.809017, 0.0, -0.5, 0.809017, 0.309017, 0.0, 0.0, 0.0, 0.0, 1.0 ], [ 0.5, -0.809017, -0.309017, 0.0, -0.809017, -0.309017, -0.5, 0.0, 0.309017, 0.5, -0.809017, 0.0, 0.0, 0.0, 0.0, 1.0 ], [ -0.309017, -0.5, 0.809017, 0.0, 0.5, -0.809017, -0.309017, 0.0, 0.809017, 0.309017, 0.5, 0.0, 0.0, 0.0, 0.0, 1.0 ], [ -0.5, -0.809017, -0.309017, 0.0, -0.809017, 0.309017, 0.5, 0.0, -0.309017, 0.5, -0.809017, 0.0, 0.0, 0.0, 0.0, 1.0 ], [ 0.309017, -0.5, 0.809017, 0.0, -0.5, -0.809017, -0.309017, 0.0, 0.809017, -0.309017, -0.5, 0.0, 0.0, 0.0, 0.0, 1.0 ], [ -0.809017, 0.309017, 0.5, 0.0, 0.309017, -0.5, 0.809017, 0.0, 0.5, 0.809017, 0.309017, 0.0, 0.0, 0.0, 0.0, 1.0 ], [ -0.5, -0.809017, 0.309017, 0.0, -0.809017, 0.309017, -0.5, 0.0, 0.309017, -0.5, -0.809017, 0.0, 0.0, 0.0, 0.0, 1.0 ], [ -0.309017, 0.5, 0.809017, 0.0, -0.5, -0.809017, 0.309017, 0.0, 0.809017, -0.309017, 0.5, 0.0, 0.0, 0.0, 0.0, 1.0 ], [ -0.809017, 0.309017, -0.5, 0.0, -0.309017, 0.5, 0.809017, 0.0, 0.5, 0.809017, -0.309017, 0.0, 0.0, 0.0, 0.0, 1.0 ], [ -0.809017, -0.309017, 0.5, 0.0, -0.309017, -0.5, -0.809017, 0.0, 0.5, -0.809017, 0.309017, 0.0, 0.0, 0.0, 0.0, 1.0 ], [ -0.5, 0.809017, -0.309017, 0.0, -0.809017, -0.309017, 0.5, 0.0, 0.309017, 0.5, 0.809017, 0.0, 0.0, 0.0, 0.0, 1.0 ], [ -0.309017, -0.5, -0.809017, 0.0, -0.5, 0.809017, -0.309017, 0.0, 0.809017, 0.309017, -0.5, 0.0, 0.0, 0.0, 0.0, 1.0 ], [ -1.0, 0.0, 0.0, 0.0, 0.0, 1.0, 0.0, 0.0, 0.0, 0.0, -1.0, 0.0, 0.0, 0.0, 0.0, 1.0 ], [ 0.0, 0.0, -1.0, 0.0, 1.0, 0.0, 0.0, 0.0, 0.0, -1.0, 0.0, 0.0, 0.0, 0.0, 0.0, 1.0 ], [ 0.0, -1.0, 0.0, 0.0, 0.0, 0.0, 1.0, 0.0, -1.0, 0.0, 0.0, 0.0, 0.0, 0.0, 0.0, 1.0 ], [ -0.809017, -0.309017, -0.5, 0.0, 0.309017, 0.5, -0.809017, 0.0, 0.5, -0.809017, -0.309017, 0.0, 0.0, 0.0, 0.0, 1.0 ], [ 0.5, -0.809017, -0.309017, 0.0, 0.809017, 0.309017, 0.5, 0.0, -0.309017, -0.5, 0.809017, 0.0, 0.0, 0.0, 0.0, 1.0 ], [ -0.309017, -0.5, 0.809017, 0.0, -0.5, 0.809017, 0.309017, 0.0, -0.809017, -0.309017, -0.5, 0.0, 0.0, 0.0, 0.0, 1.0 ], [ -0.5, -0.809017, -0.309017, 0.0, 0.809017, -0.309017, -0.5, 0.0, 0.309017, -0.5, 0.809017, 0.0, 0.0, 0.0, 0.0, 1.0 ], [ 0.309017, -0.5, 0.809017, 0.0, 0.5, 0.809017, 0.309017, 0.0, -0.809017, 0.309017, 0.5, 0.0, 0.0, 0.0, 0.0, 1.0 ], [ -0.809017, 0.309017, 0.5, 0.0, -0.309017, 0.5, -0.809017, 0.0, -0.5, -0.809017, -0.309017, 0.0, 0.0, 0.0, 0.0, 1.0 ], [ -0.5, -0.809017, 0.309017, 0.0, 0.809017, -0.309017, 0.5, 0.0, -0.309017, 0.5, 0.809017, 0.0, 0.0, 0.0, 0.0, 1.0 ], [ -0.309017, 0.5, 0.809017, 0.0, 0.5, 0.809017, -0.309017, 0.0, -0.809017, 0.309017, -0.5, 0.0, 0.0, 0.0, 0.0, 1.0 ], [ -0.809017, 0.309017, -0.5, 0.0, 0.309017, -0.5, -0.809017, 0.0, -0.5, -0.809017, 0.309017, 0.0, 0.0, 0.0, 0.0, 1.0 ], [ -0.809017, -0.309017, 0.5, 0.0, 0.309017, 0.5, 0.809017, 0.0, -0.5, 0.809017, -0.309017, 0.0, 0.0, 0.0, 0.0, 1.0 ], [ -0.5, 0.809017, -0.309017, 0.0, 0.809017, 0.309017, -0.5, 0.0, -0.309017, -0.5, -0.809017, 0.0, 0.0, 0.0, 0.0, 1.0 ], [ -0.309017, -0.5, -0.809017, 0.0, 0.5, -0.809017, 0.309017, 0.0, -0.809017, -0.309017, 0.5, 0.0, 0.0, 0.0, 0.0, 1.0 ] ],
  "lights" : {
    "directionalLights" : [ {
      "direction" : {
        "x" : 1.0,
        "y" : -1.0,
        "z" : -1.0
      },
      "color" : "#EBEBE4"
    }, {
      "direction" : {
        "x" : -1.0,
        "y" : 0.0,
        "z" : 0.0
      },
      "color" : "#E4E4EB"
    }, {
      "direction" : {
        "x" : 0.0,
        "y" : 0.0,
        "z" : -1.0
      },
      "color" : "#1E1E1E"
    } ],
    "backgroundColor" : "#AFC8DC",
    "ambientColor" : "#292929"
  },
  "camera" : {
    "position" : {
      "x" : -39.088223,
      "y" : 87.90945,
      "z" : 67.95483
    },
    "width" : 53.004242,
    "nearClipDistance" : 0.29446805,
    "viewDistance" : 117.787186,
    "lookAtPoint" : {
      "x" : 0.0,
      "y" : 0.0,
      "z" : 0.0
    },
    "farClipDistance" : 235.57434,
    "perspective" : true,
    "fieldOfView" : 0.44262895,
    "stereo" : false,
    "upDirection" : {
      "x" : 0.93211776,
      "y" : 0.16539532,
      "z" : 0.32219297
    },
    "lookDirection" : {
      "x" : 0.33185464,
      "y" : -0.74634135,
      "z" : -0.57692885
    }
  },
  "embedding" : [ 1.0, 0.0, 0.0, 0.0, 0.0, 1.0, 0.0, 0.0, 0.0, 0.0, 1.0, 0.0, 0.0, 0.0, 0.0, 1.0 ],
  "shapes" : [ {
    "id" : "d8b55e3d-864c-4e58-8934-ab275d554549",
    "vertices" : [ {
      "x" : 0.309017,
      "y" : -0.809017,
      "z" : 0.618034
    }, {
      "x" : 0.809017,
      "y" : -0.618034,
      "z" : 0.309017
    }, {
      "x" : 0.618034,
      "y" : -0.309017,
      "z" : 0.809017
    }, {
      "x" : 1.0,
      "y" : 0.309017,
      "z" : 0.19098301
    }, {
      "x" : 0.809017,
      "y" : 0.618034,
      "z" : 0.309017
    }, {
      "x" : 0.618034,
      "y" : 0.309017,
      "z" : 0.809017
    }, {
      "x" : 0.809017,
      "y" : 0.0,
      "z" : 0.690983
    }, {
      "x" : 0.19098301,
      "y" : -1.0,
      "z" : 0.309017
    }, {
      "x" : -0.19098301,
      "y" : -1.0,
      "z" : 0.309017
    }, {
      "x" : -0.19098301,
      "y" : -1.0,
      "z" : -0.309017
    }, {
      "x" : 0.19098301,
      "y" : -1.0,
      "z" : -0.309017
    }, {
      "x" : 1.0,
      "y" : -0.309017,
      "z" : -0.19098301
    }, {
      "x" : 0.809017,
      "y" : -0.618034,
      "z" : -0.309017
    }, {
      "x" : 0.618034,
      "y" : -0.309017,
      "z" : -0.809017
    }, {
      "x" : 0.809017,
      "y" : 0.0,
      "z" : -0.690983
    }, {
      "x" : 0.0,
      "y" : 0.690983,
      "z" : -0.809017
    }, {
      "x" : 0.309017,
      "y" : 0.809017,
      "z" : -0.618034
    }, {
      "x" : 0.618034,
      "y" : 0.309017,
      "z" : -0.809017
    }, {
      "x" : 0.309017,
      "y" : 0.19098301,
      "z" : -1.0
    }, {
      "x" : 1.0,
      "y" : 0.309017,
      "z" : -0.19098301
    }, {
      "x" : -0.309017,
      "y" : -0.809017,
      "z" : 0.618034
    }, {
      "x" : 0.0,
      "y" : -0.690983,
      "z" : 0.809017
    }, {
      "x" : 0.809017,
      "y" : 0.618034,
      "z" : -0.309017
    }, {
      "x" : 0.690983,
      "y" : 0.809017,
      "z" : 0.0
    }, {
      "x" : -0.690983,
      "y" : 0.809017,
      "z" : 0.0
    }, {
      "x" : -0.809017,
      "y" : 0.618034,
      "z" : 0.309017
    }, {
      "x" : -0.309017,
      "y" : 0.809017,
      "z" : 0.618034
    }, {
      "x" : -0.19098301,
      "y" : 1.0,
      "z" : 0.309017
    }, {
      "x" : 0.309017,
      "y" : -0.19098301,
      "z" : -1.0
    }, {
      "x" : 0.19098301,
      "y" : 1.0,
      "z" : 0.309017
    }, {
      "x" : 0.309017,
      "y" : 0.809017,
      "z" : 0.618034
    }, {
      "x" : -0.809017,
      "y" : -0.618034,
      "z" : 0.309017
    }, {
      "x" : -0.690983,
      "y" : -0.809017,
      "z" : 0.0
    }, {
      "x" : 0.0,
      "y" : 0.690983,
      "z" : 0.809017
    }, {
      "x" : 0.309017,
      "y" : -0.809017,
      "z" : -0.618034
    }, {
      "x" : 0.0,
      "y" : -0.690983,
      "z" : -0.809017
    }, {
      "x" : -1.0,
      "y" : 0.309017,
      "z" : 0.19098301
    }, {
      "x" : -0.809017,
      "y" : 0.0,
      "z" : 0.690983
    }, {
      "x" : -0.618034,
      "y" : 0.309017,
      "z" : 0.809017
    }, {
      "x" : 1.0,
      "y" : -0.309017,
      "z" : 0.19098301
    }, {
      "x" : -0.309017,
      "y" : -0.809017,
      "z" : -0.618034
    }, {
      "x" : -1.0,
      "y" : 0.309017,
      "z" : -0.19098301
    }, {
      "x" : -1.0,
      "y" : -0.309017,
      "z" : -0.19098301
    }, {
      "x" : -1.0,
      "y" : -0.309017,
      "z" : 0.19098301
    }, {
      "x" : 0.19098301,
      "y" : 1.0,
      "z" : -0.309017
    }, {
      "x" : -0.809017,
      "y" : 0.618034,
      "z" : -0.309017
    }, {
      "x" : -0.19098301,
      "y" : 1.0,
      "z" : -0.309017
    }, {
      "x" : -0.309017,
      "y" : 0.809017,
      "z" : -0.618034
    }, {
      "x" : -0.618034,
      "y" : -0.309017,
      "z" : 0.809017
    }, {
      "x" : 0.309017,
      "y" : 0.19098301,
      "z" : 1.0
    }, {
      "x" : -0.309017,
      "y" : 0.19098301,
      "z" : -1.0
    }, {
      "x" : -0.309017,
      "y" : 0.19098301,
      "z" : 1.0
    }, {
      "x" : -0.309017,
      "y" : -0.19098301,
      "z" : 1.0
    }, {
      "x" : 0.309017,
      "y" : -0.19098301,
      "z" : 1.0
    }, {
      "x" : 0.690983,
      "y" : -0.809017,
      "z" : 0.0
    }, {
      "x" : -0.809017,
      "y" : 0.0,
      "z" : -0.690983
    }, {
      "x" : -0.618034,
      "y" : -0.309017,
      "z" : -0.809017
    }, {
      "x" : -0.309017,
      "y" : -0.19098301,
      "z" : -1.0
    }, {
      "x" : -0.618034,
      "y" : 0.309017,
      "z" : -0.809017
    }, {
      "x" : -0.809017,
      "y" : -0.618034,
      "z" : -0.309017
    } ],
    "faces" : [ {
      "vertices" : [ 9, 40, 35 ]
    }, {
      "vertices" : [ 9, 35, 34 ]
    }, {
      "vertices" : [ 9, 34, 10 ]
    }, {
      "vertices" : [ 0, 1, 2 ]
    }, {
      "vertices" : [ 33, 51, 49 ]
    }, {
      "vertices" : [ 25, 36, 37 ]
    }, {
      "vertices" : [ 25, 37, 38 ]
    }, {
      "vertices" : [ 41, 55, 42 ]
    }, {
      "vertices" : [ 9, 32, 59 ]
    }, {
      "vertices" : [ 9, 59, 40 ]
    }, {
      "vertices" : [ 20, 21, 52 ]
    }, {
      "vertices" : [ 20, 52, 48 ]
    }, {
      "vertices" : [ 26, 33, 30 ]
    }, {
      "vertices" : [ 26, 30, 29 ]
    }, {
      "vertices" : [ 26, 29, 27 ]
    }, {
      "vertices" : [ 3, 4, 5 ]
    }, {
      "vertices" : [ 3, 5, 6 ]
    }, {
      "vertices" : [ 27, 29, 44 ]
    }, {
      "vertices" : [ 27, 44, 46 ]
    }, {
      "vertices" : [ 50, 57, 56 ]
    }, {
      "vertices" : [ 50, 56, 55 ]
    }, {
      "vertices" : [ 50, 55, 58 ]
    }, {
      "vertices" : [ 26, 38, 51 ]
    }, {
      "vertices" : [ 26, 51, 33 ]
    }, {
      "vertices" : [ 45, 47, 58 ]
    }, {
      "vertices" : [ 18, 28, 57 ]
    }, {
      "vertices" : [ 18, 57, 50 ]
    }, {
      "vertices" : [ 40, 59, 56 ]
    }, {
      "vertices" : [ 31, 48, 37 ]
    }, {
      "vertices" : [ 31, 37, 43 ]
    }, {
      "vertices" : [ 7, 8, 9 ]
    }, {
      "vertices" : [ 7, 9, 10 ]
    }, {
      "vertices" : [ 36, 41, 42 ]
    }, {
      "vertices" : [ 36, 42, 43 ]
    }, {
      "vertices" : [ 24, 46, 47 ]
    }, {
      "vertices" : [ 24, 47, 45 ]
    }, {
      "vertices" : [ 4, 30, 5 ]
    }, {
      "vertices" : [ 15, 47, 46 ]
    }, {
      "vertices" : [ 15, 46, 44 ]
    }, {
      "vertices" : [ 15, 44, 16 ]
    }, {
      "vertices" : [ 15, 50, 58 ]
    }, {
      "vertices" : [ 15, 58, 47 ]
    }, {
      "vertices" : [ 24, 45, 41 ]
    }, {
      "vertices" : [ 24, 41, 36 ]
    }, {
      "vertices" : [ 24, 36, 25 ]
    }, {
      "vertices" : [ 11, 14, 19 ]
    }, {
      "vertices" : [ 3, 6, 39 ]
    }, {
      "vertices" : [ 1, 39, 6 ]
    }, {
      "vertices" : [ 1, 6, 2 ]
    }, {
      "vertices" : [ 8, 32, 9 ]
    }, {
      "vertices" : [ 11, 12, 13 ]
    }, {
      "vertices" : [ 11, 13, 14 ]
    }, {
      "vertices" : [ 16, 22, 17 ]
    }, {
      "vertices" : [ 0, 21, 20 ]
    }, {
      "vertices" : [ 0, 20, 8 ]
    }, {
      "vertices" : [ 0, 8, 7 ]
    }, {
      "vertices" : [ 12, 34, 13 ]
    }, {
      "vertices" : [ 35, 40, 56 ]
    }, {
      "vertices" : [ 35, 56, 57 ]
    }, {
      "vertices" : [ 0, 7, 54 ]
    }, {
      "vertices" : [ 0, 54, 1 ]
    }, {
      "vertices" : [ 15, 16, 17 ]
    }, {
      "vertices" : [ 15, 17, 18 ]
    }, {
      "vertices" : [ 3, 19, 22 ]
    }, {
      "vertices" : [ 3, 22, 23 ]
    }, {
      "vertices" : [ 3, 23, 4 ]
    }, {
      "vertices" : [ 7, 10, 54 ]
    }, {
      "vertices" : [ 41, 45, 58 ]
    }, {
      "vertices" : [ 41, 58, 55 ]
    }, {
      "vertices" : [ 3, 39, 11 ]
    }, {
      "vertices" : [ 3, 11, 19 ]
    }, {
      "vertices" : [ 14, 17, 22 ]
    }, {
      "vertices" : [ 14, 22, 19 ]
    }, {
      "vertices" : [ 0, 2, 53 ]
    }, {
      "vertices" : [ 0, 53, 21 ]
    }, {
      "vertices" : [ 49, 51, 52 ]
    }, {
      "vertices" : [ 49, 52, 53 ]
    }, {
      "vertices" : [ 31, 43, 42 ]
    }, {
      "vertices" : [ 31, 42, 59 ]
    }, {
      "vertices" : [ 31, 59, 32 ]
    }, {
      "vertices" : [ 15, 18, 50 ]
    }, {
      "vertices" : [ 42, 55, 56 ]
    }, {
      "vertices" : [ 42, 56, 59 ]
    }, {
      "vertices" : [ 4, 23, 29 ]
    }, {
      "vertices" : [ 4, 29, 30 ]
    }, {
      "vertices" : [ 25, 38, 26 ]
    }, {
      "vertices" : [ 13, 28, 18 ]
    }, {
      "vertices" : [ 13, 18, 17 ]
    }, {
      "vertices" : [ 13, 17, 14 ]
    }, {
      "vertices" : [ 8, 20, 31 ]
    }, {
      "vertices" : [ 8, 31, 32 ]
    }, {
      "vertices" : [ 23, 44, 29 ]
    }, {
      "vertices" : [ 24, 27, 46 ]
    }, {
      "vertices" : [ 37, 48, 52 ]
    }, {
      "vertices" : [ 37, 52, 51 ]
    }, {
      "vertices" : [ 37, 51, 38 ]
    }, {
      "vertices" : [ 20, 48, 31 ]
    }, {
      "vertices" : [ 24, 25, 26 ]
    }, {
      "vertices" : [ 24, 26, 27 ]
    }, {
      "vertices" : [ 16, 44, 23 ]
    }, {
      "vertices" : [ 16, 23, 22 ]
    }, {
      "vertices" : [ 13, 34, 35 ]
    }, {
      "vertices" : [ 13, 35, 28 ]
    }, {
      "vertices" : [ 10, 34, 12 ]
    }, {
      "vertices" : [ 10, 12, 54 ]
    }, {
      "vertices" : [ 2, 6, 5 ]
    }, {
      "vertices" : [ 2, 5, 49 ]
    }, {
      "vertices" : [ 2, 49, 53 ]
    }, {
      "vertices" : [ 36, 43, 37 ]
    }, {
      "vertices" : [ 5, 30, 33 ]
    }, {
      "vertices" : [ 5, 33, 49 ]
    }, {
      "vertices" : [ 1, 54, 12 ]
    }, {
      "vertices" : [ 1, 12, 11 ]
    }, {
      "vertices" : [ 1, 11, 39 ]
    }, {
      "vertices" : [ 28, 35, 57 ]
    }, {
      "vertices" : [ 21, 53, 52 ]
    } ]
  }, {
    "id" : "5a04c45e-ac73-41ce-a9c3-648f2fcfb136",
    "vertices" : [ {
      "x" : 0.690983,
      "y" : 0.809017,
      "z" : 0.0
    }, {
      "x" : 0.809017,
      "y" : 0.618034,
      "z" : -0.309017
    }, {
      "x" : 0.809017,
      "y" : 0.618034,
      "z" : 0.309017
    }, {
      "x" : 1.0,
      "y" : 0.309017,
      "z" : -0.19098301
    }, {
      "x" : 1.0,
      "y" : 0.309017,
      "z" : 0.19098301
    }, {
      "x" : 1.618034,
      "y" : 0.42705098,
      "z" : -0.309017
    }, {
      "x" : 1.618034,
      "y" : 0.42705098,
      "z" : 0.309017
    }, {
      "x" : 1.618034,
      "y" : 0.809017,
      "z" : -0.309017
    }, {
      "x" : 1.618034,
      "y" : 0.809017,
      "z" : 0.309017
    }, {
      "x" : 20.562305,
      "y" : 7.663119,
      "z" : -0.309017
    }, {
      "x" : 20.562305,
      "y" : 7.663119,
      "z" : 0.309017
    }, {
      "x" : 20.562305,
      "y" : 8.045085,
      "z" : -0.309017
    }, {
      "x" : 20.562305,
      "y" : 8.045085,
      "z" : 0.309017
    }, {
      "x" : 21.18034,
      "y" : 8.163119,
      "z" : -0.19098301
    }, {
      "x" : 21.18034,
      "y" : 8.163119,
      "z" : 0.19098301
    }, {
      "x" : 21.371323,
      "y" : 7.854102,
      "z" : -0.309017
    }, {
      "x" : 21.371323,
      "y" : 7.854102,
      "z" : 0.309017
    }, {
      "x" : 21.489357,
      "y" : 7.663119,
      "z" : 0.0
    }, {
      "x" : 22.18034,
      "y" : 8.472136,
      "z" : 0.0
    } ],
    "faces" : [ {
      "vertices" : [ 5, 7, 11 ]
    }, {
      "vertices" : [ 5, 11, 9 ]
    }, {
      "vertices" : [ 9, 11, 15 ]
    }, {
      "vertices" : [ 9, 17, 10 ]
    }, {
      "vertices" : [ 6, 10, 12 ]
    }, {
      "vertices" : [ 6, 12, 8 ]
    }, {
      "vertices" : [ 10, 16, 12 ]
    }, {
      "vertices" : [ 7, 8, 12 ]
    }, {
      "vertices" : [ 7, 12, 11 ]
    }, {
      "vertices" : [ 11, 13, 15 ]
    }, {
      "vertices" : [ 0, 7, 1 ]
    }, {
      "vertices" : [ 1, 5, 3 ]
    }, {
      "vertices" : [ 9, 15, 17 ]
    }, {
      "vertices" : [ 0, 2, 8 ]
    }, {
      "vertices" : [ 12, 16, 14 ]
    }, {
      "vertices" : [ 0, 1, 3 ]
    }, {
      "vertices" : [ 0, 3, 4 ]
    }, {
      "vertices" : [ 0, 4, 2 ]
    }, {
      "vertices" : [ 10, 17, 16 ]
    }, {
      "vertices" : [ 13, 14, 16 ]
    }, {
      "vertices" : [ 13, 16, 17 ]
    }, {
      "vertices" : [ 13, 17, 15 ]
    }, {
      "vertices" : [ 2, 4, 6 ]
    }, {
      "vertices" : [ 1, 7, 5 ]
    }, {
      "vertices" : [ 0, 8, 7 ]
    }, {
      "vertices" : [ 2, 6, 8 ]
    }, {
      "vertices" : [ 3, 5, 6 ]
    }, {
      "vertices" : [ 3, 6, 4 ]
    }, {
      "vertices" : [ 11, 12, 14 ]
    }, {
      "vertices" : [ 11, 14, 13 ]
    }, {
      "vertices" : [ 5, 9, 10 ]
    }, {
      "vertices" : [ 5, 10, 6 ]
    } ]
  } ],
  "instances" : [ {
    "shape" : "d8b55e3d-864c-4e58-8934-ab275d554549",
    "color" : "#FFFFFF",
    "position" : {
      "x" : -11.09017,
      "y" : 4.236068,
      "z" : -6.854102
    }
  }, {
    "shape" : "5a04c45e-ac73-41ce-a9c3-648f2fcfb136",
    "color" : "#6C00C6",
    "position" : {
      "x" : -4.236068,
      "y" : 6.854102,
      "z" : 11.09017
    },
    "orientation" : 26
  }, {
    "shape" : "d8b55e3d-864c-4e58-8934-ab275d554549",
    "color" : "#FFFFFF",
    "position" : {
      "x" : 4.236068,
      "y" : 6.854102,
      "z" : -11.09017
    }
  }, {
    "shape" : "5a04c45e-ac73-41ce-a9c3-648f2fcfb136",
    "color" : "#6C00C6",
    "position" : {
      "x" : 4.236068,
      "y" : 6.854102,
      "z" : 11.09017
    },
    "orientation" : 47
  }, {
    "shape" : "d8b55e3d-864c-4e58-8934-ab275d554549",
    "color" : "#FFFFFF",
    "position" : {
      "x" : -11.09017,
      "y" : -4.236068,
      "z" : -6.854102
    }
  }, {
    "shape" : "5a04c45e-ac73-41ce-a9c3-648f2fcfb136",
    "color" : "#6C00C6",
    "position" : {
      "x" : 11.09017,
      "y" : 4.236068,
      "z" : 6.854102
    },
    "orientation" : 30
  }, {
    "shape" : "5a04c45e-ac73-41ce-a9c3-648f2fcfb136",
    "color" : "#6C00C6",
    "position" : {
      "x" : -11.09017,
      "y" : 4.236068,
      "z" : 6.854102
    },
    "orientation" : 23
  }, {
    "shape" : "d8b55e3d-864c-4e58-8934-ab275d554549",
    "color" : "#FFFFFF",
    "position" : {
      "x" : 4.236068,
      "y" : 6.854102,
      "z" : 11.09017
    }
  }, {
    "shape" : "5a04c45e-ac73-41ce-a9c3-648f2fcfb136",
    "color" : "#6C00C6",
    "position" : {
      "x" : 0.0,
      "y" : 0.0,
      "z" : -13.708204
    },
    "orientation" : 44
  }, {
    "shape" : "d8b55e3d-864c-4e58-8934-ab275d554549",
    "color" : "#FFFFFF",
    "position" : {
      "x" : -6.854102,
      "y" : 11.09017,
      "z" : 4.236068
    }
  }, {
    "shape" : "d8b55e3d-864c-4e58-8934-ab275d554549",
    "color" : "#FFFFFF",
    "position" : {
      "x" : -6.854102,
      "y" : -11.09017,
      "z" : -4.236068
    }
  }, {
    "shape" : "d8b55e3d-864c-4e58-8934-ab275d554549",
    "color" : "#FFFFFF",
    "position" : {
      "x" : -4.236068,
      "y" : 6.854102,
      "z" : -11.09017
    }
  }, {
    "shape" : "5a04c45e-ac73-41ce-a9c3-648f2fcfb136",
    "color" : "#6C00C6",
    "position" : {
      "x" : 11.09017,
      "y" : 4.236068,
      "z" : 6.854102
    },
    "orientation" : 50
  }, {
    "shape" : "5a04c45e-ac73-41ce-a9c3-648f2fcfb136",
    "color" : "#6C00C6",
    "position" : {
      "x" : -13.708204,
      "y" : 0.0,
      "z" : 0.0
    },
    "orientation" : 12
  }, {
    "shape" : "d8b55e3d-864c-4e58-8934-ab275d554549",
    "color" : "#FFFFFF",
    "position" : {
      "x" : 11.09017,
      "y" : -4.236068,
      "z" : -6.854102
    }
  }, {
    "shape" : "d8b55e3d-864c-4e58-8934-ab275d554549",
    "color" : "#FFFFFF",
    "position" : {
      "x" : 0.0,
      "y" : -13.708204,
      "z" : 0.0
    }
  }, {
    "shape" : "5a04c45e-ac73-41ce-a9c3-648f2fcfb136",
    "color" : "#6C00C6",
    "position" : {
      "x" : -6.854102,
      "y" : -11.09017,
      "z" : 4.236068
    },
    "orientation" : 46
  }, {
    "shape" : "d8b55e3d-864c-4e58-8934-ab275d554549",
    "color" : "#FFFFFF",
    "position" : {
      "x" : -13.708204,
      "y" : 0.0,
      "z" : 0.0
    }
  }, {
    "shape" : "d8b55e3d-864c-4e58-8934-ab275d554549",
    "color" : "#FFFFFF",
    "position" : {
      "x" : -4.236068,
      "y" : 6.854102,
      "z" : 11.09017
    }
  }, {
    "shape" : "d8b55e3d-864c-4e58-8934-ab275d554549",
    "color" : "#FFFFFF",
    "position" : {
      "x" : 6.854102,
      "y" : -11.09017,
      "z" : -4.236068
    }
  }, {
    "shape" : "d8b55e3d-864c-4e58-8934-ab275d554549",
    "color" : "#FFFFFF",
    "position" : {
      "x" : 11.09017,
      "y" : 4.236068,
      "z" : 6.854102
    }
  }, {
    "shape" : "d8b55e3d-864c-4e58-8934-ab275d554549",
    "color" : "#FFFFFF",
    "position" : {
      "x" : 6.854102,
      "y" : 11.09017,
      "z" : -4.236068
    }
  }, {
    "shape" : "5a04c45e-ac73-41ce-a9c3-648f2fcfb136",
    "color" : "#6C00C6",
    "position" : {
      "x" : 4.236068,
      "y" : -6.854102,
      "z" : -11.09017
    },
    "orientation" : 32
  }, {
    "shape" : "5a04c45e-ac73-41ce-a9c3-648f2fcfb136",
    "color" : "#6C00C6",
    "position" : {
      "x" : 0.0,
      "y" : 13.708204,
      "z" : 0.0
    },
    "orientation" : 28
  }, {
    "shape" : "d8b55e3d-864c-4e58-8934-ab275d554549",
    "color" : "#FFFFFF",
    "position" : {
      "x" : 13.708204,
      "y" : 0.0,
      "z" : 0.0
    }
  }, {
    "shape" : "5a04c45e-ac73-41ce-a9c3-648f2fcfb136",
    "color" : "#6C00C6",
    "position" : {
      "x" : -6.854102,
      "y" : -11.09017,
      "z" : -4.236068
    },
    "orientation" : 10
  }, {
    "shape" : "d8b55e3d-864c-4e58-8934-ab275d554549",
    "color" : "#FFFFFF",
    "position" : {
      "x" : -6.854102,
      "y" : -11.09017,
      "z" : 4.236068
    }
  }, {
    "shape" : "5a04c45e-ac73-41ce-a9c3-648f2fcfb136",
    "color" : "#6C00C6",
    "position" : {
      "x" : 6.854102,
      "y" : -11.09017,
      "z" : -4.236068
    },
    "orientation" : 48
  }, {
    "shape" : "d8b55e3d-864c-4e58-8934-ab275d554549",
    "color" : "#FFFFFF",
    "position" : {
      "x" : 0.0,
      "y" : 0.0,
      "z" : 13.708204
    }
  }, {
    "shape" : "5a04c45e-ac73-41ce-a9c3-648f2fcfb136",
    "color" : "#6C00C6",
    "position" : {
      "x" : 13.708204,
      "y" : 0.0,
      "z" : 0.0
    },
    "orientation" : 42
  }, {
    "shape" : "d8b55e3d-864c-4e58-8934-ab275d554549",
    "color" : "#FFFFFF",
    "position" : {
      "x" : 4.236068,
      "y" : -6.854102,
      "z" : -11.09017
    }
  }, {
    "shape" : "d8b55e3d-864c-4e58-8934-ab275d554549",
    "color" : "#FFFFFF",
    "position" : {
      "x" : 11.09017,
      "y" : 4.236068,
      "z" : -6.854102
    }
  }, {
    "shape" : "5a04c45e-ac73-41ce-a9c3-648f2fcfb136",
    "color" : "#6C00C6",
    "position" : {
      "x" : 6.854102,
      "y" : 11.09017,
      "z" : -4.236068
    },
    "orientation" : 36
  }, {
    "shape" : "5a04c45e-ac73-41ce-a9c3-648f2fcfb136",
    "color" : "#6C00C6",
    "position" : {
      "x" : -4.236068,
      "y" : -6.854102,
      "z" : -11.09017
    },
    "orientation" : 11
  }, {
    "shape" : "5a04c45e-ac73-41ce-a9c3-648f2fcfb136",
    "color" : "#6C00C6",
    "position" : {
      "x" : 6.854102,
      "y" : 11.09017,
      "z" : 4.236068
    },
    "orientation" : 16
  }, {
    "shape" : "5a04c45e-ac73-41ce-a9c3-648f2fcfb136",
    "color" : "#6C00C6",
    "position" : {
      "x" : -4.236068,
      "y" : -6.854102,
      "z" : -11.09017
    },
    "orientation" : 7
  }, {
    "shape" : "5a04c45e-ac73-41ce-a9c3-648f2fcfb136",
    "color" : "#6C00C6",
    "position" : {
      "x" : 11.09017,
      "y" : -4.236068,
      "z" : 6.854102
    },
    "orientation" : 54
  }, {
    "shape" : "d8b55e3d-864c-4e58-8934-ab275d554549",
    "color" : "#FFFFFF",
    "position" : {
      "x" : -6.854102,
      "y" : 11.09017,
      "z" : -4.236068
    }
  }, {
    "shape" : "5a04c45e-ac73-41ce-a9c3-648f2fcfb136",
    "color" : "#6C00C6",
    "position" : {
      "x" : 11.09017,
      "y" : -4.236068,
      "z" : -6.854102
    },
    "orientation" : 45
  }, {
    "shape" : "d8b55e3d-864c-4e58-8934-ab275d554549",
    "color" : "#FFFFFF",
    "position" : {
      "x" : 6.854102,
      "y" : 11.09017,
      "z" : 4.236068
    }
  }, {
    "shape" : "5a04c45e-ac73-41ce-a9c3-648f2fcfb136",
    "color" : "#6C00C6",
    "position" : {
      "x" : 4.236068,
      "y" : 6.854102,
      "z" : -11.09017
    },
    "orientation" : 37
  }, {
    "shape" : "5a04c45e-ac73-41ce-a9c3-648f2fcfb136",
    "color" : "#6C00C6",
    "position" : {
      "x" : -6.854102,
      "y" : 11.09017,
      "z" : -4.236068
    },
    "orientation" : 18
  }, {
    "shape" : "5a04c45e-ac73-41ce-a9c3-648f2fcfb136",
    "color" : "#6C00C6",
    "position" : {
      "x" : -4.236068,
      "y" : -6.854102,
      "z" : 11.09017
    },
    "orientation" : 49
  }, {
    "shape" : "d8b55e3d-864c-4e58-8934-ab275d554549",
    "color" : "#FFFFFF",
    "position" : {
      "x" : -4.236068,
      "y" : -6.854102,
      "z" : 11.09017
    }
  }, {
    "shape" : "5a04c45e-ac73-41ce-a9c3-648f2fcfb136",
    "color" : "#6C00C6",
    "position" : {
      "x" : 0.0,
      "y" : -13.708204,
      "z" : 0.0
    },
    "orientation" : 13
  }, {
    "shape" : "d8b55e3d-864c-4e58-8934-ab275d554549",
    "color" : "#FFFFFF",
    "position" : {
      "x" : 4.236068,
      "y" : -6.854102,
      "z" : 11.09017
    }
  }, {
    "shape" : "5a04c45e-ac73-41ce-a9c3-648f2fcfb136",
    "color" : "#6C00C6",
    "position" : {
      "x" : -11.09017,
      "y" : -4.236068,
      "z" : -6.854102
    },
    "orientation" : 8
  }, {
    "shape" : "d8b55e3d-864c-4e58-8934-ab275d554549",
    "color" : "#FFFFFF",
    "position" : {
      "x" : -11.09017,
      "y" : -4.236068,
      "z" : 6.854102
    }
  }, {
    "shape" : "d8b55e3d-864c-4e58-8934-ab275d554549",
    "color" : "#FFFFFF",
    "position" : {
      "x" : 11.09017,
      "y" : -4.236068,
      "z" : 6.854102
    }
  }, {
    "shape" : "d8b55e3d-864c-4e58-8934-ab275d554549",
    "color" : "#FFFFFF",
    "position" : {
      "x" : 0.0,
      "y" : 13.708204,
      "z" : 0.0
    }
  }, {
    "shape" : "5a04c45e-ac73-41ce-a9c3-648f2fcfb136",
    "color" : "#6C00C6",
    "position" : {
      "x" : 6.854102,
      "y" : -11.09017,
      "z" : 4.236068
    },
    "orientation" : 51
  }, {
    "shape" : "d8b55e3d-864c-4e58-8934-ab275d554549",
    "color" : "#FFFFFF",
    "position" : {
      "x" : 0.0,
      "y" : 0.0,
      "z" : -13.708204
    }
  }, {
    "shape" : "d8b55e3d-864c-4e58-8934-ab275d554549",
    "color" : "#FFFFFF",
    "position" : {
      "x" : -11.09017,
      "y" : 4.236068,
      "z" : 6.854102
    }
  }, {
    "shape" : "5a04c45e-ac73-41ce-a9c3-648f2fcfb136",
    "color" : "#6C00C6",
    "position" : {
      "x" : -4.236068,
      "y" : 6.854102,
      "z" : -11.09017
    },
    "orientation" : 34
  }, {
    "shape" : "d8b55e3d-864c-4e58-8934-ab275d554549",
    "color" : "#FFFFFF",
    "position" : {
      "x" : 6.854102,
      "y" : -11.09017,
      "z" : 4.236068
    }
  }, {
    "shape" : "5a04c45e-ac73-41ce-a9c3-648f2fcfb136",
    "color" : "#6C00C6",
    "position" : {
      "x" : 6.854102,
      "y" : 11.09017,
      "z" : -4.236068
    },
    "orientation" : 40
  }, {
    "shape" : "5a04c45e-ac73-41ce-a9c3-648f2fcfb136",
    "color" : "#6C00C6",
    "position" : {
      "x" : 0.0,
      "y" : 0.0,
      "z" : 13.708204
    },
    "orientation" : 59
  }, {
    "shape" : "5a04c45e-ac73-41ce-a9c3-648f2fcfb136",
    "color" : "#6C00C6",
    "position" : {
      "x" : 11.09017,
      "y" : -4.236068,
      "z" : -6.854102
    },
    "orientation" : 35
  }, {
    "shape" : "5a04c45e-ac73-41ce-a9c3-648f2fcfb136",
    "color" : "#6C00C6",
    "position" : {
      "x" : 11.09017,
      "y" : 4.236068,
      "z" : -6.854102
    },
    "orientation" : 39
  }, {
    "shape" : "d8b55e3d-864c-4e58-8934-ab275d554549",
    "color" : "#FFFFFF",
    "position" : {
      "x" : -4.236068,
      "y" : -6.854102,
      "z" : -11.09017
    }
  } ],
  "scenes" : [ ],
  "snapshots" : [ ]
}