{
  "polygons" : "true",
  "field" : "golden",
  "symmetry" : "icosahedral",
  "orientations" : [ [ 1.0, 0.0, 0.0, 0.0, 0.0, 1.0, 0.0, 0.0, 0.0, 0.0, 1.0, 0.0, 0.0, 0.0, 0.0, 1.0 ], [ 0.0, 0.0, 1.0, 0.0, 1.0, 0.0, 0.0, 0.0, 0.0, 1.0, 0.0, 0.0, 0.0, 0.0, 0.0, 1.0 ], [ 0.0, 1.0, 0.0, 0.0, 0.0, 0.0, 1.0, 0.0, 1.0, 0.0, 0.0, 0.0, 0.0, 0.0, 0.0, 1.0 ], [ 0.809017, 0.309017, 0.5, 0.0, 0.309017, 0.5, -0.809017, 0.0, -0.5, 0.809017, 0.309017, 0.0, 0.0, 0.0, 0.0, 1.0 ], [ -0.5, 0.809017, 0.309017, 0.0, 0.809017, 0.309017, 0.5, 0.0, 0.309017, 0.5, -0.809017, 0.0, 0.0, 0.0, 0.0, 1.0 ], [ 0.309017, 0.5, -0.809017, 0.0, -0.5, 0.809017, 0.309017, 0.0, 0.809017, 0.309017, 0.5, 0.0, 0.0, 0.0, 0.0, 1.0 ], [ 0.5, 0.809017, 0.309017, 0.0, 0.809017, -0.309017, -0.5, 0.0, -0.309017, 0.5, -0.809017, 0.0, 0.0, 0.0, 0.0, 1.0 ], [ -0.309017, 0.5, -0.809017, 0.0, 0.5, 0.809017, 0.309017, 0.0, 0.809017, -0.309017, -0.5, 0.0, 0.0, 0.0, 0.0, 1.0 ], [ 0.809017, -0.309017, -0.5, 0.0, -0.309017, 0.5, -0.809017, 0.0, 0.5, 0.809017, 0.309017, 0.0, 0.0, 0.0, 0.0, 1.0 ], [ 0.5, 0.809017, -0.309017, 0.0, 0.809017, -0.309017, 0.5, 0.0, 0.309017, -0.5, -0.809017, 0.0, 0.0, 0.0, 0.0, 1.0 ], [ 0.309017, -0.5, -0.809017, 0.0, 0.5, 0.809017, -0.309017, 0.0, 0.809017, -0.309017, 0.5, 0.0, 0.0, 0.0, 0.0, 1.0 ], [ 0.809017, -0.309017, 0.5, 0.0, 0.309017, -0.5, -0.809017, 0.0, 0.5, 0.809017, -0.309017, 0.0, 0.0, 0.0, 0.0, 1.0 ], [ 0.809017, 0.309017, -0.5, 0.0, 0.309017, 0.5, 0.809017, 0.0, 0.5, -0.809017, 0.309017, 0.0, 0.0, 0.0, 0.0, 1.0 ], [ 0.5, -0.809017, 0.309017, 0.0, 0.809017, 0.309017, -0.5, 0.0, 0.309017, 0.5, 0.809017, 0.0, 0.0, 0.0, 0.0, 1.0 ], [ 0.309017, 0.5, 0.809017, 0.0, 0.5, -0.809017, 0.309017, 0.0, 0.809017, 0.309017, -0.5, 0.0, 0.0, 0.0, 0.0, 1.0 ], [ 1.0, 0.0, 0.0, 0.0, 0.0, -1.0, 0.0, 0.0, 0.0, 0.0, -1.0, 0.0, 0.0, 0.0, 0.0, 1.0 ], [ 0.0, 0.0, 1.0, 0.0, -1.0, 0.0, 0.0, 0.0, 0.0, -1.0, 0.0, 0.0, 0.0, 0.0, 0.0, 1.0 ], [ 0.0, 1.0, 0.0, 0.0, 0.0, 0.0, -1.0, 0.0, -1.0, 0.0, 0.0, 0.0, 0.0, 0.0, 0.0, 1.0 ], [ 0.809017, 0.309017, 0.5, 0.0, -0.309017, -0.5, 0.809017, 0.0, 0.5, -0.809017, -0.309017, 0.0, 0.0, 0.0, 0.0, 1.0 ], [ -0.5, 0.809017, 0.309017, 0.0, -0.809017, -0.309017, -0.5, 0.0, -0.309017, -0.5, 0.809017, 0.0, 0.0, 0.0, 0.0, 1.0 ], [ 0.309017, 0.5, -0.809017, 0.0, 0.5, -0.809017, -0.309017, 0.0, -0.809017, -0.309017, -0.5, 0.0, 0.0, 0.0, 0.0, 1.0 ], [ 0.5, 0.809017, 0.309017, 0.0, -0.809017, 0.309017, 0.5, 0.0, 0.309017, -0.5, 0.809017, 0.0, 0.0, 0.0, 0.0, 1.0 ], [ -0.309017, 0.5, -0.809017, 0.0, -0.5, -0.809017, -0.309017, 0.0, -0.809017, 0.309017, 0.5, 0.0, 0.0, 0.0, 0.0, 1.0 ], [ 0.809017, -0.309017, -0.5, 0.0, 0.309017, -0.5, 0.809017, 0.0, -0.5, -0.809017, -0.309017, 0.0, 0.0, 0.0, 0.0, 1.0 ], [ 0.5, 0.809017, -0.309017, 0.0, -0.809017, 0.309017, -0.5, 0.0, -0.309017, 0.5, 0.809017, 0.0, 0.0, 0.0, 0.0, 1.0 ], [ 0.309017, -0.5, -0.809017, 0.0, -0.5, -0.809017, 0.309017, 0.0, -0.809017, 0.309017, -0.5, 0.0, 0.0, 0.0, 0.0, 1.0 ], [ 0.809017, -0.309017, 0.5, 0.0, -0.309017, 0.5, 0.809017, 0.0, -0.5, -0.809017, 0.309017, 0.0, 0.0, 0.0, 0.0, 1.0 ], [ 0.809017, 0.309017, -0.5, 0.0, -0.309017, -0.5, -0.809017, 0.0, -0.5, 0.809017, -0.309017, 0.0, 0.0, 0.0, 0.0, 1.0 ], [ 0.5, -0.809017, 0.309017, 0.0, -0.809017, -0.309017, 0.5, 0.0, -0.309017, -0.5, -0.809017, 0.0, 0.0, 0.0, 0.0, 1.0 ], [ 0.309017, 0.5, 0.809017, 0.0, -0.5, 0.809017, -0.309017, 0.0, -0.809017, -0.309017, 0.5, 0.0, 0.0, 0.0, 0.0, 1.0 ], [ -1.0, 0.0, 0.0, 0.0, 0.0, -1.0, 0.0, 0.0, 0.0, 0.0, 1.0, 0.0, 0.0, 0.0, 0.0, 1.0 ], [ 0.0, 0.0, -1.0, 0.0, -1.0, 0.0, 0.0, 0.0, 0.0, 1.0, 0.0, 0.0, 0.0, 0.0, 0.0, 1.0 ], [ 0.0, -1.0, 0.0, 0.0, 0.0, 0.0, -1.0, 0.0, 1.0, 0.0, 0.0, 0.0, 0.0, 0.0, 0.0, 1.0 ], [ -0.809017, -0.309017, -0.5, 0.0, -0.309017, -0.5, 0.809017, 0.0, -0.5, 0.809017, 0.309017, 0.0, 0.0, 0.0, 0.0, 1.0 ], [ 0.5, -0.809017, -0.309017, 0.0, -0.809017, -0.309017, -0.5, 0.0, 0.309017, 0.5, -0.809017, 0.0, 0.0, 0.0, 0.0, 1.0 ], [ -0.309017, -0.5, 0.809017, 0.0, 0.5, -0.809017, -0.309017, 0.0, 0.809017, 0.309017, 0.5, 0.0, 0.0, 0.0, 0.0, 1.0 ], [ -0.5, -0.809017, -0.309017, 0.0, -0.809017, 0.309017, 0.5, 0.0, -0.309017, 0.5, -0.809017, 0.0, 0.0, 0.0, 0.0, 1.0 ], [ 0.309017, -0.5, 0.809017, 0.0, -0.5, -0.809017, -0.309017, 0.0, 0.809017, -0.309017, -0.5, 0.0, 0.0, 0.0, 0.0, 1.0 ], [ -0.809017, 0.309017, 0.5, 0.0, 0.309017, -0.5, 0.809017, 0.0, 0.5, 0.809017, 0.309017, 0.0, 0.0, 0.0, 0.0, 1.0 ], [ -0.5, -0.809017, 0.309017, 0.0, -0.809017, 0.309017, -0.5, 0.0, 0.309017, -0.5, -0.809017, 0.0, 0.0, 0.0, 0.0, 1.0 ], [ -0.309017, 0.5, 0.809017, 0.0, -0.5, -0.809017, 0.309017, 0.0, 0.809017, -0.309017, 0.5, 0.0, 0.0, 0.0, 0.0, 1.0 ], [ -0.809017, 0.309017, -0.5, 0.0, -0.309017, 0.5, 0.809017, 0.0, 0.5, 0.809017, -0.309017, 0.0, 0.0, 0.0, 0.0, 1.0 ], [ -0.809017, -0.309017, 0.5, 0.0, -0.309017, -0.5, -0.809017, 0.0, 0.5, -0.809017, 0.309017, 0.0, 0.0, 0.0, 0.0, 1.0 ], [ -0.5, 0.809017, -0.309017, 0.0, -0.809017, -0.309017, 0.5, 0.0, 0.309017, 0.5, 0.809017, 0.0, 0.0, 0.0, 0.0, 1.0 ], [ -0.309017, -0.5, -0.809017, 0.0, -0.5, 0.809017, -0.309017, 0.0, 0.809017, 0.309017, -0.5, 0.0, 0.0, 0.0, 0.0, 1.0 ], [ -1.0, 0.0, 0.0, 0.0, 0.0, 1.0, 0.0, 0.0, 0.0, 0.0, -1.0, 0.0, 0.0, 0.0, 0.0, 1.0 ], [ 0.0, 0.0, -1.0, 0.0, 1.0, 0.0, 0.0, 0.0, 0.0, -1.0, 0.0, 0.0, 0.0, 0.0, 0.0, 1.0 ], [ 0.0, -1.0, 0.0, 0.0, 0.0, 0.0, 1.0, 0.0, -1.0, 0.0, 0.0, 0.0, 0.0, 0.0, 0.0, 1.0 ], [ -0.809017, -0.309017, -0.5, 0.0, 0.309017, 0.5, -0.809017, 0.0, 0.5, -0.809017, -0.309017, 0.0, 0.0, 0.0, 0.0, 1.0 ], [ 0.5, -0.809017, -0.309017, 0.0, 0.809017, 0.309017, 0.5, 0.0, -0.309017, -0.5, 0.809017, 0.0, 0.0, 0.0, 0.0, 1.0 ], [ -0.309017, -0.5, 0.809017, 0.0, -0.5, 0.809017, 0.309017, 0.0, -0.809017, -0.309017, -0.5, 0.0, 0.0, 0.0, 0.0, 1.0 ], [ -0.5, -0.809017, -0.309017, 0.0, 0.809017, -0.309017, -0.5, 0.0, 0.309017, -0.5, 0.809017, 0.0, 0.0, 0.0, 0.0, 1.0 ], [ 0.309017, -0.5, 0.809017, 0.0, 0.5, 0.809017, 0.309017, 0.0, -0.809017, 0.309017, 0.5, 0.0, 0.0, 0.0, 0.0, 1.0 ], [ -0.809017, 0.309017, 0.5, 0.0, -0.309017, 0.5, -0.809017, 0.0, -0.5, -0.809017, -0.309017, 0.0, 0.0, 0.0, 0.0, 1.0 ], [ -0.5, -0.809017, 0.309017, 0.0, 0.809017, -0.309017, 0.5, 0.0, -0.309017, 0.5, 0.809017, 0.0, 0.0, 0.0, 0.0, 1.0 ], [ -0.309017, 0.5, 0.809017, 0.0, 0.5, 0.809017, -0.309017, 0.0, -0.809017, 0.309017, -0.5, 0.0, 0.0, 0.0, 0.0, 1.0 ], [ -0.809017, 0.309017, -0.5, 0.0, 0.309017, -0.5, -0.809017, 0.0, -0.5, -0.809017, 0.309017, 0.0, 0.0, 0.0, 0.0, 1.0 ], [ -0.809017, -0.309017, 0.5, 0.0, 0.309017, 0.5, 0.809017, 0.0, -0.5, 0.809017, -0.309017, 0.0, 0.0, 0.0, 0.0, 1.0 ], [ -0.5, 0.809017, -0.309017, 0.0, 0.809017, 0.309017, -0.5, 0.0, -0.309017, -0.5, -0.809017, 0.0, 0.0, 0.0, 0.0, 1.0 ], [ -0.309017, -0.5, -0.809017, 0.0, 0.5, -0.809017, 0.309017, 0.0, -0.809017, -0.309017, 0.5, 0.0, 0.0, 0.0, 0.0, 1.0 ] ],
  "lights" : {
    "directionalLights" : [ {
      "direction" : [ 1.0, -1.0, -1.0 ],
      "color" : "#EBEBE4"
    }, {
      "direction" : [ -1.0, 0.0, 0.0 ],
      "color" : "#E4E4EB"
    }, {
      "direction" : [ 0.0, 0.0, -1.0 ],
      "color" : "#1E1E1E"
    } ],
    "backgroundColor" : "#AFC8DC",
    "ambientColor" : "#292929"
  },
  "camera" : {
    "width" : 169.07999,
    "position" : {
      "x" : 0.0,
      "y" : -134.06993,
      "z" : -350.9996
    },
    "perspective" : false,
    "upDirectionRV" : {
      "x" : -0.1350454,
      "y" : -0.9256148,
      "z" : 0.3535534,
      "zero" : false
    },
    "fieldOfView" : 0.44262895,
    "lookDirectionRV" : {
      "x" : 0.0,
      "y" : 0.3568221,
      "z" : 0.93417233,
      "zero" : false
    },
    "lookAtPointRV" : {
      "x" : 0.0,
      "y" : 0.0,
      "z" : 0.0,
      "zero" : true
    },
    "viewDistance" : 375.73325,
    "lookDirection" : {
      "x" : 0.0,
      "y" : 0.3568221,
      "z" : 0.93417233
    },
    "lookAtPoint" : {
      "x" : 0.0,
      "y" : 0.0,
      "z" : 0.0
    },
    "farClipDistance" : 751.4657,
    "upDirection" : {
      "x" : -0.1350454,
      "y" : -0.9256148,
      "z" : 0.3535534
    },
    "stereo" : false,
    "nearClipDistance" : 0.93933326
  },
  "embedding" : [ 1.0, 0.0, 0.0, 0.0, 0.0, 1.0, 0.0, 0.0, 0.0, 0.0, 1.0, 0.0, 0.0, 0.0, 0.0, 1.0 ],
  "shapes" : [ {
    "id" : "5e0f3e79-377f-4642-83ad-bff32cc663d4",
    "orbit" : "green",
    "orbitC" : "[[2,-1,1],[5,-3,1]]",
    "length" : "[\"1\",\"0\",\"1\"]",
    "name" : "g1",
    "vertices" : [ {
      "x" : 9.376644,
      "y" : 3.3905764,
      "z" : -1.486068
    }, {
      "x" : 10.399187,
      "y" : 3.427051,
      "z" : -1.618034
    }, {
      "x" : 9.376644,
      "y" : 3.3905764,
      "z" : -1.104102
    }, {
      "x" : 9.185661,
      "y" : 3.6995935,
      "z" : -1.604102
    }, {
      "x" : 9.185661,
      "y" : 3.6995935,
      "z" : -1.2221359
    }, {
      "x" : 0.809017,
      "y" : 0.618034,
      "z" : 0.309017
    }, {
      "x" : 1.0,
      "y" : 0.309017,
      "z" : 0.19098301
    }, {
      "x" : 1.9045085,
      "y" : 0.5364745,
      "z" : -0.013932022
    }, {
      "x" : 10.09017,
      "y" : 3.927051,
      "z" : -1.809017
    }, {
      "x" : 10.281153,
      "y" : 3.618034,
      "z" : -1.927051
    }, {
      "x" : 10.281153,
      "y" : 3.618034,
      "z" : -1.309017
    }, {
      "x" : 10.09017,
      "y" : 3.927051,
      "z" : -1.427051
    }, {
      "x" : 1.7135255,
      "y" : 0.8454915,
      "z" : -0.13196601
    }, {
      "x" : 0.690983,
      "y" : 0.809017,
      "z" : 0.0
    }, {
      "x" : 1.9045085,
      "y" : 0.5364745,
      "z" : -0.39589804
    }, {
      "x" : 1.7135255,
      "y" : 0.8454915,
      "z" : -0.51393205
    }, {
      "x" : 0.809017,
      "y" : 0.618034,
      "z" : -0.309017
    }, {
      "x" : 1.0,
      "y" : 0.309017,
      "z" : -0.19098301
    }, {
      "x" : 11.09017,
      "y" : 4.236068,
      "z" : -1.618034
    } ],
    "faces" : [ {
      "vertices" : [ 0, 14, 15, 3 ]
    }, {
      "vertices" : [ 3, 15, 12, 4 ]
    }, {
      "vertices" : [ 0, 1, 2 ]
    }, {
      "vertices" : [ 12, 15, 13 ]
    }, {
      "vertices" : [ 0, 9, 1 ]
    }, {
      "vertices" : [ 0, 3, 9 ]
    }, {
      "vertices" : [ 13, 15, 16 ]
    }, {
      "vertices" : [ 6, 17, 14, 7 ]
    }, {
      "vertices" : [ 1, 10, 2 ]
    }, {
      "vertices" : [ 5, 6, 7 ]
    }, {
      "vertices" : [ 3, 8, 9 ]
    }, {
      "vertices" : [ 0, 2, 7, 14 ]
    }, {
      "vertices" : [ 5, 7, 12 ]
    }, {
      "vertices" : [ 2, 4, 12, 7 ]
    }, {
      "vertices" : [ 3, 4, 11, 8 ]
    }, {
      "vertices" : [ 2, 10, 11, 4 ]
    }, {
      "vertices" : [ 5, 12, 13 ]
    }, {
      "vertices" : [ 14, 17, 16, 15 ]
    } ]
  }, {
    "id" : "6beaa093-bcd5-4cc6-b11d-94da7111854e",
    "orbit" : "blue",
    "orbitC" : "[[0,0,1],[0,0,1]]",
    "length" : "[\"1\",\"0\",\"1\"]",
    "name" : "b1",
    "vertices" : [ {
      "x" : 7.472136,
      "y" : 0.309017,
      "z" : 0.19098301
    }, {
      "x" : 7.472136,
      "y" : 0.309017,
      "z" : -0.19098301
    }, {
      "x" : 1.0,
      "y" : 0.309017,
      "z" : -0.19098301
    }, {
      "x" : 1.0,
      "y" : 0.309017,
      "z" : 0.19098301
    }, {
      "x" : 7.472136,
      "y" : -0.309017,
      "z" : 0.19098301
    }, {
      "x" : 1.0,
      "y" : -0.309017,
      "z" : 0.19098301
    }, {
      "x" : 1.0,
      "y" : -0.309017,
      "z" : -0.19098301
    }, {
      "x" : 7.472136,
      "y" : -0.309017,
      "z" : -0.19098301
    }, {
      "x" : 8.472136,
      "y" : 0.0,
      "z" : 0.0
    } ],
    "faces" : [ {
      "vertices" : [ 1, 7, 6, 2 ]
    }, {
      "vertices" : [ 0, 1, 2, 3 ]
    }, {
      "vertices" : [ 4, 5, 6, 7 ]
    }, {
      "vertices" : [ 0, 3, 5, 4 ]
    } ]
  }, {
    "id" : "74110e85-6322-4302-b20c-08eef211b4a2",
    "name" : "ball",
    "vertices" : [ {
      "x" : 0.309017,
      "y" : -0.809017,
      "z" : 0.618034
    }, {
      "x" : 0.809017,
      "y" : -0.618034,
      "z" : 0.309017
    }, {
      "x" : 0.618034,
      "y" : -0.309017,
      "z" : 0.809017
    }, {
      "x" : 1.0,
      "y" : 0.309017,
      "z" : 0.19098301
    }, {
      "x" : 0.809017,
      "y" : 0.618034,
      "z" : 0.309017
    }, {
      "x" : 0.618034,
      "y" : 0.309017,
      "z" : 0.809017
    }, {
      "x" : 0.809017,
      "y" : 0.0,
      "z" : 0.690983
    }, {
      "x" : 0.19098301,
      "y" : -1.0,
      "z" : 0.309017
    }, {
      "x" : -0.19098301,
      "y" : -1.0,
      "z" : 0.309017
    }, {
      "x" : -0.19098301,
      "y" : -1.0,
      "z" : -0.309017
    }, {
      "x" : 0.19098301,
      "y" : -1.0,
      "z" : -0.309017
    }, {
      "x" : 1.0,
      "y" : -0.309017,
      "z" : -0.19098301
    }, {
      "x" : 0.809017,
      "y" : -0.618034,
      "z" : -0.309017
    }, {
      "x" : 0.618034,
      "y" : -0.309017,
      "z" : -0.809017
    }, {
      "x" : 0.809017,
      "y" : 0.0,
      "z" : -0.690983
    }, {
      "x" : 0.0,
      "y" : 0.690983,
      "z" : -0.809017
    }, {
      "x" : 0.309017,
      "y" : 0.809017,
      "z" : -0.618034
    }, {
      "x" : 0.618034,
      "y" : 0.309017,
      "z" : -0.809017
    }, {
      "x" : 0.309017,
      "y" : 0.19098301,
      "z" : -1.0
    }, {
      "x" : 1.0,
      "y" : 0.309017,
      "z" : -0.19098301
    }, {
      "x" : -0.309017,
      "y" : -0.809017,
      "z" : 0.618034
    }, {
      "x" : 0.0,
      "y" : -0.690983,
      "z" : 0.809017
    }, {
      "x" : 0.809017,
      "y" : 0.618034,
      "z" : -0.309017
    }, {
      "x" : 0.690983,
      "y" : 0.809017,
      "z" : 0.0
    }, {
      "x" : -0.690983,
      "y" : 0.809017,
      "z" : 0.0
    }, {
      "x" : -0.809017,
      "y" : 0.618034,
      "z" : 0.309017
    }, {
      "x" : -0.309017,
      "y" : 0.809017,
      "z" : 0.618034
    }, {
      "x" : -0.19098301,
      "y" : 1.0,
      "z" : 0.309017
    }, {
      "x" : 0.309017,
      "y" : -0.19098301,
      "z" : -1.0
    }, {
      "x" : 0.19098301,
      "y" : 1.0,
      "z" : 0.309017
    }, {
      "x" : 0.309017,
      "y" : 0.809017,
      "z" : 0.618034
    }, {
      "x" : -0.809017,
      "y" : -0.618034,
      "z" : 0.309017
    }, {
      "x" : -0.690983,
      "y" : -0.809017,
      "z" : 0.0
    }, {
      "x" : 0.0,
      "y" : 0.690983,
      "z" : 0.809017
    }, {
      "x" : 0.309017,
      "y" : -0.809017,
      "z" : -0.618034
    }, {
      "x" : 0.0,
      "y" : -0.690983,
      "z" : -0.809017
    }, {
      "x" : -1.0,
      "y" : 0.309017,
      "z" : 0.19098301
    }, {
      "x" : -0.809017,
      "y" : 0.0,
      "z" : 0.690983
    }, {
      "x" : -0.618034,
      "y" : 0.309017,
      "z" : 0.809017
    }, {
      "x" : 1.0,
      "y" : -0.309017,
      "z" : 0.19098301
    }, {
      "x" : -0.309017,
      "y" : -0.809017,
      "z" : -0.618034
    }, {
      "x" : -1.0,
      "y" : 0.309017,
      "z" : -0.19098301
    }, {
      "x" : -1.0,
      "y" : -0.309017,
      "z" : -0.19098301
    }, {
      "x" : -1.0,
      "y" : -0.309017,
      "z" : 0.19098301
    }, {
      "x" : 0.19098301,
      "y" : 1.0,
      "z" : -0.309017
    }, {
      "x" : -0.809017,
      "y" : 0.618034,
      "z" : -0.309017
    }, {
      "x" : -0.19098301,
      "y" : 1.0,
      "z" : -0.309017
    }, {
      "x" : -0.309017,
      "y" : 0.809017,
      "z" : -0.618034
    }, {
      "x" : -0.618034,
      "y" : -0.309017,
      "z" : 0.809017
    }, {
      "x" : 0.309017,
      "y" : 0.19098301,
      "z" : 1.0
    }, {
      "x" : -0.309017,
      "y" : 0.19098301,
      "z" : -1.0
    }, {
      "x" : -0.309017,
      "y" : 0.19098301,
      "z" : 1.0
    }, {
      "x" : -0.309017,
      "y" : -0.19098301,
      "z" : 1.0
    }, {
      "x" : 0.309017,
      "y" : -0.19098301,
      "z" : 1.0
    }, {
      "x" : 0.690983,
      "y" : -0.809017,
      "z" : 0.0
    }, {
      "x" : -0.809017,
      "y" : 0.0,
      "z" : -0.690983
    }, {
      "x" : -0.618034,
      "y" : -0.309017,
      "z" : -0.809017
    }, {
      "x" : -0.309017,
      "y" : -0.19098301,
      "z" : -1.0
    }, {
      "x" : -0.618034,
      "y" : 0.309017,
      "z" : -0.809017
    }, {
      "x" : -0.809017,
      "y" : -0.618034,
      "z" : -0.309017
    } ],
    "faces" : [ {
      "vertices" : [ 9, 40, 35, 34, 10 ]
    }, {
      "vertices" : [ 0, 1, 2 ]
    }, {
      "vertices" : [ 33, 51, 49 ]
    }, {
      "vertices" : [ 25, 36, 37, 38 ]
    }, {
      "vertices" : [ 41, 55, 42 ]
    }, {
      "vertices" : [ 9, 32, 59, 40 ]
    }, {
      "vertices" : [ 20, 21, 52, 48 ]
    }, {
      "vertices" : [ 26, 33, 30, 29, 27 ]
    }, {
      "vertices" : [ 3, 4, 5, 6 ]
    }, {
      "vertices" : [ 27, 29, 44, 46 ]
    }, {
      "vertices" : [ 50, 57, 56, 55, 58 ]
    }, {
      "vertices" : [ 26, 38, 51, 33 ]
    }, {
      "vertices" : [ 45, 47, 58 ]
    }, {
      "vertices" : [ 18, 28, 57, 50 ]
    }, {
      "vertices" : [ 40, 59, 56 ]
    }, {
      "vertices" : [ 31, 48, 37, 43 ]
    }, {
      "vertices" : [ 7, 8, 9, 10 ]
    }, {
      "vertices" : [ 36, 41, 42, 43 ]
    }, {
      "vertices" : [ 24, 46, 47, 45 ]
    }, {
      "vertices" : [ 4, 30, 5 ]
    }, {
      "vertices" : [ 15, 47, 46, 44, 16 ]
    }, {
      "vertices" : [ 15, 50, 58, 47 ]
    }, {
      "vertices" : [ 24, 45, 41, 36, 25 ]
    }, {
      "vertices" : [ 11, 14, 19 ]
    }, {
      "vertices" : [ 3, 6, 39 ]
    }, {
      "vertices" : [ 1, 39, 6, 2 ]
    }, {
      "vertices" : [ 8, 32, 9 ]
    }, {
      "vertices" : [ 11, 12, 13, 14 ]
    }, {
      "vertices" : [ 16, 22, 17 ]
    }, {
      "vertices" : [ 0, 21, 20, 8, 7 ]
    }, {
      "vertices" : [ 12, 34, 13 ]
    }, {
      "vertices" : [ 35, 40, 56, 57 ]
    }, {
      "vertices" : [ 0, 7, 54, 1 ]
    }, {
      "vertices" : [ 15, 16, 17, 18 ]
    }, {
      "vertices" : [ 3, 19, 22, 23, 4 ]
    }, {
      "vertices" : [ 7, 10, 54 ]
    }, {
      "vertices" : [ 41, 45, 58, 55 ]
    }, {
      "vertices" : [ 3, 39, 11, 19 ]
    }, {
      "vertices" : [ 14, 17, 22, 19 ]
    }, {
      "vertices" : [ 0, 2, 53, 21 ]
    }, {
      "vertices" : [ 49, 51, 52, 53 ]
    }, {
      "vertices" : [ 31, 43, 42, 59, 32 ]
    }, {
      "vertices" : [ 15, 18, 50 ]
    }, {
      "vertices" : [ 42, 55, 56, 59 ]
    }, {
      "vertices" : [ 4, 23, 29, 30 ]
    }, {
      "vertices" : [ 25, 38, 26 ]
    }, {
      "vertices" : [ 13, 28, 18, 17, 14 ]
    }, {
      "vertices" : [ 8, 20, 31, 32 ]
    }, {
      "vertices" : [ 23, 44, 29 ]
    }, {
      "vertices" : [ 24, 27, 46 ]
    }, {
      "vertices" : [ 37, 48, 52, 51, 38 ]
    }, {
      "vertices" : [ 20, 48, 31 ]
    }, {
      "vertices" : [ 24, 25, 26, 27 ]
    }, {
      "vertices" : [ 16, 44, 23, 22 ]
    }, {
      "vertices" : [ 13, 34, 35, 28 ]
    }, {
      "vertices" : [ 10, 34, 12, 54 ]
    }, {
      "vertices" : [ 2, 6, 5, 49, 53 ]
    }, {
      "vertices" : [ 36, 43, 37 ]
    }, {
      "vertices" : [ 5, 30, 33, 49 ]
    }, {
      "vertices" : [ 1, 54, 12, 11, 39 ]
    }, {
      "vertices" : [ 28, 35, 57 ]
    }, {
      "vertices" : [ 21, 53, 52 ]
    } ]
  }, {
    "id" : "22c35dc1-cebf-4ee2-b9e1-ff16861515f5",
    "orbit" : "red",
    "orbitC" : "[[-1,1,1],[0,0,1]]",
    "length" : "[\"-1\",\"1\",\"1\"]",
    "name" : "r0",
    "vertices" : [ {
      "x" : 1.309017,
      "y" : 0.927051,
      "z" : 0.309017
    }, {
      "x" : 2.927051,
      "y" : 1.690983,
      "z" : 0.309017
    }, {
      "x" : 2.736068,
      "y" : 2.0,
      "z" : 0.19098301
    }, {
      "x" : 0.809017,
      "y" : 0.618034,
      "z" : -0.309017
    }, {
      "x" : 0.690983,
      "y" : 0.809017,
      "z" : 0.0
    }, {
      "x" : 1.190983,
      "y" : 1.118034,
      "z" : 0.0
    }, {
      "x" : 1.309017,
      "y" : 0.927051,
      "z" : -0.309017
    }, {
      "x" : 3.427051,
      "y" : 2.0,
      "z" : 0.309017
    }, {
      "x" : 1.5,
      "y" : 0.618034,
      "z" : 0.19098301
    }, {
      "x" : 1.5,
      "y" : 0.618034,
      "z" : -0.19098301
    }, {
      "x" : 3.045085,
      "y" : 1.5,
      "z" : 0.0
    }, {
      "x" : 2.927051,
      "y" : 1.690983,
      "z" : -0.309017
    }, {
      "x" : 3.545085,
      "y" : 1.809017,
      "z" : 0.0
    }, {
      "x" : 1.0,
      "y" : 0.309017,
      "z" : 0.19098301
    }, {
      "x" : 1.0,
      "y" : 0.309017,
      "z" : -0.19098301
    }, {
      "x" : 0.809017,
      "y" : 0.618034,
      "z" : 0.309017
    }, {
      "x" : 3.236068,
      "y" : 2.309017,
      "z" : 0.19098301
    }, {
      "x" : 3.427051,
      "y" : 2.0,
      "z" : -0.309017
    }, {
      "x" : 3.236068,
      "y" : 2.309017,
      "z" : -0.19098301
    }, {
      "x" : 4.236068,
      "y" : 2.618034,
      "z" : 0.0
    }, {
      "x" : 2.736068,
      "y" : 2.0,
      "z" : -0.19098301
    } ],
    "faces" : [ {
      "vertices" : [ 3, 6, 9, 14 ]
    }, {
      "vertices" : [ 11, 20, 18, 17 ]
    }, {
      "vertices" : [ 0, 1, 2 ]
    }, {
      "vertices" : [ 0, 15, 13, 8 ]
    }, {
      "vertices" : [ 6, 20, 11 ]
    }, {
      "vertices" : [ 0, 2, 5 ]
    }, {
      "vertices" : [ 0, 8, 1 ]
    }, {
      "vertices" : [ 8, 13, 14, 9 ]
    }, {
      "vertices" : [ 3, 4, 5, 6 ]
    }, {
      "vertices" : [ 10, 11, 17, 12 ]
    }, {
      "vertices" : [ 1, 8, 10 ]
    }, {
      "vertices" : [ 0, 5, 4, 15 ]
    }, {
      "vertices" : [ 2, 16, 18, 20 ]
    }, {
      "vertices" : [ 1, 7, 16, 2 ]
    }, {
      "vertices" : [ 6, 11, 9 ]
    }, {
      "vertices" : [ 8, 9, 10 ]
    }, {
      "vertices" : [ 2, 20, 5 ]
    }, {
      "vertices" : [ 9, 11, 10 ]
    }, {
      "vertices" : [ 1, 10, 12, 7 ]
    }, {
      "vertices" : [ 5, 20, 6 ]
    } ]
  }, {
    "id" : "2e8ca359-9c71-44c4-bb39-0b20fcb63bd4",
    "orbit" : "brown",
    "orbitC" : "[[2,-1,3],[5,-3,3]]",
    "length" : "[\"0\",\"2\",\"3\"]",
    "name" : " :2/3*phi",
    "vertices" : [ {
      "x" : 2.5150282,
      "y" : 2.6330624,
      "z" : 4.648091
    }, {
      "x" : 2.3240454,
      "y" : 1.8240453,
      "z" : 4.0300565
    }, {
      "x" : 0.5,
      "y" : 1.0,
      "z" : 1.618034
    }, {
      "x" : 0.809017,
      "y" : 1.118034,
      "z" : 1.427051
    }, {
      "x" : 0.309017,
      "y" : 0.809017,
      "z" : 0.618034
    }, {
      "x" : 0.0,
      "y" : 0.690983,
      "z" : 0.809017
    }, {
      "x" : 2.0150282,
      "y" : 1.7060113,
      "z" : 4.22104
    }, {
      "x" : 2.5150282,
      "y" : 2.0150282,
      "z" : 5.0300565
    }, {
      "x" : 1.7060113,
      "y" : 2.2060113,
      "z" : 4.0300565
    }, {
      "x" : 0.309017,
      "y" : 0.19098301,
      "z" : 1.0
    }, {
      "x" : 0.618034,
      "y" : 0.309017,
      "z" : 0.809017
    }, {
      "x" : 1.118034,
      "y" : 0.618034,
      "z" : 1.618034
    }, {
      "x" : 0.809017,
      "y" : 0.5,
      "z" : 1.809017
    }, {
      "x" : 2.2060113,
      "y" : 2.5150282,
      "z" : 4.8390737
    }, {
      "x" : 2.0150282,
      "y" : 2.3240454,
      "z" : 3.8390737
    }, {
      "x" : 2.8240454,
      "y" : 2.1330624,
      "z" : 4.8390737
    }, {
      "x" : 2.8240454,
      "y" : 2.8240454,
      "z" : 5.648091
    } ],
    "faces" : [ {
      "vertices" : [ 6, 7, 13, 8 ]
    }, {
      "vertices" : [ 0, 14, 8, 13 ]
    }, {
      "vertices" : [ 9, 10, 11, 12 ]
    }, {
      "vertices" : [ 2, 8, 14, 3 ]
    }, {
      "vertices" : [ 3, 11, 10, 4 ]
    }, {
      "vertices" : [ 2, 5, 9, 12 ]
    }, {
      "vertices" : [ 2, 12, 6, 8 ]
    }, {
      "vertices" : [ 1, 11, 3, 14 ]
    }, {
      "vertices" : [ 1, 15, 7, 6 ]
    }, {
      "vertices" : [ 2, 3, 4, 5 ]
    }, {
      "vertices" : [ 0, 15, 1, 14 ]
    }, {
      "vertices" : [ 1, 6, 12, 11 ]
    } ]
  }, {
    "id" : "006cf2f3-f713-40d1-b65b-e380ca418d07",
    "orbit" : "purple",
    "orbitC" : "[[2,-1,1],[0,0,1]]",
    "length" : "[\"2\",\"0\",\"1\"]",
    "name" : " :2",
    "vertices" : [ {
      "x" : 0.690983,
      "y" : 0.809017,
      "z" : 0.0
    }, {
      "x" : 0.809017,
      "y" : 0.618034,
      "z" : -0.309017
    }, {
      "x" : 0.809017,
      "y" : 0.618034,
      "z" : 0.309017
    }, {
      "x" : 1.0,
      "y" : 0.309017,
      "z" : -0.19098301
    }, {
      "x" : 1.0,
      "y" : 0.309017,
      "z" : 0.19098301
    }, {
      "x" : 1.618034,
      "y" : 0.42705098,
      "z" : -0.309017
    }, {
      "x" : 1.618034,
      "y" : 0.42705098,
      "z" : 0.309017
    }, {
      "x" : 1.618034,
      "y" : 0.809017,
      "z" : -0.309017
    }, {
      "x" : 1.618034,
      "y" : 0.809017,
      "z" : 0.309017
    }, {
      "x" : 12.09017,
      "y" : 4.427051,
      "z" : -0.309017
    }, {
      "x" : 12.09017,
      "y" : 4.427051,
      "z" : 0.309017
    }, {
      "x" : 12.09017,
      "y" : 4.809017,
      "z" : -0.309017
    }, {
      "x" : 12.09017,
      "y" : 4.809017,
      "z" : 0.309017
    }, {
      "x" : 12.708204,
      "y" : 4.927051,
      "z" : -0.19098301
    }, {
      "x" : 12.708204,
      "y" : 4.927051,
      "z" : 0.19098301
    }, {
      "x" : 12.899187,
      "y" : 4.618034,
      "z" : -0.309017
    }, {
      "x" : 12.899187,
      "y" : 4.618034,
      "z" : 0.309017
    }, {
      "x" : 13.0172205,
      "y" : 4.427051,
      "z" : 0.0
    }, {
      "x" : 13.708204,
      "y" : 5.236068,
      "z" : 0.0
    } ],
    "faces" : [ {
      "vertices" : [ 5, 7, 11, 9 ]
    }, {
      "vertices" : [ 9, 11, 15 ]
    }, {
      "vertices" : [ 9, 17, 10 ]
    }, {
      "vertices" : [ 6, 10, 12, 8 ]
    }, {
      "vertices" : [ 10, 16, 12 ]
    }, {
      "vertices" : [ 7, 8, 12, 11 ]
    }, {
      "vertices" : [ 11, 13, 15 ]
    }, {
      "vertices" : [ 0, 7, 1 ]
    }, {
      "vertices" : [ 1, 5, 3 ]
    }, {
      "vertices" : [ 9, 15, 17 ]
    }, {
      "vertices" : [ 0, 2, 8 ]
    }, {
      "vertices" : [ 12, 16, 14 ]
    }, {
      "vertices" : [ 0, 1, 3, 4, 2 ]
    }, {
      "vertices" : [ 10, 17, 16 ]
    }, {
      "vertices" : [ 13, 14, 16, 17, 15 ]
    }, {
      "vertices" : [ 2, 4, 6 ]
    }, {
      "vertices" : [ 1, 7, 5 ]
    }, {
      "vertices" : [ 0, 8, 7 ]
    }, {
      "vertices" : [ 2, 6, 8 ]
    }, {
      "vertices" : [ 3, 5, 6, 4 ]
    }, {
      "vertices" : [ 11, 12, 14, 13 ]
    }, {
      "vertices" : [ 5, 9, 10, 6 ]
    } ]
  }, {
    "id" : "951dd9da-4e57-4961-b3d8-7209f67488a3",
    "orbit" : "blue",
    "orbitC" : "[[0,0,1],[0,0,1]]",
    "length" : "[\"-1\",\"1\",\"1\"]",
    "name" : "b0",
    "vertices" : [ {
      "x" : 4.236068,
      "y" : 0.309017,
      "z" : 0.19098301
    }, {
      "x" : 4.236068,
      "y" : 0.309017,
      "z" : -0.19098301
    }, {
      "x" : 1.0,
      "y" : 0.309017,
      "z" : -0.19098301
    }, {
      "x" : 1.0,
      "y" : 0.309017,
      "z" : 0.19098301
    }, {
      "x" : 4.236068,
      "y" : -0.309017,
      "z" : 0.19098301
    }, {
      "x" : 1.0,
      "y" : -0.309017,
      "z" : 0.19098301
    }, {
      "x" : 1.0,
      "y" : -0.309017,
      "z" : -0.19098301
    }, {
      "x" : 4.236068,
      "y" : -0.309017,
      "z" : -0.19098301
    }, {
      "x" : 5.236068,
      "y" : 0.0,
      "z" : 0.0
    } ],
    "faces" : [ {
      "vertices" : [ 1, 7, 6, 2 ]
    }, {
      "vertices" : [ 0, 1, 2, 3 ]
    }, {
      "vertices" : [ 4, 5, 6, 7 ]
    }, {
      "vertices" : [ 0, 3, 5, 4 ]
    } ]
  } ],
  "instances" : [ {
    "shape" : "5e0f3e79-377f-4642-83ad-bff32cc663d4",
    "color" : "#00993F",
    "position" : {
      "x" : 0.0,
      "y" : 0.0,
      "z" : 0.0
    },
    "orientation" : 0
  }, {
    "shape" : "6beaa093-bcd5-4cc6-b11d-94da7111854e",
    "color" : "#008EC2",
    "position" : {
      "x" : 15.326238,
      "y" : -24.798374,
      "z" : 9.472136
    },
    "orientation" : 0
  }, {
    "shape" : "6beaa093-bcd5-4cc6-b11d-94da7111854e",
    "color" : "#008EC2",
    "position" : {
      "x" : 0.0,
      "y" : 0.0,
      "z" : 0.0
    },
    "orientation" : 55
  }, {
    "shape" : "74110e85-6322-4302-b20c-08eef211b4a2",
    "color" : "#F2F2F2",
    "position" : {
      "x" : -6.236068,
      "y" : 29.034441,
      "z" : -11.09017
    }
  }, {
    "shape" : "22c35dc1-cebf-4ee2-b9e1-ff16861515f5",
    "color" : "#D91218",
    "position" : {
      "x" : 15.326238,
      "y" : -38.506577,
      "z" : 14.708204
    },
    "orientation" : 30
  }, {
    "shape" : "74110e85-6322-4302-b20c-08eef211b4a2",
    "color" : "#F2F2F2",
    "position" : {
      "x" : 6.854102,
      "y" : -43.742645,
      "z" : 14.708204
    }
  }, {
    "shape" : "2e8ca359-9c71-44c4-bb39-0b20fcb63bd4",
    "color" : "#6B351A",
    "position" : {
      "x" : -2.618034,
      "y" : 5.981424,
      "z" : -2.2847006
    },
    "orientation" : 19
  }, {
    "shape" : "5e0f3e79-377f-4642-83ad-bff32cc663d4",
    "color" : "#00993F",
    "position" : {
      "x" : -9.472136,
      "y" : 6.854102,
      "z" : -2.618034
    },
    "orientation" : 46
  }, {
    "shape" : "74110e85-6322-4302-b20c-08eef211b4a2",
    "color" : "#F2F2F2",
    "position" : {
      "x" : 2.618034,
      "y" : -17.944271,
      "z" : 6.854102
    }
  }, {
    "shape" : "74110e85-6322-4302-b20c-08eef211b4a2",
    "color" : "#F2F2F2",
    "position" : {
      "x" : -17.326239,
      "y" : 24.798374,
      "z" : -9.472136
    }
  }, {
    "shape" : "006cf2f3-f713-40d1-b65b-e380ca418d07",
    "color" : "#7D36D3",
    "position" : {
      "x" : 2.618034,
      "y" : -45.36068,
      "z" : 17.326239
    },
    "orientation" : 3
  }, {
    "shape" : "006cf2f3-f713-40d1-b65b-e380ca418d07",
    "color" : "#7D36D3",
    "position" : {
      "x" : 15.326238,
      "y" : -38.506577,
      "z" : 14.708204
    },
    "orientation" : 46
  }, {
    "shape" : "74110e85-6322-4302-b20c-08eef211b4a2",
    "color" : "#F2F2F2",
    "position" : {
      "x" : -18.562305,
      "y" : -11.09017,
      "z" : 4.236068
    }
  }, {
    "shape" : "6beaa093-bcd5-4cc6-b11d-94da7111854e",
    "color" : "#008EC2",
    "position" : {
      "x" : -10.09017,
      "y" : -38.506577,
      "z" : 14.708204
    },
    "orientation" : 0
  }, {
    "shape" : "6beaa093-bcd5-4cc6-b11d-94da7111854e",
    "color" : "#008EC2",
    "position" : {
      "x" : -1.618034,
      "y" : -38.506577,
      "z" : 14.708204
    },
    "orientation" : 21
  }, {
    "shape" : "74110e85-6322-4302-b20c-08eef211b4a2",
    "color" : "#F2F2F2",
    "position" : {
      "x" : -2.618034,
      "y" : 4.236068,
      "z" : -6.854102
    }
  }, {
    "shape" : "006cf2f3-f713-40d1-b65b-e380ca418d07",
    "color" : "#7D36D3",
    "position" : {
      "x" : 15.326238,
      "y" : -11.09017,
      "z" : 4.236068
    },
    "orientation" : 42
  }, {
    "shape" : "74110e85-6322-4302-b20c-08eef211b4a2",
    "color" : "#F2F2F2",
    "position" : {
      "x" : 11.09017,
      "y" : -41.12461,
      "z" : 14.708204
    }
  }, {
    "shape" : "74110e85-6322-4302-b20c-08eef211b4a2",
    "color" : "#F2F2F2",
    "position" : {
      "x" : 14.326238,
      "y" : 26.416409,
      "z" : -10.09017
    }
  }, {
    "shape" : "74110e85-6322-4302-b20c-08eef211b4a2",
    "color" : "#F2F2F2",
    "position" : {
      "x" : 28.034441,
      "y" : -17.944271,
      "z" : 6.854102
    }
  }, {
    "shape" : "951dd9da-4e57-4961-b3d8-7209f67488a3",
    "color" : "#008EC2",
    "position" : {
      "x" : 6.854102,
      "y" : -43.742645,
      "z" : 14.708204
    },
    "orientation" : 41
  }, {
    "shape" : "5e0f3e79-377f-4642-83ad-bff32cc663d4",
    "color" : "#00993F",
    "position" : {
      "x" : -7.854102,
      "y" : 17.944271,
      "z" : -6.854102
    },
    "orientation" : 54
  }, {
    "shape" : "2e8ca359-9c71-44c4-bb39-0b20fcb63bd4",
    "color" : "#6B351A",
    "position" : {
      "x" : -6.236068,
      "y" : 29.034441,
      "z" : -11.09017
    },
    "orientation" : 59
  }, {
    "shape" : "74110e85-6322-4302-b20c-08eef211b4a2",
    "color" : "#F2F2F2",
    "position" : {
      "x" : 2.618034,
      "y" : -45.36068,
      "z" : 17.326239
    }
  }, {
    "shape" : "2e8ca359-9c71-44c4-bb39-0b20fcb63bd4",
    "color" : "#6B351A",
    "position" : {
      "x" : 0.618034,
      "y" : 28.161764,
      "z" : -10.756837
    },
    "orientation" : 19
  }, {
    "shape" : "74110e85-6322-4302-b20c-08eef211b4a2",
    "color" : "#F2F2F2",
    "position" : {
      "x" : 23.798374,
      "y" : -24.798374,
      "z" : 9.472136
    }
  }, {
    "shape" : "74110e85-6322-4302-b20c-08eef211b4a2",
    "color" : "#F2F2F2",
    "position" : {
      "x" : 15.326238,
      "y" : -38.506577,
      "z" : 14.708204
    }
  }, {
    "shape" : "22c35dc1-cebf-4ee2-b9e1-ff16861515f5",
    "color" : "#D91218",
    "position" : {
      "x" : 11.09017,
      "y" : -41.12461,
      "z" : 14.708204
    },
    "orientation" : 30
  }, {
    "shape" : "74110e85-6322-4302-b20c-08eef211b4a2",
    "color" : "#F2F2F2",
    "position" : {
      "x" : 11.09017,
      "y" : 4.236068,
      "z" : -1.618034
    }
  }, {
    "shape" : "74110e85-6322-4302-b20c-08eef211b4a2",
    "color" : "#F2F2F2",
    "position" : {
      "x" : 23.798374,
      "y" : 19.562305,
      "z" : -7.472136
    }
  }, {
    "shape" : "74110e85-6322-4302-b20c-08eef211b4a2",
    "color" : "#F2F2F2",
    "position" : {
      "x" : 19.562305,
      "y" : 14.45356,
      "z" : -5.5207686
    }
  }, {
    "shape" : "74110e85-6322-4302-b20c-08eef211b4a2",
    "color" : "#F2F2F2",
    "position" : {
      "x" : 3.236068,
      "y" : 22.18034,
      "z" : -8.472136
    }
  }, {
    "shape" : "006cf2f3-f713-40d1-b65b-e380ca418d07",
    "color" : "#7D36D3",
    "position" : {
      "x" : -10.09017,
      "y" : -24.798374,
      "z" : 9.472136
    },
    "orientation" : 57
  }, {
    "shape" : "74110e85-6322-4302-b20c-08eef211b4a2",
    "color" : "#F2F2F2",
    "position" : {
      "x" : -10.09017,
      "y" : -38.506577,
      "z" : 14.708204
    }
  }, {
    "shape" : "6beaa093-bcd5-4cc6-b11d-94da7111854e",
    "color" : "#008EC2",
    "position" : {
      "x" : -2.618034,
      "y" : 4.236068,
      "z" : -6.854102
    },
    "orientation" : 38
  }, {
    "shape" : "74110e85-6322-4302-b20c-08eef211b4a2",
    "color" : "#F2F2F2",
    "position" : {
      "x" : 0.618034,
      "y" : 28.161764,
      "z" : -10.756837
    }
  }, {
    "shape" : "74110e85-6322-4302-b20c-08eef211b4a2",
    "color" : "#F2F2F2",
    "position" : {
      "x" : -13.09017,
      "y" : 29.90712,
      "z" : -11.423503
    }
  }, {
    "shape" : "5e0f3e79-377f-4642-83ad-bff32cc663d4",
    "color" : "#00993F",
    "position" : {
      "x" : 14.326238,
      "y" : 26.416409,
      "z" : -10.09017
    },
    "orientation" : 42
  }, {
    "shape" : "6beaa093-bcd5-4cc6-b11d-94da7111854e",
    "color" : "#008EC2",
    "position" : {
      "x" : -1.618034,
      "y" : -11.09017,
      "z" : 4.236068
    },
    "orientation" : 45
  }, {
    "shape" : "74110e85-6322-4302-b20c-08eef211b4a2",
    "color" : "#F2F2F2",
    "position" : {
      "x" : -10.09017,
      "y" : -24.798374,
      "z" : 9.472136
    }
  }, {
    "shape" : "5e0f3e79-377f-4642-83ad-bff32cc663d4",
    "color" : "#00993F",
    "position" : {
      "x" : 11.09017,
      "y" : 4.236068,
      "z" : -1.618034
    },
    "orientation" : 46
  }, {
    "shape" : "74110e85-6322-4302-b20c-08eef211b4a2",
    "color" : "#F2F2F2",
    "position" : {
      "x" : -2.618034,
      "y" : 5.981424,
      "z" : -2.2847006
    }
  }, {
    "shape" : "2e8ca359-9c71-44c4-bb39-0b20fcb63bd4",
    "color" : "#6B351A",
    "position" : {
      "x" : -17.326239,
      "y" : 24.798374,
      "z" : -9.472136
    },
    "orientation" : 26
  }, {
    "shape" : "74110e85-6322-4302-b20c-08eef211b4a2",
    "color" : "#F2F2F2",
    "position" : {
      "x" : -10.09017,
      "y" : -11.09017,
      "z" : 4.236068
    }
  }, {
    "shape" : "74110e85-6322-4302-b20c-08eef211b4a2",
    "color" : "#F2F2F2",
    "position" : {
      "x" : 0.0,
      "y" : 0.0,
      "z" : 0.0
    }
  }, {
    "shape" : "2e8ca359-9c71-44c4-bb39-0b20fcb63bd4",
    "color" : "#6B351A",
    "position" : {
      "x" : 19.562305,
      "y" : 14.45356,
      "z" : -5.5207686
    },
    "orientation" : 26
  }, {
    "shape" : "74110e85-6322-4302-b20c-08eef211b4a2",
    "color" : "#F2F2F2",
    "position" : {
      "x" : -1.618034,
      "y" : -11.09017,
      "z" : 4.236068
    }
  }, {
    "shape" : "6beaa093-bcd5-4cc6-b11d-94da7111854e",
    "color" : "#008EC2",
    "position" : {
      "x" : -10.09017,
      "y" : -11.09017,
      "z" : 4.236068
    },
    "orientation" : 45
  }, {
    "shape" : "2e8ca359-9c71-44c4-bb39-0b20fcb63bd4",
    "color" : "#6B351A",
    "position" : {
      "x" : 19.562305,
      "y" : 14.45356,
      "z" : -5.5207686
    },
    "orientation" : 59
  }, {
    "shape" : "2e8ca359-9c71-44c4-bb39-0b20fcb63bd4",
    "color" : "#6B351A",
    "position" : {
      "x" : -2.618034,
      "y" : 5.981424,
      "z" : -2.2847006
    },
    "orientation" : 59
  }, {
    "shape" : "6beaa093-bcd5-4cc6-b11d-94da7111854e",
    "color" : "#008EC2",
    "position" : {
      "x" : -18.562305,
      "y" : -11.09017,
      "z" : 4.236068
    },
    "orientation" : 39
  }, {
    "shape" : "6beaa093-bcd5-4cc6-b11d-94da7111854e",
    "color" : "#008EC2",
    "position" : {
      "x" : -1.618034,
      "y" : -11.09017,
      "z" : 4.236068
    },
    "orientation" : 21
  }, {
    "shape" : "74110e85-6322-4302-b20c-08eef211b4a2",
    "color" : "#F2F2F2",
    "position" : {
      "x" : 12.708204,
      "y" : 15.326238,
      "z" : -5.854102
    }
  }, {
    "shape" : "74110e85-6322-4302-b20c-08eef211b4a2",
    "color" : "#F2F2F2",
    "position" : {
      "x" : 15.326238,
      "y" : -11.09017,
      "z" : 4.236068
    }
  }, {
    "shape" : "74110e85-6322-4302-b20c-08eef211b4a2",
    "color" : "#F2F2F2",
    "position" : {
      "x" : -22.798374,
      "y" : -17.944271,
      "z" : 6.854102
    }
  }, {
    "shape" : "006cf2f3-f713-40d1-b65b-e380ca418d07",
    "color" : "#7D36D3",
    "position" : {
      "x" : 28.034441,
      "y" : -17.944271,
      "z" : 6.854102
    },
    "orientation" : 57
  }, {
    "shape" : "2e8ca359-9c71-44c4-bb39-0b20fcb63bd4",
    "color" : "#6B351A",
    "position" : {
      "x" : 0.618034,
      "y" : 28.161764,
      "z" : -10.756837
    },
    "orientation" : 59
  }, {
    "shape" : "6beaa093-bcd5-4cc6-b11d-94da7111854e",
    "color" : "#008EC2",
    "position" : {
      "x" : 23.798374,
      "y" : -24.798374,
      "z" : 9.472136
    },
    "orientation" : 6
  }, {
    "shape" : "5e0f3e79-377f-4642-83ad-bff32cc663d4",
    "color" : "#00993F",
    "position" : {
      "x" : 14.326238,
      "y" : 26.416409,
      "z" : -10.09017
    },
