{
  "polygons" : "true",
  "field" : "golden",
  "symmetry" : "icosahedral",
  "orientations" : [ [ 1.0, 0.0, 0.0, 0.0, 0.0, 1.0, 0.0, 0.0, 0.0, 0.0, 1.0, 0.0, 0.0, 0.0, 0.0, 1.0 ], [ 0.0, 0.0, 1.0, 0.0, 1.0, 0.0, 0.0, 0.0, 0.0, 1.0, 0.0, 0.0, 0.0, 0.0, 0.0, 1.0 ], [ 0.0, 1.0, 0.0, 0.0, 0.0, 0.0, 1.0, 0.0, 1.0, 0.0, 0.0, 0.0, 0.0, 0.0, 0.0, 1.0 ], [ 0.809017, 0.309017, 0.5, 0.0, 0.309017, 0.5, -0.809017, 0.0, -0.5, 0.809017, 0.309017, 0.0, 0.0, 0.0, 0.0, 1.0 ], [ -0.5, 0.809017, 0.309017, 0.0, 0.809017, 0.309017, 0.5, 0.0, 0.309017, 0.5, -0.809017, 0.0, 0.0, 0.0, 0.0, 1.0 ], [ 0.309017, 0.5, -0.809017, 0.0, -0.5, 0.809017, 0.309017, 0.0, 0.809017, 0.309017, 0.5, 0.0, 0.0, 0.0, 0.0, 1.0 ], [ 0.5, 0.809017, 0.309017, 0.0, 0.809017, -0.309017, -0.5, 0.0, -0.309017, 0.5, -0.809017, 0.0, 0.0, 0.0, 0.0, 1.0 ], [ -0.309017, 0.5, -0.809017, 0.0, 0.5, 0.809017, 0.309017, 0.0, 0.809017, -0.309017, -0.5, 0.0, 0.0, 0.0, 0.0, 1.0 ], [ 0.809017, -0.309017, -0.5, 0.0, -0.309017, 0.5, -0.809017, 0.0, 0.5, 0.809017, 0.309017, 0.0, 0.0, 0.0, 0.0, 1.0 ], [ 0.5, 0.809017, -0.309017, 0.0, 0.809017, -0.309017, 0.5, 0.0, 0.309017, -0.5, -0.809017, 0.0, 0.0, 0.0, 0.0, 1.0 ], [ 0.309017, -0.5, -0.809017, 0.0, 0.5, 0.809017, -0.309017, 0.0, 0.809017, -0.309017, 0.5, 0.0, 0.0, 0.0, 0.0, 1.0 ], [ 0.809017, -0.309017, 0.5, 0.0, 0.309017, -0.5, -0.809017, 0.0, 0.5, 0.809017, -0.309017, 0.0, 0.0, 0.0, 0.0, 1.0 ], [ 0.809017, 0.309017, -0.5, 0.0, 0.309017, 0.5, 0.809017, 0.0, 0.5, -0.809017, 0.309017, 0.0, 0.0, 0.0, 0.0, 1.0 ], [ 0.5, -0.809017, 0.309017, 0.0, 0.809017, 0.309017, -0.5, 0.0, 0.309017, 0.5, 0.809017, 0.0, 0.0, 0.0, 0.0, 1.0 ], [ 0.309017, 0.5, 0.809017, 0.0, 0.5, -0.809017, 0.309017, 0.0, 0.809017, 0.309017, -0.5, 0.0, 0.0, 0.0, 0.0, 1.0 ], [ 1.0, 0.0, 0.0, 0.0, 0.0, -1.0, 0.0, 0.0, 0.0, 0.0, -1.0, 0.0, 0.0, 0.0, 0.0, 1.0 ], [ 0.0, 0.0, 1.0, 0.0, -1.0, 0.0, 0.0, 0.0, 0.0, -1.0, 0.0, 0.0, 0.0, 0.0, 0.0, 1.0 ], [ 0.0, 1.0, 0.0, 0.0, 0.0, 0.0, -1.0, 0.0, -1.0, 0.0, 0.0, 0.0, 0.0, 0.0, 0.0, 1.0 ], [ 0.809017, 0.309017, 0.5, 0.0, -0.309017, -0.5, 0.809017, 0.0, 0.5, -0.809017, -0.309017, 0.0, 0.0, 0.0, 0.0, 1.0 ], [ -0.5, 0.809017, 0.309017, 0.0, -0.809017, -0.309017, -0.5, 0.0, -0.309017, -0.5, 0.809017, 0.0, 0.0, 0.0, 0.0, 1.0 ], [ 0.309017, 0.5, -0.809017, 0.0, 0.5, -0.809017, -0.309017, 0.0, -0.809017, -0.309017, -0.5, 0.0, 0.0, 0.0, 0.0, 1.0 ], [ 0.5, 0.809017, 0.309017, 0.0, -0.809017, 0.309017, 0.5, 0.0, 0.309017, -0.5, 0.809017, 0.0, 0.0, 0.0, 0.0, 1.0 ], [ -0.309017, 0.5, -0.809017, 0.0, -0.5, -0.809017, -0.309017, 0.0, -0.809017, 0.309017, 0.5, 0.0, 0.0, 0.0, 0.0, 1.0 ], [ 0.809017, -0.309017, -0.5, 0.0, 0.309017, -0.5, 0.809017, 0.0, -0.5, -0.809017, -0.309017, 0.0, 0.0, 0.0, 0.0, 1.0 ], [ 0.5, 0.809017, -0.309017, 0.0, -0.809017, 0.309017, -0.5, 0.0, -0.309017, 0.5, 0.809017, 0.0, 0.0, 0.0, 0.0, 1.0 ], [ 0.309017, -0.5, -0.809017, 0.0, -0.5, -0.809017, 0.309017, 0.0, -0.809017, 0.309017, -0.5, 0.0, 0.0, 0.0, 0.0, 1.0 ], [ 0.809017, -0.309017, 0.5, 0.0, -0.309017, 0.5, 0.809017, 0.0, -0.5, -0.809017, 0.309017, 0.0, 0.0, 0.0, 0.0, 1.0 ], [ 0.809017, 0.309017, -0.5, 0.0, -0.309017, -0.5, -0.809017, 0.0, -0.5, 0.809017, -0.309017, 0.0, 0.0, 0.0, 0.0, 1.0 ], [ 0.5, -0.809017, 0.309017, 0.0, -0.809017, -0.309017, 0.5, 0.0, -0.309017, -0.5, -0.809017, 0.0, 0.0, 0.0, 0.0, 1.0 ], [ 0.309017, 0.5, 0.809017, 0.0, -0.5, 0.809017, -0.309017, 0.0, -0.809017, -0.309017, 0.5, 0.0, 0.0, 0.0, 0.0, 1.0 ], [ -1.0, 0.0, 0.0, 0.0, 0.0, -1.0, 0.0, 0.0, 0.0, 0.0, 1.0, 0.0, 0.0, 0.0, 0.0, 1.0 ], [ 0.0, 0.0, -1.0, 0.0, -1.0, 0.0, 0.0, 0.0, 0.0, 1.0, 0.0, 0.0, 0.0, 0.0, 0.0, 1.0 ], [ 0.0, -1.0, 0.0, 0.0, 0.0, 0.0, -1.0, 0.0, 1.0, 0.0, 0.0, 0.0, 0.0, 0.0, 0.0, 1.0 ], [ -0.809017, -0.309017, -0.5, 0.0, -0.309017, -0.5, 0.809017, 0.0, -0.5, 0.809017, 0.309017, 0.0, 0.0, 0.0, 0.0, 1.0 ], [ 0.5, -0.809017, -0.309017, 0.0, -0.809017, -0.309017, -0.5, 0.0, 0.309017, 0.5, -0.809017, 0.0, 0.0, 0.0, 0.0, 1.0 ], [ -0.309017, -0.5, 0.809017, 0.0, 0.5, -0.809017, -0.309017, 0.0, 0.809017, 0.309017, 0.5, 0.0, 0.0, 0.0, 0.0, 1.0 ], [ -0.5, -0.809017, -0.309017, 0.0, -0.809017, 0.309017, 0.5, 0.0, -0.309017, 0.5, -0.809017, 0.0, 0.0, 0.0, 0.0, 1.0 ], [ 0.309017, -0.5, 0.809017, 0.0, -0.5, -0.809017, -0.309017, 0.0, 0.809017, -0.309017, -0.5, 0.0, 0.0, 0.0, 0.0, 1.0 ], [ -0.809017, 0.309017, 0.5, 0.0, 0.309017, -0.5, 0.809017, 0.0, 0.5, 0.809017, 0.309017, 0.0, 0.0, 0.0, 0.0, 1.0 ], [ -0.5, -0.809017, 0.309017, 0.0, -0.809017, 0.309017, -0.5, 0.0, 0.309017, -0.5, -0.809017, 0.0, 0.0, 0.0, 0.0, 1.0 ], [ -0.309017, 0.5, 0.809017, 0.0, -0.5, -0.809017, 0.309017, 0.0, 0.809017, -0.309017, 0.5, 0.0, 0.0, 0.0, 0.0, 1.0 ], [ -0.809017, 0.309017, -0.5, 0.0, -0.309017, 0.5, 0.809017, 0.0, 0.5, 0.809017, -0.309017, 0.0, 0.0, 0.0, 0.0, 1.0 ], [ -0.809017, -0.309017, 0.5, 0.0, -0.309017, -0.5, -0.809017, 0.0, 0.5, -0.809017, 0.309017, 0.0, 0.0, 0.0, 0.0, 1.0 ], [ -0.5, 0.809017, -0.309017, 0.0, -0.809017, -0.309017, 0.5, 0.0, 0.309017, 0.5, 0.809017, 0.0, 0.0, 0.0, 0.0, 1.0 ], [ -0.309017, -0.5, -0.809017, 0.0, -0.5, 0.809017, -0.309017, 0.0, 0.809017, 0.309017, -0.5, 0.0, 0.0, 0.0, 0.0, 1.0 ], [ -1.0, 0.0, 0.0, 0.0, 0.0, 1.0, 0.0, 0.0, 0.0, 0.0, -1.0, 0.0, 0.0, 0.0, 0.0, 1.0 ], [ 0.0, 0.0, -1.0, 0.0, 1.0, 0.0, 0.0, 0.0, 0.0, -1.0, 0.0, 0.0, 0.0, 0.0, 0.0, 1.0 ], [ 0.0, -1.0, 0.0, 0.0, 0.0, 0.0, 1.0, 0.0, -1.0, 0.0, 0.0, 0.0, 0.0, 0.0, 0.0, 1.0 ], [ -0.809017, -0.309017, -0.5, 0.0, 0.309017, 0.5, -0.809017, 0.0, 0.5, -0.809017, -0.309017, 0.0, 0.0, 0.0, 0.0, 1.0 ], [ 0.5, -0.809017, -0.309017, 0.0, 0.809017, 0.309017, 0.5, 0.0, -0.309017, -0.5, 0.809017, 0.0, 0.0, 0.0, 0.0, 1.0 ], [ -0.309017, -0.5, 0.809017, 0.0, -0.5, 0.809017, 0.309017, 0.0, -0.809017, -0.309017, -0.5, 0.0, 0.0, 0.0, 0.0, 1.0 ], [ -0.5, -0.809017, -0.309017, 0.0, 0.809017, -0.309017, -0.5, 0.0, 0.309017, -0.5, 0.809017, 0.0, 0.0, 0.0, 0.0, 1.0 ], [ 0.309017, -0.5, 0.809017, 0.0, 0.5, 0.809017, 0.309017, 0.0, -0.809017, 0.309017, 0.5, 0.0, 0.0, 0.0, 0.0, 1.0 ], [ -0.809017, 0.309017, 0.5, 0.0, -0.309017, 0.5, -0.809017, 0.0, -0.5, -0.809017, -0.309017, 0.0, 0.0, 0.0, 0.0, 1.0 ], [ -0.5, -0.809017, 0.309017, 0.0, 0.809017, -0.309017, 0.5, 0.0, -0.309017, 0.5, 0.809017, 0.0, 0.0, 0.0, 0.0, 1.0 ], [ -0.309017, 0.5, 0.809017, 0.0, 0.5, 0.809017, -0.309017, 0.0, -0.809017, 0.309017, -0.5, 0.0, 0.0, 0.0, 0.0, 1.0 ], [ -0.809017, 0.309017, -0.5, 0.0, 0.309017, -0.5, -0.809017, 0.0, -0.5, -0.809017, 0.309017, 0.0, 0.0, 0.0, 0.0, 1.0 ], [ -0.809017, -0.309017, 0.5, 0.0, 0.309017, 0.5, 0.809017, 0.0, -0.5, 0.809017, -0.309017, 0.0, 0.0, 0.0, 0.0, 1.0 ], [ -0.5, 0.809017, -0.309017, 0.0, 0.809017, 0.309017, -0.5, 0.0, -0.309017, -0.5, -0.809017, 0.0, 0.0, 0.0, 0.0, 1.0 ], [ -0.309017, -0.5, -0.809017, 0.0, 0.5, -0.809017, 0.309017, 0.0, -0.809017, -0.309017, 0.5, 0.0, 0.0, 0.0, 0.0, 1.0 ] ],
  "lights" : {
    "directionalLights" : [ {
      "direction" : [ 1.0, -1.0, -1.0 ],
      "color" : "#EBEBE4"
    }, {
      "direction" : [ -1.0, 0.0, 0.0 ],
      "color" : "#E4E4EB"
    }, {
      "direction" : [ 0.0, 0.0, -1.0 ],
      "color" : "#1E1E1E"
    } ],
    "backgroundColor" : "#AFC8DC",
    "ambientColor" : "#292929"
  },
  "camera" : {
    "lookDirection" : {
      "x" : 0.040163822,
      "y" : -0.4185234,
      "z" : -0.9073103
    },
    "upDirection" : {
      "x" : 0.011285042,
      "y" : 0.9081579,
      "z" : -0.41842613
    },
    "lookAtPoint" : {
      "x" : 0.0,
      "y" : 0.0,
      "z" : 0.0
    },
    "stereo" : false,
    "position" : {
      "x" : -9.153084,
      "y" : 95.37886,
      "z" : 206.77034
    },
    "width" : 102.552185,
    "nearClipDistance" : 0.56973416,
    "perspective" : false,
    "fieldOfView" : 0.4426289,
    "farClipDistance" : 455.78726,
    "viewDistance" : 227.89374
  },
  "embedding" : [ 1.0, 0.0, 0.0, 0.0, 0.0, 1.0, 0.0, 0.0, 0.0, 0.0, 1.0, 0.0, 0.0, 0.0, 0.0, 1.0 ],
  "shapes" : [ {
    "id" : "4462de32-6dae-4bbc-992f-1fea10564f69",
    "orbit" : "2",
    "orbitC" : "[[-16,15,19],[7,-3,19]]",
    "length" : "[1,0,1]",
    "name" : "short",
    "vertices" : [ {
      "x" : 0.13333334,
      "y" : -3.9094458,
      "z" : 3.237086
    }, {
      "x" : -0.26666668,
      "y" : -4.0094457,
      "z" : 3.3370862
    }, {
      "x" : -0.13333334,
      "y" : -0.4539442,
      "z" : 0.6656485
    }, {
      "x" : 0.26666668,
      "y" : -0.3539442,
      "z" : 0.56564856
    }, {
      "x" : -0.13333334,
      "y" : -3.7761123,
      "z" : 3.6370862
    }, {
      "x" : 0.26666668,
      "y" : -3.6761124,
      "z" : 3.537086
    }, {
      "x" : 0.13333334,
      "y" : -0.58727753,
      "z" : 0.26564854
    }, {
      "x" : -0.26666668,
      "y" : -0.68727756,
      "z" : 0.36564854
    } ],
    "faces" : [ {
      "vertices" : [ 2, 3, 6, 7 ]
    }, {
      "vertices" : [ 0, 5, 4, 1 ]
    }, {
      "vertices" : [ 2, 4, 5, 3 ]
    }, {
      "vertices" : [ 0, 6, 3, 5 ]
    }, {
      "vertices" : [ 0, 1, 7, 6 ]
    }, {
      "vertices" : [ 1, 4, 2, 7 ]
    } ]
  }, {
    "id" : "80bede2e-09fc-4e92-a25a-8bca3c2b4bf4",
    "name" : "ball",
    "vertices" : [ {
      "x" : 0.309017,
      "y" : -0.809017,
      "z" : 0.618034
    }, {
      "x" : 0.809017,
      "y" : -0.618034,
      "z" : 0.309017
    }, {
      "x" : 0.618034,
      "y" : -0.309017,
      "z" : 0.809017
    }, {
      "x" : 1.0,
      "y" : 0.309017,
      "z" : 0.19098301
    }, {
      "x" : 0.809017,
      "y" : 0.618034,
      "z" : 0.309017
    }, {
      "x" : 0.618034,
      "y" : 0.309017,
      "z" : 0.809017
    }, {
      "x" : 0.809017,
      "y" : 0.0,
      "z" : 0.690983
    }, {
      "x" : 0.19098301,
      "y" : -1.0,
      "z" : 0.309017
    }, {
      "x" : -0.19098301,
      "y" : -1.0,
      "z" : 0.309017
    }, {
      "x" : -0.19098301,
      "y" : -1.0,
      "z" : -0.309017
    }, {
      "x" : 0.19098301,
      "y" : -1.0,
      "z" : -0.309017
    }, {
      "x" : 1.0,
      "y" : -0.309017,
      "z" : -0.19098301
    }, {
      "x" : 0.809017,
      "y" : -0.618034,
      "z" : -0.309017
    }, {
      "x" : 0.618034,
      "y" : -0.309017,
      "z" : -0.809017
    }, {
      "x" : 0.809017,
      "y" : 0.0,
      "z" : -0.690983
    }, {
      "x" : 0.0,
      "y" : 0.690983,
      "z" : -0.809017
    }, {
      "x" : 0.309017,
      "y" : 0.809017,
      "z" : -0.618034
    }, {
      "x" : 0.618034,
      "y" : 0.309017,
      "z" : -0.809017
    }, {
      "x" : 0.309017,
      "y" : 0.19098301,
      "z" : -1.0
    }, {
      "x" : 1.0,
      "y" : 0.309017,
      "z" : -0.19098301
    }, {
      "x" : -0.309017,
      "y" : -0.809017,
      "z" : 0.618034
    }, {
      "x" : 0.0,
      "y" : -0.690983,
      "z" : 0.809017
    }, {
      "x" : 0.809017,
      "y" : 0.618034,
      "z" : -0.309017
    }, {
      "x" : 0.690983,
      "y" : 0.809017,
      "z" : 0.0
    }, {
      "x" : -0.690983,
      "y" : 0.809017,
      "z" : 0.0
    }, {
      "x" : -0.809017,
      "y" : 0.618034,
      "z" : 0.309017
    }, {
      "x" : -0.309017,
      "y" : 0.809017,
      "z" : 0.618034
    }, {
      "x" : -0.19098301,
      "y" : 1.0,
      "z" : 0.309017
    }, {
      "x" : 0.309017,
      "y" : -0.19098301,
      "z" : -1.0
    }, {
      "x" : 0.19098301,
      "y" : 1.0,
      "z" : 0.309017
    }, {
      "x" : 0.309017,
      "y" : 0.809017,
      "z" : 0.618034
    }, {
      "x" : -0.809017,
      "y" : -0.618034,
      "z" : 0.309017
    }, {
      "x" : -0.690983,
      "y" : -0.809017,
      "z" : 0.0
    }, {
      "x" : 0.0,
      "y" : 0.690983,
      "z" : 0.809017
    }, {
      "x" : 0.309017,
      "y" : -0.809017,
      "z" : -0.618034
    }, {
      "x" : 0.0,
      "y" : -0.690983,
      "z" : -0.809017
    }, {
      "x" : -1.0,
      "y" : 0.309017,
      "z" : 0.19098301
    }, {
      "x" : -0.809017,
      "y" : 0.0,
      "z" : 0.690983
    }, {
      "x" : -0.618034,
      "y" : 0.309017,
      "z" : 0.809017
    }, {
      "x" : 1.0,
      "y" : -0.309017,
      "z" : 0.19098301
    }, {
      "x" : -0.309017,
      "y" : -0.809017,
      "z" : -0.618034
    }, {
      "x" : -1.0,
      "y" : 0.309017,
      "z" : -0.19098301
    }, {
      "x" : -1.0,
      "y" : -0.309017,
      "z" : -0.19098301
    }, {
      "x" : -1.0,
      "y" : -0.309017,
      "z" : 0.19098301
    }, {
      "x" : 0.19098301,
      "y" : 1.0,
      "z" : -0.309017
    }, {
      "x" : -0.809017,
      "y" : 0.618034,
      "z" : -0.309017
    }, {
      "x" : -0.19098301,
      "y" : 1.0,
      "z" : -0.309017
    }, {
      "x" : -0.309017,
      "y" : 0.809017,
      "z" : -0.618034
    }, {
      "x" : -0.618034,
      "y" : -0.309017,
      "z" : 0.809017
    }, {
      "x" : 0.309017,
      "y" : 0.19098301,
      "z" : 1.0
    }, {
      "x" : -0.309017,
      "y" : 0.19098301,
      "z" : -1.0
    }, {
      "x" : -0.309017,
      "y" : 0.19098301,
      "z" : 1.0
    }, {
      "x" : -0.309017,
      "y" : -0.19098301,
      "z" : 1.0
    }, {
      "x" : 0.309017,
      "y" : -0.19098301,
      "z" : 1.0
    }, {
      "x" : 0.690983,
      "y" : -0.809017,
      "z" : 0.0
    }, {
      "x" : -0.809017,
      "y" : 0.0,
      "z" : -0.690983
    }, {
      "x" : -0.618034,
      "y" : -0.309017,
      "z" : -0.809017
    }, {
      "x" : -0.309017,
      "y" : -0.19098301,
      "z" : -1.0
    }, {
      "x" : -0.618034,
      "y" : 0.309017,
      "z" : -0.809017
    }, {
      "x" : -0.809017,
      "y" : -0.618034,
      "z" : -0.309017
    } ],
    "faces" : [ {
      "vertices" : [ 9, 40, 35, 34, 10 ]
    }, {
      "vertices" : [ 0, 1, 2 ]
    }, {
      "vertices" : [ 33, 51, 49 ]
    }, {
      "vertices" : [ 25, 36, 37, 38 ]
    }, {
      "vertices" : [ 41, 55, 42 ]
    }, {
      "vertices" : [ 9, 32, 59, 40 ]
    }, {
      "vertices" : [ 20, 21, 52, 48 ]
    }, {
      "vertices" : [ 26, 33, 30, 29, 27 ]
    }, {
      "vertices" : [ 3, 4, 5, 6 ]
    }, {
      "vertices" : [ 27, 29, 44, 46 ]
    }, {
      "vertices" : [ 50, 57, 56, 55, 58 ]
    }, {
      "vertices" : [ 26, 38, 51, 33 ]
    }, {
      "vertices" : [ 45, 47, 58 ]
    }, {
      "vertices" : [ 18, 28, 57, 50 ]
    }, {
      "vertices" : [ 40, 59, 56 ]
    }, {
      "vertices" : [ 31, 48, 37, 43 ]
    }, {
      "vertices" : [ 7, 8, 9, 10 ]
    }, {
      "vertices" : [ 36, 41, 42, 43 ]
    }, {
      "vertices" : [ 24, 46, 47, 45 ]
    }, {
      "vertices" : [ 4, 30, 5 ]
    }, {
      "vertices" : [ 15, 47, 46, 44, 16 ]
    }, {
      "vertices" : [ 15, 50, 58, 47 ]
    }, {
      "vertices" : [ 24, 45, 41, 36, 25 ]
    }, {
      "vertices" : [ 11, 14, 19 ]
    }, {
      "vertices" : [ 3, 6, 39 ]
    }, {
      "vertices" : [ 1, 39, 6, 2 ]
    }, {
      "vertices" : [ 8, 32, 9 ]
    }, {
      "vertices" : [ 11, 12, 13, 14 ]
    }, {
      "vertices" : [ 16, 22, 17 ]
    }, {
      "vertices" : [ 0, 21, 20, 8, 7 ]
    }, {
      "vertices" : [ 12, 34, 13 ]
    }, {
      "vertices" : [ 35, 40, 56, 57 ]
    }, {
      "vertices" : [ 0, 7, 54, 1 ]
    }, {
      "vertices" : [ 15, 16, 17, 18 ]
    }, {
      "vertices" : [ 3, 19, 22, 23, 4 ]
    }, {
      "vertices" : [ 7, 10, 54 ]
    }, {
      "vertices" : [ 41, 45, 58, 55 ]
    }, {
      "vertices" : [ 3, 39, 11, 19 ]
    }, {
      "vertices" : [ 14, 17, 22, 19 ]
    }, {
      "vertices" : [ 0, 2, 53, 21 ]
    }, {
      "vertices" : [ 49, 51, 52, 53 ]
    }, {
      "vertices" : [ 31, 43, 42, 59, 32 ]
    }, {
      "vertices" : [ 15, 18, 50 ]
    }, {
      "vertices" : [ 42, 55, 56, 59 ]
    }, {
      "vertices" : [ 4, 23, 29, 30 ]
    }, {
      "vertices" : [ 25, 38, 26 ]
    }, {
      "vertices" : [ 13, 28, 18, 17, 14 ]
    }, {
      "vertices" : [ 8, 20, 31, 32 ]
    }, {
      "vertices" : [ 23, 44, 29 ]
    }, {
      "vertices" : [ 24, 27, 46 ]
    }, {
      "vertices" : [ 37, 48, 52, 51, 38 ]
    }, {
      "vertices" : [ 20, 48, 31 ]
    }, {
      "vertices" : [ 24, 25, 26, 27 ]
    }, {
      "vertices" : [ 16, 44, 23, 22 ]
    }, {
      "vertices" : [ 13, 34, 35, 28 ]
    }, {
      "vertices" : [ 10, 34, 12, 54 ]
    }, {
      "vertices" : [ 2, 6, 5, 49, 53 ]
    }, {
      "vertices" : [ 36, 43, 37 ]
    }, {
      "vertices" : [ 5, 30, 33, 49 ]
    }, {
      "vertices" : [ 1, 54, 12, 11, 39 ]
    }, {
      "vertices" : [ 28, 35, 57 ]
    }, {
      "vertices" : [ 21, 53, 52 ]
    } ]
  }, {
    "id" : "9632c63c-fcf7-463b-b2e2-255ec0fe9121",
    "orbit" : "blue",
    "orbitC" : "[[0,0,1],[0,0,1]]",
    "length" : "[-1,1,1]",
    "name" : "b0",
    "vertices" : [ {
      "x" : 4.236068,
      "y" : 0.309017,
      "z" : 0.19098301
    }, {
      "x" : 4.236068,
      "y" : 0.309017,
      "z" : -0.19098301
    }, {
      "x" : 1.0,
      "y" : 0.309017,
      "z" : -0.19098301
    }, {
      "x" : 1.0,
      "y" : 0.309017,
      "z" : 0.19098301
    }, {
      "x" : 4.236068,
      "y" : -0.309017,
      "z" : 0.19098301
    }, {
      "x" : 1.0,
      "y" : -0.309017,
      "z" : 0.19098301
    }, {
      "x" : 1.0,
      "y" : -0.309017,
      "z" : -0.19098301
    }, {
      "x" : 4.236068,
      "y" : -0.309017,
      "z" : -0.19098301
    }, {
      "x" : 5.236068,
      "y" : 0.0,
      "z" : 0.0
    } ],
    "faces" : [ {
      "vertices" : [ 1, 7, 6, 2 ]
    }, {
      "vertices" : [ 0, 1, 2, 3 ]
    }, {
      "vertices" : [ 4, 5, 6, 7 ]
    }, {
      "vertices" : [ 0, 3, 5, 4 ]
    } ]
  }, {
    "id" : "6abb4e9f-315b-45dd-a714-8038b695f683",
    "orbit" : "0",
    "orbitC" : "[[12,-7,11],[-7,5,11]]",
    "length" : "[-1,1,1]",
    "name" : "shorter",
    "vertices" : [ {
      "x" : 1.6456828,
      "y" : -3.9244573,
      "z" : -1.2740281
    }, {
      "x" : 1.7456827,
      "y" : -4.0244575,
      "z" : -0.874028
    }, {
      "x" : 0.47235122,
      "y" : -0.5025937,
      "z" : -0.03498898
    }, {
      "x" : 0.37235123,
      "y" : -0.40259367,
      "z" : -0.43498898
    }, {
      "x" : 2.0456827,
      "y" : -3.7911239,
      "z" : -1.0073613
    }, {
      "x" : 1.9456828,
      "y" : -3.691124,
      "z" : -1.4073614
    }, {
      "x" : 0.072351225,
      "y" : -0.635927,
      "z" : -0.30165565
    }, {
      "x" : 0.17235123,
      "y" : -0.735927,
      "z" : 0.098344356
    } ],
    "faces" : [ {
      "vertices" : [ 2, 3, 6, 7 ]
    }, {
      "vertices" : [ 0, 5, 4, 1 ]
    }, {
      "vertices" : [ 2, 4, 5, 3 ]
    }, {
      "vertices" : [ 0, 6, 3, 5 ]
    }, {
      "vertices" : [ 0, 1, 7, 6 ]
    }, {
      "vertices" : [ 1, 4, 2, 7 ]
    } ]
  }, {
    "id" : "a9ba5ae8-f20f-4d3e-8f79-23da23240081",
    "orbit" : "blue",
    "orbitC" : "[[0,0,1],[0,0,1]]",
    "length" : "[3,-1,2]",
    "name" : " :3/2 -1/2*phi",
    "vertices" : [ {
      "x" : 4.854102,
      "y" : 0.309017,
      "z" : 0.19098301
    }, {
      "x" : 4.854102,
      "y" : 0.309017,
      "z" : -0.19098301
    }, {
      "x" : 1.0,
      "y" : 0.309017,
      "z" : -0.19098301
    }, {
      "x" : 1.0,
      "y" : 0.309017,
      "z" : 0.19098301
    }, {
      "x" : 4.854102,
      "y" : -0.309017,
      "z" : 0.19098301
    }, {
      "x" : 1.0,
      "y" : -0.309017,
      "z" : 0.19098301
    }, {
      "x" : 1.0,
      "y" : -0.309017,
      "z" : -0.19098301
    }, {
      "x" : 4.854102,
      "y" : -0.309017,
      "z" : -0.19098301
    }, {
      "x" : 5.854102,
      "y" : 0.0,
      "z" : 0.0
    } ],
    "faces" : [ {
      "vertices" : [ 1, 7, 6, 2 ]
    }, {
      "vertices" : [ 0, 1, 2, 3 ]
    }, {
      "vertices" : [ 4, 5, 6, 7 ]
    }, {
      "vertices" : [ 0, 3, 5, 4 ]
    } ]
  } ],
  "instances" : [ {
    "shape" : "4462de32-6dae-4bbc-992f-1fea10564f69",
    "color" : "#FFFF00",
    "position" : {
      "x" : 0.0,
      "y" : -4.108746,
      "z" : 4.5694013
    },
    "orientation" : 0
  }, {
    "shape" : "4462de32-6dae-4bbc-992f-1fea10564f69",
    "color" : "#FFFF00",
    "position" : {
      "x" : -9.472136,
      "y" : 13.580882,
      "z" : -10.423503
    },
    "orientation" : 54
  }, {
    "shape" : "80bede2e-09fc-4e92-a25a-8bca3c2b4bf4",
    "color" : "#F2F2F2",
    "position" : {
      "x" : 4.736068,
      "y" : 3.554373,
      "z" : 1.6423503
    }
  }, {
    "shape" : "9632c63c-fcf7-463b-b2e2-255ec0fe9121",
    "color" : "#FFFF00",
    "position" : {
      "x" : -2.618034,
      "y" : -16.198915,
      "z" : 6.187435
    },
    "orientation" : 39
  }, {
    "shape" : "6abb4e9f-315b-45dd-a714-8038b695f683",
    "color" : "#FFFF00",
    "position" : {
      "x" : 12.09017,
      "y" : -0.872678,
      "z" : 0.33333334
    },
    "orientation" : 15
  }, {
    "shape" : "80bede2e-09fc-4e92-a25a-8bca3c2b4bf4",
    "color" : "#F2F2F2",
    "position" : {
      "x" : 12.09017,
      "y" : 21.307661,
      "z" : -8.138803
    }
  }, {
    "shape" : "6abb4e9f-315b-45dd-a714-8038b695f683",
    "color" : "#FFFF00",
    "position" : {
      "x" : 23.68034,
      "y" : -13.771865,
      "z" : 2.2603843
    },
    "orientation" : 15
  }, {
    "shape" : "80bede2e-09fc-4e92-a25a-8bca3c2b4bf4",
    "color" : "#F2F2F2",
    "position" : {
      "x" : -14.708204,
      "y" : -5.108746,
      "z" : 1.9513674
    }
  }, {
    "shape" : "80bede2e-09fc-4e92-a25a-8bca3c2b4bf4",
    "color" : "#F2F2F2",
    "position" : {
      "x" : 0.0,
      "y" : -6.108746,
      "z" : -0.6666667
    }
  }, {
    "shape" : "9632c63c-fcf7-463b-b2e2-255ec0fe9121",
    "color" : "#FFFF00",
    "position" : {
      "x" : -2.618034,
      "y" : 5.981424,
      "z" : -2.2847006
    },
    "orientation" : 54
  }, {
    "shape" : "9632c63c-fcf7-463b-b2e2-255ec0fe9121",
    "color" : "#FFFF00",
    "position" : {
      "x" : 25.798374,
      "y" : -0.872678,
      "z" : 0.33333334
    },
    "orientation" : 39
  }, {
    "shape" : "80bede2e-09fc-4e92-a25a-8bca3c2b4bf4",
    "color" : "#F2F2F2",
    "position" : {
      "x" : -9.472136,
      "y" : 17.071594,
      "z" : -1.2847006
    }
  }, {
    "shape" : "a9ba5ae8-f20f-4d3e-8f79-23da23240081",
    "color" : "#FFFF00",
    "position" : {
      "x" : -4.736068,
      "y" : 18.880611,
      "z" : -4.2117515
    },
    "orientation" : 41
  }, {
    "shape" : "4462de32-6dae-4bbc-992f-1fea10564f69",
    "color" : "#FFFF00",
    "position" : {
      "x" : -18.944271,
      "y" : -4.108746,
      "z" : 4.5694013
    },
    "orientation" : 0
  }, {
    "shape" : "80bede2e-09fc-4e92-a25a-8bca3c2b4bf4",
    "color" : "#F2F2F2",
    "position" : {
      "x" : -14.208204,
      "y" : 1.554373,
      "z" : -3.5937176
    }
  }, {
    "shape" : "9632c63c-fcf7-463b-b2e2-255ec0fe9121",
    "color" : "#FFFF00",
    "position" : {
      "x" : 6.854102,
      "y" : -0.872678,
      "z" : 0.33333334
    },
    "orientation" : 39
  }, {
    "shape" : "9632c63c-fcf7-463b-b2e2-255ec0fe9121",
    "color" : "#FFFF00",
    "position" : {
      "x" : 5.236068,
      "y" : 10.217492,
      "z" : -3.9027348
    },
    "orientation" : 54
  }, {
    "shape" : "6abb4e9f-315b-45dd-a714-8038b695f683",
    "color" : "#FFFF00",
    "position" : {
      "x" : -9.472136,
      "y" : 9.217492,
      "z" : -6.5207686
    },
    "orientation" : 58
  }, {
    "shape" : "4462de32-6dae-4bbc-992f-1fea10564f69",
    "color" : "#FFFF00",
    "position" : {
      "x" : -4.736068,
      "y" : 3.554373,
      "z" : 1.6423503
    },
    "orientation" : 43
  }, {
    "shape" : "9632c63c-fcf7-463b-b2e2-255ec0fe9121",
    "color" : "#FFFF00",
    "position" : {
      "x" : -21.562305,
      "y" : -16.198915,
      "z" : 6.187435
    },
    "orientation" : 0
  }, {
    "shape" : "80bede2e-09fc-4e92-a25a-8bca3c2b4bf4",
    "color" : "#F2F2F2",
    "position" : {
      "x" : 14.208204,
      "y" : -11.771865,
      "z" : 7.4964523
    }
  }, {
    "shape" : "6abb4e9f-315b-45dd-a714-8038b695f683",
    "color" : "#FFFF00",
    "position" : {
      "x" : -6.854102,
      "y" : -9.344814,
      "z" : 3.5694013
    },
    "orientation" : 0
  }, {
    "shape" : "6abb4e9f-315b-45dd-a714-8038b695f683",
    "color" : "#FFFF00",
    "position" : {
      "x" : -16.326239,
      "y" : -16.198915,
      "z" : 6.187435
    },
    "orientation" : 54
  }, {
    "shape" : "80bede2e-09fc-4e92-a25a-8bca3c2b4bf4",
    "color" : "#F2F2F2",
    "position" : {
      "x" : 23.68034,
      "y" : 1.554373,
      "z" : -3.5937176
    }
  }, {
    "shape" : "9632c63c-fcf7-463b-b2e2-255ec0fe9121",
    "color" : "#FFFF00",
    "position" : {
      "x" : -23.18034,
      "y" : -5.108746,
      "z" : 1.9513674
    },
    "orientation" : 54
  }, {
    "shape" : "9632c63c-fcf7-463b-b2e2-255ec0fe9121",
    "color" : "#FFFF00",
    "position" : {
      "x" : 6.854102,
      "y" : -0.872678,
      "z" : 0.33333334
    },
    "orientation" : 0
  }, {
    "shape" : "80bede2e-09fc-4e92-a25a-8bca3c2b4bf4",
    "color" : "#F2F2F2",
    "position" : {
      "x" : -12.09017,
      "y" : 21.307661,
      "z" : -8.138803
    }
  }, {
    "shape" : "9632c63c-fcf7-463b-b2e2-255ec0fe9121",
    "color" : "#FFFF00",
    "position" : {
      "x" : 14.708204,
      "y" : -5.108746,
      "z" : 1.9513674
    },
    "orientation" : 54
  }, {
    "shape" : "80bede2e-09fc-4e92-a25a-8bca3c2b4bf4",
    "color" : "#F2F2F2",
    "position" : {
      "x" : -18.944271,
      "y" : 1.745356,
      "z" : 4.5694013
    }
  }, {
    "shape" : "80bede2e-09fc-4e92-a25a-8bca3c2b4bf4",
    "color" : "#F2F2F2",
    "position" : {
      "x" : -2.618034,
      "y" : -16.198915,
      "z" : 6.187435
    }
  }, {
    "shape" : "6abb4e9f-315b-45dd-a714-8038b695f683",
    "color" : "#FFFF00",
    "position" : {
      "x" : 2.618034,
      "y" : 5.981424,
      "z" : -2.2847006
    },
    "orientation" : 0
  }, {
    "shape" : "6abb4e9f-315b-45dd-a714-8038b695f683",
    "color" : "#FFFF00",
    "position" : {
      "x" : -4.736068,
      "y" : -13.771865,
      "z" : 2.2603843
    },
    "orientation" : 39
  }, {
    "shape" : "6abb4e9f-315b-45dd-a714-8038b695f683",
    "color" : "#FFFF00",
    "position" : {
      "x" : 23.68034,
      "y" : 1.554373,
      "z" : -3.5937176
    },
    "orientation" : 39
  }, {
    "shape" : "a9ba5ae8-f20f-4d3e-8f79-23da23240081",
    "color" : "#FFFF00",
    "position" : {
      "x" : 18.944271,
      "y" : -11.962848,
      "z" : -0.6666667
    },
    "orientation" : 8
  }, {
    "shape" : "4462de32-6dae-4bbc-992f-1fea10564f69",
    "color" : "#FFFF00",
    "position" : {
      "x" : -4.736068,
      "y" : 18.880611,
      "z" : -4.2117515
    },
    "orientation" : 54
  }, {
    "shape" : "a9ba5ae8-f20f-4d3e-8f79-23da23240081",
    "color" : "#FFFF00",
    "position" : {
      "x" : 18.944271,
      "y" : -11.962848,
      "z" : -0.6666667
    },
    "orientation" : 41
  }, {
    "shape" : "6abb4e9f-315b-45dd-a714-8038b695f683",
    "color" : "#FFFF00",
    "position" : {
      "x" : 12.09017,
      "y" : 21.307661,
      "z" : -8.138803
    },
    "orientation" : 39
  }, {
    "shape" : "80bede2e-09fc-4e92-a25a-8bca3c2b4bf4",
    "color" : "#F2F2F2",
    "position" : {
      "x" : 9.472136,
      "y" : 9.217492,
      "z" : -6.5207686
    }
  }, {
    "shape" : "9632c63c-fcf7-463b-b2e2-255ec0fe9121",
    "color" : "#FFFF00",
    "position" : {
      "x" : -2.618034,
      "y" : 5.981424,
      "z" : -2.2847006
    },
    "orientation" : 0
  }, {
    "shape" : "6abb4e9f-315b-45dd-a714-8038b695f683",
    "color" : "#FFFF00",
    "position" : {
      "x" : 2.618034,
      "y" : -16.198915,
      "z" : 6.187435
    },
    "orientation" : 54
  }, {
    "shape" : "9632c63c-fcf7-463b-b2e2-255ec0fe9121",
    "color" : "#FFFF00",
    "position" : {
      "x" : 5.236068,
      "y" : 10.217492,
      "z" : -3.9027348
    },
    "orientation" : 39
  }, {
    "shape" : "4462de32-6dae-4bbc-992f-1fea10564f69",
    "color" : "#FFFF00",
    "position" : {
      "x" : -18.944271,
      "y" : -1.745356,
      "z" : -4.5694013
    },
    "orientation" : 43
  }, {
    "shape" : "80bede2e-09fc-4e92-a25a-8bca3c2b4bf4",
    "color" : "#F2F2F2",
    "position" : {
      "x" : -9.472136,
      "y" : -21.434984,
      "z" : 5.187435
    }
  }, {
    "shape" : "6abb4e9f-315b-45dd-a714-8038b695f683",
    "color" : "#FFFF00",
    "position" : {
      "x" : -14.708204,
      "y" : -5.108746,
      "z" : 1.9513674
    },
    "orientation" : 58
  }, {
    "shape" : "6abb4e9f-315b-45dd-a714-8038b695f683",
    "color" : "#FFFF00",
    "position" : {
      "x" : -9.472136,
      "y" : -21.434984,
      "z" : 5.187435
    },
    "orientation" : 58
  }, {
    "shape" : "a9ba5ae8-f20f-4d3e-8f79-23da23240081",
    "color" : "#FFFF00",
    "position" : {
      "x" : 14.208204,
      "y" : 3.554373,
      "z" : 1.6423503
    },
    "orientation" : 8
  }, {
    "shape" : "6abb4e9f-315b-45dd-a714-8038b695f683",
    "color" : "#FFFF00",
    "position" : {
      "x" : -16.326239,
      "y" : 5.981424,
      "z" : -2.2847006
    },
    "orientation" : 0
  }, {
    "shape" : "80bede2e-09fc-4e92-a25a-8bca3c2b4bf4",
    "color" : "#F2F2F2",
    "position" : {
      "x" : 25.798374,
      "y" : -9.344814,
      "z" : 3.5694013
    }
  }, {
    "shape" : "a9ba5ae8-f20f-4d3e-8f79-23da23240081",
    "color" : "#FFFF00",
    "position" : {
      "x" : -9.472136,
      "y" : 3.36339,
      "z" : -6.5207686
    },
    "orientation" : 41
  }, {
    "shape" : "9632c63c-fcf7-463b-b2e2-255ec0fe9121",
    "color" : "#FFFF00",
    "position" : {
      "x" : -12.09017,
      "y" : 21.307661,
      "z" : -8.138803
    },
    "orientation" : 0
  }, {
    "shape" : "80bede2e-09fc-4e92-a25a-8bca3c2b4bf4",
    "color" : "#F2F2F2",
    "position" : {
      "x" : 18.944271,
      "y" : -8.472136,
      "z" : 8.472136
    }
  }, {
    "shape" : "9632c63c-fcf7-463b-b2e2-255ec0fe9121",
    "color" : "#FFFF00",
    "position" : {
      "x" : -23.18034,
      "y" : -5.108746,
      "z" : 1.9513674
    },
    "orientation" : 39
  }, {
    "shape" : "4462de32-6dae-4bbc-992f-1fea10564f69",
    "color" : "#FFFF00",
    "position" : {
      "x" : 0.0,
      "y" : -1.745356,
      "z" : -4.5694013
    },
    "orientation" : 54
  }, {
    "shape" : "6abb4e9f-315b-45dd-a714-8038b695f683",
    "color" : "#FFFF00",
    "position" : {
      "x" : 2.618034,
      "y" : 5.981424,
      "z" : -2.2847006
    },
    "orientation" : 39
  }, {
    "shape" : "80bede2e-09fc-4e92-a25a-8bca3c2b4bf4",
    "color" : "#F2F2F2",
    "position" : {
      "x" : 14.708204,
      "y" : -5.108746,
      "z" : 1.9513674
    }
  }, {
    "shape" : "80bede2e-09fc-4e92-a25a-8bca3c2b4bf4",
    "color" : "#F2F2F2",
    "position" : {
      "x" : 14.208204,
      "y" : 3.554373,
      "z" : 1.6423503
    }
  }, {
    "shape" : "9632c63c-fcf7-463b-b2e2-255ec0fe9121",
    "color" : "#FFFF00",
    "position" : {
      "x" : 5.236068,
      "y" : -20.434984,
      "z" : 7.8054695
    },
    "orientation" : 54
  }, {
    "shape" : "4462de32-6dae-4bbc-992f-1fea10564f69",
    "color" : "#FFFF00",
    "position" : {
      "x" : 18.944271,
      "y" : -1.745356,
      "z" : -4.5694013
    },
    "orientation" : 54
  }, {
    "shape" : "80bede2e-09fc-4e92-a25a-8bca3c2b4bf4",
    "color" : "#F2F2F2",
    "position" : {
      "x" : 23.68034,
      "y" : -13.771865,
      "z" : 2.2603843
    }
  }, {
    "shape" : "6abb4e9f-315b-45dd-a714-8038b695f683",
    "color" : "#FFFF00",
    "position" : {
      "x" : 18.944271,
      "y" : -4.108746,
      "z" : 4.5694013
    },
    "orientation" : 43
  }, {
    "shape" : "80bede2e-09fc-4e92-a25a-8bca3c2b4bf4",
    "color" : "#F2F2F2",
    "position" : {
      "x" : -18.944271,
      "y" : -8.472136,
      "z" : 8.472136
    }
  }, {
    "shape" : "80bede2e-09fc-4e92-a25a-8bca3c2b4bf4",
    "color" : "#F2F2F2",
    "position" : {
      "x" : -18.944271,
      "y" : -1.745356,
      "z" : -4.5694013
    }
  }, {
    "shape" : "6abb4e9f-315b-45dd-a714-8038b695f683",
    "color" : "#FFFF00",
    "position" : {
      "x" : -4.736068,
      "y" : 1.554373,
      "z" : -3.5937176
    },
    "orientation" : 15
  }, {
    "shape" : "6abb4e9f-315b-45dd-a714-8038b695f683",
    "color" : "#FFFF00",
    "position" : {
      "x" : 14.208204,
      "y" : -13.771865,
      "z" : 2.2603843
    },
    "orientation" : 39
  }, {
    "shape" : "4462de32-6dae-4bbc-992f-1fea10564f69",
    "color" : "#FFFF00",
    "position" : {
      "x" : 4.736068,
      "y" : -11.771865,
      "z" : 7.4964523
    },
    "orientation" : 43
  }, {
    "shape" : "6abb4e9f-315b-45dd-a714-8038b695f683",
    "color" : "#FFFF00",
    "position" : {
      "x" : 2.618034,
      "y" : 14.45356,
      "z" : -5.5207686
    },
    "orientation" : 15
  }, {
    "shape" : "4462de32-6dae-4bbc-992f-1fea10564f69",
    "color" : "#FFFF00",
    "position" : {
      "x" : 18.944271,
      "y" : -1.745356,
      "z" : -4.5694013
    },
    "orientation" : 0
  }, {
    "shape" : "80bede2e-09fc-4e92-a25a-8bca3c2b4bf4",
    "color" : "#F2F2F2",
    "position" : {
      "x" : -9.472136,
      "y" : 3.36339,
      "z" : -6.5207686
    }
  }, {
    "shape" : "80bede2e-09fc-4e92-a25a-8bca3c2b4bf4",
    "color" : "#F2F2F2",
    "position" : {
      "x" : -9.472136,
      "y" : -19.434984,
      "z" : 10.423503
    }
  }, {
    "shape" : "4462de32-6dae-4bbc-992f-1fea10564f69",
    "color" : "#FFFF00",
    "position" : {
      "x" : 9.472136,
      "y" : 11.217492,
      "z" : -1.2847006
    },
    "orientation" : 0
  }, {
    "shape" : "9632c63c-fcf7-463b-b2e2-255ec0fe9121",
    "color" : "#FFFF00",
    "position" : {
      "x" : -12.09017,
      "y" : -0.872678,
      "z" : 0.33333334
    },
    "orientation" : 0
  }, {
    "shape" : "a9ba5ae8-f20f-4d3e-8f79-23da23240081",
    "color" : "#FFFF00",
    "position" : {
      "x" : 4.736068,
      "y" : 18.880611,
      "z" : -4.2117515
    },
    "orientation" : 8
  }, {
    "shape" : "80bede2e-09fc-4e92-a25a-8bca3c2b4bf4",
    "color" : "#F2F2F2",
    "position" : {
      "x" : -6.854102,
      "y" : -9.344814,
      "z" : 3.5694013
    }
  }, {
    "shape" : "a9ba5ae8-f20f-4d3e-8f79-23da23240081",
    "color" : "#FFFF00",
    "position" : {
      "x" : 4.736068,
      "y" : -11.771865,
      "z" : 7.4964523
    },
    "orientation" : 8
  }, {
    "shape" : "80bede2e-09fc-4e92-a25a-8bca3c2b4bf4",
    "color" : "#F2F2F2",
    "position" : {
      "x" : -23.68034,
      "y" : 1.554373,
      "z" : -3.5937176
    }
  }, {
    "shape" : "6abb4e9f-315b-45dd-a714-8038b695f683",
    "color" : "#FFFF00",
    "position" : {
      "x" : 0.0,
      "y" : 26.54373,
      "z" : -7.1388025
    },
    "orientation" : 43
  }, {
    "shape" : "9632c63c-fcf7-463b-b2e2-255ec0fe9121",
    "color" : "#FFFF00",
    "position" : {
      "x" : 6.854102,
      "y" : 21.307661,
      "z" : -8.138803
    },
    "orientation" : 54
  }, {
    "shape" : "6abb4e9f-315b-45dd-a714-8038b695f683",
    "color" : "#FFFF00",
    "position" : {
      "x" : -14.208204,
      "y" : -13.771865,
      "z" : 2.2603843
    },
    "orientation" : 15
  }, {
    "shape" : "6abb4e9f-315b-45dd-a714-8038b695f683",
    "color" : "#FFFF00",
    "position" : {
      "x" : -4.736068,
      "y" : 3.554373,
      "z" : 1.6423503
    },
    "orientation" : 54
  }, {
    "shape" : "80bede2e-09fc-4e92-a25a-8bca3c2b4bf4",
    "color" : "#F2F2F2",
    "position" : {
      "x" : 4.236068,
      "y" : -5.108746,
      "z" : 1.9513674
    }
  }, {
    "shape" : "6abb4e9f-315b-45dd-a714-8038b695f683",
    "color" : "#FFFF00",
    "position" : {
      "x" : 13.708204,
      "y" : -20.434984,
      "z" : 7.8054695
    },
    "orientation" : 43
  }, {
    "shape" : "80bede2e-09fc-4e92-a25a-8bca3c2b4bf4",
    "color" : "#F2F2F2",
    "position" : {
      "x" : -9.472136,
      "y" : 11.217492,
      "z" : -1.2847006
    }
  }, {
    "shape" : "80bede2e-09fc-4e92-a25a-8bca3c2b4bf4",
    "color" : "#F2F2F2",
    "position" : {
      "x" : 4.236068,
      "y" : 25.54373,
      "z" : -9.756837
    }
  }, {
    "shape" : "6abb4e9f-315b-45dd-a714-8038b695f683",
    "color" : "#FFFF00",
    "position" : {
      "x" : 2.618034,
      "y" : -16.198915,
      "z" : 6.187435
    },
    "orientation" : 15
  }, {
    "shape" : "4462de32-6dae-4bbc-992f-1fea10564f69",
    "color" : "#FFFF00",
    "position" : {
      "x" : 4.736068,
      "y" : 3.554373,
      "z" : 1.6423503
    },
    "orientation" : 54
  }, {
    "shape" : "80bede2e-09fc-4e92-a25a-8bca3c2b4bf4",
    "color" : "#F2F2F2",
    "position" : {
      "x" : 16.326239,
      "y" : 5.981424,
      "z" : -2.2847006
    }
  }, {
    "shape" : "a9ba5ae8-f20f-4d3e-8f79-23da23240081",
    "color" : "#FFFF00",
    "position" : {
      "x" : -18.944271,
      "y" : -4.108746,
      "z" : 4.5694013
    },
    "orientation" : 1
  }, {
    "shape" : "80bede2e-09fc-4e92-a25a-8bca3c2b4bf4",
    "color" : "#F2F2F2",
    "position" : {
      "x" : 2.618034,
      "y" : 5.981424,
      "z" : -2.2847006
    }
  }, {
    "shape" : "9632c63c-fcf7-463b-b2e2-255ec0fe9121",
    "color" : "#FFFF00",
    "position" : {
      "x" : -2.618034,
      "y" : 14.45356,
      "z" : -5.5207686
    },
    "orientation" : 0
  }, {
    "shape" : "80bede2e-09fc-4e92-a25a-8bca3c2b4bf4",
    "color" : "#F2F2F2",
    "position" : {
      "x" : 14.208204,
      "y" : 18.880611,
      "z" : -4.2117515
    }
  }, {
    "shape" : "6abb4e9f-315b-45dd-a714-8038b695f683",
    "color" : "#FFFF00",
    "position" : {
      "x" : -16.326239,
      "y" : 14.45356,
      "z" : -5.5207686
    },
    "orientation" : 15
  }, {
    "shape" : "6abb4e9f-315b-45dd-a714-8038b695f683",
    "color" : "#FFFF00",
    "position" : {
      "x" : -25.798374,
      "y" : -9.344814,
      "z" : 3.5694013
    },
    "orientation" : 0
  }, {
    "shape" : "9632c63c-fcf7-463b-b2e2-255ec0fe9121",
    "color" : "#FFFF00",
    "position" : {
      "x" : 6.854102,
      "y" : -9.344814,
      "z" : 3.5694013
    },
    "orientation" : 54
  }, {
    "shape" : "4462de32-6dae-4bbc-992f-1fea10564f69",
    "color" : "#FFFF00",
    "position" : {
      "x" : -14.208204,
      "y" : -11.771865,
      "z" : 7.4964523
    },
    "orientation" : 43
  }, {
    "shape" : "a9ba5ae8-f20f-4d3e-8f79-23da23240081",
    "color" : "#FFFF00",
    "position" : {
      "x" : 0.0,
      "y" : 18.689629,
      "z" : -12.37487
    },
    "orientation" : 1
  }, {
    "shape" : "6abb4e9f-315b-45dd-a714-8038b695f683",
    "color" : "#FFFF00",
    "position" : {
      "x" : 0.0,
      "y" : -6.108746,
      "z" : -0.6666667
    },
    "orientation" : 58
  }, {
    "shape" : "80bede2e-09fc-4e92-a25a-8bca3c2b4bf4",
    "color" : "#F2F2F2",
    "position" : {
      "x" : 14.208204,
      "y" : 16.880611,
      "z" : -9.44782
    }
  }, {
    "shape" : "6abb4e9f-315b-45dd-a714-8038b695f683",
    "color" : "#FFFF00",
