{
  "polygons" : "true",
  "field" : "golden",
  "symmetry" : "icosahedral",
  "orientations" : [ [ 1.0, 0.0, 0.0, 0.0, 0.0, 1.0, 0.0, 0.0, 0.0, 0.0, 1.0, 0.0, 0.0, 0.0, 0.0, 1.0 ], [ 0.0, 0.0, 1.0, 0.0, 1.0, 0.0, 0.0, 0.0, 0.0, 1.0, 0.0, 0.0, 0.0, 0.0, 0.0, 1.0 ], [ 0.0, 1.0, 0.0, 0.0, 0.0, 0.0, 1.0, 0.0, 1.0, 0.0, 0.0, 0.0, 0.0, 0.0, 0.0, 1.0 ], [ 0.809017, 0.309017, 0.5, 0.0, 0.309017, 0.5, -0.809017, 0.0, -0.5, 0.809017, 0.309017, 0.0, 0.0, 0.0, 0.0, 1.0 ], [ -0.5, 0.809017, 0.309017, 0.0, 0.809017, 0.309017, 0.5, 0.0, 0.309017, 0.5, -0.809017, 0.0, 0.0, 0.0, 0.0, 1.0 ], [ 0.309017, 0.5, -0.809017, 0.0, -0.5, 0.809017, 0.309017, 0.0, 0.809017, 0.309017, 0.5, 0.0, 0.0, 0.0, 0.0, 1.0 ], [ 0.5, 0.809017, 0.309017, 0.0, 0.809017, -0.309017, -0.5, 0.0, -0.309017, 0.5, -0.809017, 0.0, 0.0, 0.0, 0.0, 1.0 ], [ -0.309017, 0.5, -0.809017, 0.0, 0.5, 0.809017, 0.309017, 0.0, 0.809017, -0.309017, -0.5, 0.0, 0.0, 0.0, 0.0, 1.0 ], [ 0.809017, -0.309017, -0.5, 0.0, -0.309017, 0.5, -0.809017, 0.0, 0.5, 0.809017, 0.309017, 0.0, 0.0, 0.0, 0.0, 1.0 ], [ 0.5, 0.809017, -0.309017, 0.0, 0.809017, -0.309017, 0.5, 0.0, 0.309017, -0.5, -0.809017, 0.0, 0.0, 0.0, 0.0, 1.0 ], [ 0.309017, -0.5, -0.809017, 0.0, 0.5, 0.809017, -0.309017, 0.0, 0.809017, -0.309017, 0.5, 0.0, 0.0, 0.0, 0.0, 1.0 ], [ 0.809017, -0.309017, 0.5, 0.0, 0.309017, -0.5, -0.809017, 0.0, 0.5, 0.809017, -0.309017, 0.0, 0.0, 0.0, 0.0, 1.0 ], [ 0.809017, 0.309017, -0.5, 0.0, 0.309017, 0.5, 0.809017, 0.0, 0.5, -0.809017, 0.309017, 0.0, 0.0, 0.0, 0.0, 1.0 ], [ 0.5, -0.809017, 0.309017, 0.0, 0.809017, 0.309017, -0.5, 0.0, 0.309017, 0.5, 0.809017, 0.0, 0.0, 0.0, 0.0, 1.0 ], [ 0.309017, 0.5, 0.809017, 0.0, 0.5, -0.809017, 0.309017, 0.0, 0.809017, 0.309017, -0.5, 0.0, 0.0, 0.0, 0.0, 1.0 ], [ 1.0, 0.0, 0.0, 0.0, 0.0, -1.0, 0.0, 0.0, 0.0, 0.0, -1.0, 0.0, 0.0, 0.0, 0.0, 1.0 ], [ 0.0, 0.0, 1.0, 0.0, -1.0, 0.0, 0.0, 0.0, 0.0, -1.0, 0.0, 0.0, 0.0, 0.0, 0.0, 1.0 ], [ 0.0, 1.0, 0.0, 0.0, 0.0, 0.0, -1.0, 0.0, -1.0, 0.0, 0.0, 0.0, 0.0, 0.0, 0.0, 1.0 ], [ 0.809017, 0.309017, 0.5, 0.0, -0.309017, -0.5, 0.809017, 0.0, 0.5, -0.809017, -0.309017, 0.0, 0.0, 0.0, 0.0, 1.0 ], [ -0.5, 0.809017, 0.309017, 0.0, -0.809017, -0.309017, -0.5, 0.0, -0.309017, -0.5, 0.809017, 0.0, 0.0, 0.0, 0.0, 1.0 ], [ 0.309017, 0.5, -0.809017, 0.0, 0.5, -0.809017, -0.309017, 0.0, -0.809017, -0.309017, -0.5, 0.0, 0.0, 0.0, 0.0, 1.0 ], [ 0.5, 0.809017, 0.309017, 0.0, -0.809017, 0.309017, 0.5, 0.0, 0.309017, -0.5, 0.809017, 0.0, 0.0, 0.0, 0.0, 1.0 ], [ -0.309017, 0.5, -0.809017, 0.0, -0.5, -0.809017, -0.309017, 0.0, -0.809017, 0.309017, 0.5, 0.0, 0.0, 0.0, 0.0, 1.0 ], [ 0.809017, -0.309017, -0.5, 0.0, 0.309017, -0.5, 0.809017, 0.0, -0.5, -0.809017, -0.309017, 0.0, 0.0, 0.0, 0.0, 1.0 ], [ 0.5, 0.809017, -0.309017, 0.0, -0.809017, 0.309017, -0.5, 0.0, -0.309017, 0.5, 0.809017, 0.0, 0.0, 0.0, 0.0, 1.0 ], [ 0.309017, -0.5, -0.809017, 0.0, -0.5, -0.809017, 0.309017, 0.0, -0.809017, 0.309017, -0.5, 0.0, 0.0, 0.0, 0.0, 1.0 ], [ 0.809017, -0.309017, 0.5, 0.0, -0.309017, 0.5, 0.809017, 0.0, -0.5, -0.809017, 0.309017, 0.0, 0.0, 0.0, 0.0, 1.0 ], [ 0.809017, 0.309017, -0.5, 0.0, -0.309017, -0.5, -0.809017, 0.0, -0.5, 0.809017, -0.309017, 0.0, 0.0, 0.0, 0.0, 1.0 ], [ 0.5, -0.809017, 0.309017, 0.0, -0.809017, -0.309017, 0.5, 0.0, -0.309017, -0.5, -0.809017, 0.0, 0.0, 0.0, 0.0, 1.0 ], [ 0.309017, 0.5, 0.809017, 0.0, -0.5, 0.809017, -0.309017, 0.0, -0.809017, -0.309017, 0.5, 0.0, 0.0, 0.0, 0.0, 1.0 ], [ -1.0, 0.0, 0.0, 0.0, 0.0, -1.0, 0.0, 0.0, 0.0, 0.0, 1.0, 0.0, 0.0, 0.0, 0.0, 1.0 ], [ 0.0, 0.0, -1.0, 0.0, -1.0, 0.0, 0.0, 0.0, 0.0, 1.0, 0.0, 0.0, 0.0, 0.0, 0.0, 1.0 ], [ 0.0, -1.0, 0.0, 0.0, 0.0, 0.0, -1.0, 0.0, 1.0, 0.0, 0.0, 0.0, 0.0, 0.0, 0.0, 1.0 ], [ -0.809017, -0.309017, -0.5, 0.0, -0.309017, -0.5, 0.809017, 0.0, -0.5, 0.809017, 0.309017, 0.0, 0.0, 0.0, 0.0, 1.0 ], [ 0.5, -0.809017, -0.309017, 0.0, -0.809017, -0.309017, -0.5, 0.0, 0.309017, 0.5, -0.809017, 0.0, 0.0, 0.0, 0.0, 1.0 ], [ -0.309017, -0.5, 0.809017, 0.0, 0.5, -0.809017, -0.309017, 0.0, 0.809017, 0.309017, 0.5, 0.0, 0.0, 0.0, 0.0, 1.0 ], [ -0.5, -0.809017, -0.309017, 0.0, -0.809017, 0.309017, 0.5, 0.0, -0.309017, 0.5, -0.809017, 0.0, 0.0, 0.0, 0.0, 1.0 ], [ 0.309017, -0.5, 0.809017, 0.0, -0.5, -0.809017, -0.309017, 0.0, 0.809017, -0.309017, -0.5, 0.0, 0.0, 0.0, 0.0, 1.0 ], [ -0.809017, 0.309017, 0.5, 0.0, 0.309017, -0.5, 0.809017, 0.0, 0.5, 0.809017, 0.309017, 0.0, 0.0, 0.0, 0.0, 1.0 ], [ -0.5, -0.809017, 0.309017, 0.0, -0.809017, 0.309017, -0.5, 0.0, 0.309017, -0.5, -0.809017, 0.0, 0.0, 0.0, 0.0, 1.0 ], [ -0.309017, 0.5, 0.809017, 0.0, -0.5, -0.809017, 0.309017, 0.0, 0.809017, -0.309017, 0.5, 0.0, 0.0, 0.0, 0.0, 1.0 ], [ -0.809017, 0.309017, -0.5, 0.0, -0.309017, 0.5, 0.809017, 0.0, 0.5, 0.809017, -0.309017, 0.0, 0.0, 0.0, 0.0, 1.0 ], [ -0.809017, -0.309017, 0.5, 0.0, -0.309017, -0.5, -0.809017, 0.0, 0.5, -0.809017, 0.309017, 0.0, 0.0, 0.0, 0.0, 1.0 ], [ -0.5, 0.809017, -0.309017, 0.0, -0.809017, -0.309017, 0.5, 0.0, 0.309017, 0.5, 0.809017, 0.0, 0.0, 0.0, 0.0, 1.0 ], [ -0.309017, -0.5, -0.809017, 0.0, -0.5, 0.809017, -0.309017, 0.0, 0.809017, 0.309017, -0.5, 0.0, 0.0, 0.0, 0.0, 1.0 ], [ -1.0, 0.0, 0.0, 0.0, 0.0, 1.0, 0.0, 0.0, 0.0, 0.0, -1.0, 0.0, 0.0, 0.0, 0.0, 1.0 ], [ 0.0, 0.0, -1.0, 0.0, 1.0, 0.0, 0.0, 0.0, 0.0, -1.0, 0.0, 0.0, 0.0, 0.0, 0.0, 1.0 ], [ 0.0, -1.0, 0.0, 0.0, 0.0, 0.0, 1.0, 0.0, -1.0, 0.0, 0.0, 0.0, 0.0, 0.0, 0.0, 1.0 ], [ -0.809017, -0.309017, -0.5, 0.0, 0.309017, 0.5, -0.809017, 0.0, 0.5, -0.809017, -0.309017, 0.0, 0.0, 0.0, 0.0, 1.0 ], [ 0.5, -0.809017, -0.309017, 0.0, 0.809017, 0.309017, 0.5, 0.0, -0.309017, -0.5, 0.809017, 0.0, 0.0, 0.0, 0.0, 1.0 ], [ -0.309017, -0.5, 0.809017, 0.0, -0.5, 0.809017, 0.309017, 0.0, -0.809017, -0.309017, -0.5, 0.0, 0.0, 0.0, 0.0, 1.0 ], [ -0.5, -0.809017, -0.309017, 0.0, 0.809017, -0.309017, -0.5, 0.0, 0.309017, -0.5, 0.809017, 0.0, 0.0, 0.0, 0.0, 1.0 ], [ 0.309017, -0.5, 0.809017, 0.0, 0.5, 0.809017, 0.309017, 0.0, -0.809017, 0.309017, 0.5, 0.0, 0.0, 0.0, 0.0, 1.0 ], [ -0.809017, 0.309017, 0.5, 0.0, -0.309017, 0.5, -0.809017, 0.0, -0.5, -0.809017, -0.309017, 0.0, 0.0, 0.0, 0.0, 1.0 ], [ -0.5, -0.809017, 0.309017, 0.0, 0.809017, -0.309017, 0.5, 0.0, -0.309017, 0.5, 0.809017, 0.0, 0.0, 0.0, 0.0, 1.0 ], [ -0.309017, 0.5, 0.809017, 0.0, 0.5, 0.809017, -0.309017, 0.0, -0.809017, 0.309017, -0.5, 0.0, 0.0, 0.0, 0.0, 1.0 ], [ -0.809017, 0.309017, -0.5, 0.0, 0.309017, -0.5, -0.809017, 0.0, -0.5, -0.809017, 0.309017, 0.0, 0.0, 0.0, 0.0, 1.0 ], [ -0.809017, -0.309017, 0.5, 0.0, 0.309017, 0.5, 0.809017, 0.0, -0.5, 0.809017, -0.309017, 0.0, 0.0, 0.0, 0.0, 1.0 ], [ -0.5, 0.809017, -0.309017, 0.0, 0.809017, 0.309017, -0.5, 0.0, -0.309017, -0.5, -0.809017, 0.0, 0.0, 0.0, 0.0, 1.0 ], [ -0.309017, -0.5, -0.809017, 0.0, 0.5, -0.809017, 0.309017, 0.0, -0.809017, -0.309017, 0.5, 0.0, 0.0, 0.0, 0.0, 1.0 ] ],
  "lights" : {
    "ambientColor" : "#292929",
    "backgroundColor" : "#AFC8DC",
    "directionalLights" : [ {
      "direction" : [ 1.0, -1.0, -1.0 ],
      "color" : "#EBEBE4"
    }, {
      "direction" : [ -1.0, 0.0, 0.0 ],
      "color" : "#E4E4EB"
    }, {
      "direction" : [ 0.0, 0.0, -1.0 ],
      "color" : "#1E1E1E"
    } ]
  },
  "camera" : {
    "lookDirectionRV" : {
      "x" : -0.36956775,
      "y" : 0.025085533,
      "z" : -0.9288652,
      "zero" : false
    },
    "lookAtPointRV" : {
      "x" : 0.0,
      "y" : 0.0,
      "z" : 0.0,
      "zero" : true
    },
    "upDirectionRV" : {
      "x" : 0.0113984775,
      "y" : 0.9996838,
      "z" : 0.022462988,
      "zero" : false
    },
    "fieldOfView" : 0.9272952,
    "perspective" : true,
    "viewDistance" : 80.55011,
    "lookDirection" : {
      "x" : -0.36956775,
      "y" : 0.025085533,
      "z" : -0.9288652
    },
    "lookAtPoint" : {
      "x" : 0.0,
      "y" : 0.0,
      "z" : 0.0
    },
    "stereo" : false,
    "nearClipDistance" : 0.80550134,
    "upDirection" : {
      "x" : 0.0113984775,
      "y" : 0.9996838,
      "z" : 0.022462988
    },
    "farClipDistance" : 322.20044,
    "width" : 80.55011,
    "position" : {
      "x" : 29.768723,
      "y" : -2.0206425,
      "z" : 74.82019
    }
  },
  "embedding" : [ 1.0, 0.0, 0.0, 0.0, 0.0, 1.0, 0.0, 0.0, 0.0, 0.0, 1.0, 0.0, 0.0, 0.0, 0.0, 1.0 ],
  "shapes" : [ {
    "id" : "dd8184ec-c9ec-422a-9bad-b9b15e2dbe68",
    "orbit" : "blue",
    "orbitC" : "[[0,0,1],[0,0,1]]",
    "length" : "[\"0\",\"1\",\"1\"]",
    "name" : "b2",
    "vertices" : [ {
      "x" : 12.708204,
      "y" : 0.309017,
      "z" : 0.19098301
    }, {
      "x" : 12.708204,
      "y" : 0.309017,
      "z" : -0.19098301
    }, {
      "x" : 1.0,
      "y" : 0.309017,
      "z" : -0.19098301
    }, {
      "x" : 1.0,
      "y" : 0.309017,
      "z" : 0.19098301
    }, {
      "x" : 12.708204,
      "y" : -0.309017,
      "z" : 0.19098301
    }, {
      "x" : 1.0,
      "y" : -0.309017,
      "z" : 0.19098301
    }, {
      "x" : 1.0,
      "y" : -0.309017,
      "z" : -0.19098301
    }, {
      "x" : 12.708204,
      "y" : -0.309017,
      "z" : -0.19098301
    }, {
      "x" : 13.708204,
      "y" : 0.0,
      "z" : 0.0
    } ],
    "faces" : [ {
      "vertices" : [ 1, 7, 6, 2 ]
    }, {
      "vertices" : [ 0, 1, 2, 3 ]
    }, {
      "vertices" : [ 4, 5, 6, 7 ]
    }, {
      "vertices" : [ 0, 3, 5, 4 ]
    } ]
  }, {
    "id" : "bcb9e8ec-f646-4a08-b0e6-a401e12d12d9",
    "orbit" : "red",
    "orbitC" : "[[-1,1,1],[0,0,1]]",
    "length" : "[\"0\",\"1\",\"1\"]",
    "name" : "r2",
    "vertices" : [ {
      "x" : 4.736068,
      "y" : 3.045085,
      "z" : 0.309017
    }, {
      "x" : 6.354102,
      "y" : 3.809017,
      "z" : 0.309017
    }, {
      "x" : 6.163119,
      "y" : 4.118034,
      "z" : 0.19098301
    }, {
      "x" : 0.809017,
      "y" : 0.618034,
      "z" : -0.309017
    }, {
      "x" : 0.690983,
      "y" : 0.809017,
      "z" : 0.0
    }, {
      "x" : 4.618034,
      "y" : 3.236068,
      "z" : 0.0
    }, {
      "x" : 4.736068,
      "y" : 3.045085,
      "z" : -0.309017
    }, {
      "x" : 10.281153,
      "y" : 6.236068,
      "z" : 0.309017
    }, {
      "x" : 4.927051,
      "y" : 2.736068,
      "z" : 0.19098301
    }, {
      "x" : 4.927051,
      "y" : 2.736068,
      "z" : -0.19098301
    }, {
      "x" : 6.472136,
      "y" : 3.618034,
      "z" : 0.0
    }, {
      "x" : 6.354102,
      "y" : 3.809017,
      "z" : -0.309017
    }, {
      "x" : 10.399187,
      "y" : 6.045085,
      "z" : 0.0
    }, {
      "x" : 1.0,
      "y" : 0.309017,
      "z" : 0.19098301
    }, {
      "x" : 1.0,
      "y" : 0.309017,
      "z" : -0.19098301
    }, {
      "x" : 0.809017,
      "y" : 0.618034,
      "z" : 0.309017
    }, {
      "x" : 10.09017,
      "y" : 6.545085,
      "z" : 0.19098301
    }, {
      "x" : 10.281153,
      "y" : 6.236068,
      "z" : -0.309017
    }, {
      "x" : 10.09017,
      "y" : 6.545085,
      "z" : -0.19098301
    }, {
      "x" : 11.09017,
      "y" : 6.854102,
      "z" : 0.0
    }, {
      "x" : 6.163119,
      "y" : 4.118034,
      "z" : -0.19098301
    } ],
    "faces" : [ {
      "vertices" : [ 3, 6, 9, 14 ]
    }, {
      "vertices" : [ 11, 20, 18, 17 ]
    }, {
      "vertices" : [ 0, 1, 2 ]
    }, {
      "vertices" : [ 0, 15, 13, 8 ]
    }, {
      "vertices" : [ 6, 20, 11 ]
    }, {
      "vertices" : [ 0, 2, 5 ]
    }, {
      "vertices" : [ 0, 8, 1 ]
    }, {
      "vertices" : [ 8, 13, 14, 9 ]
    }, {
      "vertices" : [ 3, 4, 5, 6 ]
    }, {
      "vertices" : [ 10, 11, 17, 12 ]
    }, {
      "vertices" : [ 1, 8, 10 ]
    }, {
      "vertices" : [ 0, 5, 4, 15 ]
    }, {
      "vertices" : [ 2, 16, 18, 20 ]
    }, {
      "vertices" : [ 1, 7, 16, 2 ]
    }, {
      "vertices" : [ 6, 11, 9 ]
    }, {
      "vertices" : [ 8, 9, 10 ]
    }, {
      "vertices" : [ 2, 20, 5 ]
    }, {
      "vertices" : [ 9, 11, 10 ]
    }, {
      "vertices" : [ 1, 10, 12, 7 ]
    }, {
      "vertices" : [ 5, 20, 6 ]
    } ]
  }, {
    "id" : "778345a8-7a24-4dee-8cf3-a8d477bcb2aa",
    "orbit" : "blue",
    "orbitC" : "[[0,0,1],[0,0,1]]",
    "length" : "[\"1\",\"1\",\"1\"]",
    "name" : "b3",
    "vertices" : [ {
      "x" : 21.18034,
      "y" : 0.309017,
      "z" : 0.19098301
    }, {
      "x" : 21.18034,
      "y" : 0.309017,
      "z" : -0.19098301
    }, {
      "x" : 1.0,
      "y" : 0.309017,
      "z" : -0.19098301
    }, {
      "x" : 1.0,
      "y" : 0.309017,
      "z" : 0.19098301
    }, {
      "x" : 21.18034,
      "y" : -0.309017,
      "z" : 0.19098301
    }, {
      "x" : 1.0,
      "y" : -0.309017,
      "z" : 0.19098301
    }, {
      "x" : 1.0,
      "y" : -0.309017,
      "z" : -0.19098301
    }, {
      "x" : 21.18034,
      "y" : -0.309017,
      "z" : -0.19098301
    }, {
      "x" : 22.18034,
      "y" : 0.0,
      "z" : 0.0
    } ],
    "faces" : [ {
      "vertices" : [ 1, 7, 6, 2 ]
    }, {
      "vertices" : [ 0, 1, 2, 3 ]
    }, {
      "vertices" : [ 4, 5, 6, 7 ]
    }, {
      "vertices" : [ 0, 3, 5, 4 ]
    } ]
  }, {
    "id" : "465655c2-ddd5-4bcd-b0be-60894c26e84b",
    "name" : "ball",
    "vertices" : [ {
      "x" : 0.309017,
      "y" : -0.809017,
      "z" : 0.618034
    }, {
      "x" : 0.809017,
      "y" : -0.618034,
      "z" : 0.309017
    }, {
      "x" : 0.618034,
      "y" : -0.309017,
      "z" : 0.809017
    }, {
      "x" : 1.0,
      "y" : 0.309017,
      "z" : 0.19098301
    }, {
      "x" : 0.809017,
      "y" : 0.618034,
      "z" : 0.309017
    }, {
      "x" : 0.618034,
      "y" : 0.309017,
      "z" : 0.809017
    }, {
      "x" : 0.809017,
      "y" : 0.0,
      "z" : 0.690983
    }, {
      "x" : 0.19098301,
      "y" : -1.0,
      "z" : 0.309017
    }, {
      "x" : -0.19098301,
      "y" : -1.0,
      "z" : 0.309017
    }, {
      "x" : -0.19098301,
      "y" : -1.0,
      "z" : -0.309017
    }, {
      "x" : 0.19098301,
      "y" : -1.0,
      "z" : -0.309017
    }, {
      "x" : 1.0,
      "y" : -0.309017,
      "z" : -0.19098301
    }, {
      "x" : 0.809017,
      "y" : -0.618034,
      "z" : -0.309017
    }, {
      "x" : 0.618034,
      "y" : -0.309017,
      "z" : -0.809017
    }, {
      "x" : 0.809017,
      "y" : 0.0,
      "z" : -0.690983
    }, {
      "x" : 0.0,
      "y" : 0.690983,
      "z" : -0.809017
    }, {
      "x" : 0.309017,
      "y" : 0.809017,
      "z" : -0.618034
    }, {
      "x" : 0.618034,
      "y" : 0.309017,
      "z" : -0.809017
    }, {
      "x" : 0.309017,
      "y" : 0.19098301,
      "z" : -1.0
    }, {
      "x" : 1.0,
      "y" : 0.309017,
      "z" : -0.19098301
    }, {
      "x" : -0.309017,
      "y" : -0.809017,
      "z" : 0.618034
    }, {
      "x" : 0.0,
      "y" : -0.690983,
      "z" : 0.809017
    }, {
      "x" : 0.809017,
      "y" : 0.618034,
      "z" : -0.309017
    }, {
      "x" : 0.690983,
      "y" : 0.809017,
      "z" : 0.0
    }, {
      "x" : -0.690983,
      "y" : 0.809017,
      "z" : 0.0
    }, {
      "x" : -0.809017,
      "y" : 0.618034,
      "z" : 0.309017
    }, {
      "x" : -0.309017,
      "y" : 0.809017,
      "z" : 0.618034
    }, {
      "x" : -0.19098301,
      "y" : 1.0,
      "z" : 0.309017
    }, {
      "x" : 0.309017,
      "y" : -0.19098301,
      "z" : -1.0
    }, {
      "x" : 0.19098301,
      "y" : 1.0,
      "z" : 0.309017
    }, {
      "x" : 0.309017,
      "y" : 0.809017,
      "z" : 0.618034
    }, {
      "x" : -0.809017,
      "y" : -0.618034,
      "z" : 0.309017
    }, {
      "x" : -0.690983,
      "y" : -0.809017,
      "z" : 0.0
    }, {
      "x" : 0.0,
      "y" : 0.690983,
      "z" : 0.809017
    }, {
      "x" : 0.309017,
      "y" : -0.809017,
      "z" : -0.618034
    }, {
      "x" : 0.0,
      "y" : -0.690983,
      "z" : -0.809017
    }, {
      "x" : -1.0,
      "y" : 0.309017,
      "z" : 0.19098301
    }, {
      "x" : -0.809017,
      "y" : 0.0,
      "z" : 0.690983
    }, {
      "x" : -0.618034,
      "y" : 0.309017,
      "z" : 0.809017
    }, {
      "x" : 1.0,
      "y" : -0.309017,
      "z" : 0.19098301
    }, {
      "x" : -0.309017,
      "y" : -0.809017,
      "z" : -0.618034
    }, {
      "x" : -1.0,
      "y" : 0.309017,
      "z" : -0.19098301
    }, {
      "x" : -1.0,
      "y" : -0.309017,
      "z" : -0.19098301
    }, {
      "x" : -1.0,
      "y" : -0.309017,
      "z" : 0.19098301
    }, {
      "x" : 0.19098301,
      "y" : 1.0,
      "z" : -0.309017
    }, {
      "x" : -0.809017,
      "y" : 0.618034,
      "z" : -0.309017
    }, {
      "x" : -0.19098301,
      "y" : 1.0,
      "z" : -0.309017
    }, {
      "x" : -0.309017,
      "y" : 0.809017,
      "z" : -0.618034
    }, {
      "x" : -0.618034,
      "y" : -0.309017,
      "z" : 0.809017
    }, {
      "x" : 0.309017,
      "y" : 0.19098301,
      "z" : 1.0
    }, {
      "x" : -0.309017,
      "y" : 0.19098301,
      "z" : -1.0
    }, {
      "x" : -0.309017,
      "y" : 0.19098301,
      "z" : 1.0
    }, {
      "x" : -0.309017,
      "y" : -0.19098301,
      "z" : 1.0
    }, {
      "x" : 0.309017,
      "y" : -0.19098301,
      "z" : 1.0
    }, {
      "x" : 0.690983,
      "y" : -0.809017,
      "z" : 0.0
    }, {
      "x" : -0.809017,
      "y" : 0.0,
      "z" : -0.690983
    }, {
      "x" : -0.618034,
      "y" : -0.309017,
      "z" : -0.809017
    }, {
      "x" : -0.309017,
      "y" : -0.19098301,
      "z" : -1.0
    }, {
      "x" : -0.618034,
      "y" : 0.309017,
      "z" : -0.809017
    }, {
      "x" : -0.809017,
      "y" : -0.618034,
      "z" : -0.309017
    } ],
    "faces" : [ {
      "vertices" : [ 9, 40, 35, 34, 10 ]
    }, {
      "vertices" : [ 0, 1, 2 ]
    }, {
      "vertices" : [ 33, 51, 49 ]
    }, {
      "vertices" : [ 25, 36, 37, 38 ]
    }, {
      "vertices" : [ 41, 55, 42 ]
    }, {
      "vertices" : [ 9, 32, 59, 40 ]
    }, {
      "vertices" : [ 20, 21, 52, 48 ]
    }, {
      "vertices" : [ 26, 33, 30, 29, 27 ]
    }, {
      "vertices" : [ 3, 4, 5, 6 ]
    }, {
      "vertices" : [ 27, 29, 44, 46 ]
    }, {
      "vertices" : [ 50, 57, 56, 55, 58 ]
    }, {
      "vertices" : [ 26, 38, 51, 33 ]
    }, {
      "vertices" : [ 45, 47, 58 ]
    }, {
      "vertices" : [ 18, 28, 57, 50 ]
    }, {
      "vertices" : [ 40, 59, 56 ]
    }, {
      "vertices" : [ 31, 48, 37, 43 ]
    }, {
      "vertices" : [ 7, 8, 9, 10 ]
    }, {
      "vertices" : [ 36, 41, 42, 43 ]
    }, {
      "vertices" : [ 24, 46, 47, 45 ]
    }, {
      "vertices" : [ 4, 30, 5 ]
    }, {
      "vertices" : [ 15, 47, 46, 44, 16 ]
    }, {
      "vertices" : [ 15, 50, 58, 47 ]
    }, {
      "vertices" : [ 24, 45, 41, 36, 25 ]
    }, {
      "vertices" : [ 11, 14, 19 ]
    }, {
      "vertices" : [ 3, 6, 39 ]
    }, {
      "vertices" : [ 1, 39, 6, 2 ]
    }, {
      "vertices" : [ 8, 32, 9 ]
    }, {
      "vertices" : [ 11, 12, 13, 14 ]
    }, {
      "vertices" : [ 16, 22, 17 ]
    }, {
      "vertices" : [ 0, 21, 20, 8, 7 ]
    }, {
      "vertices" : [ 12, 34, 13 ]
    }, {
      "vertices" : [ 35, 40, 56, 57 ]
    }, {
      "vertices" : [ 0, 7, 54, 1 ]
    }, {
      "vertices" : [ 15, 16, 17, 18 ]
    }, {
      "vertices" : [ 3, 19, 22, 23, 4 ]
    }, {
      "vertices" : [ 7, 10, 54 ]
    }, {
      "vertices" : [ 41, 45, 58, 55 ]
    }, {
      "vertices" : [ 3, 39, 11, 19 ]
    }, {
      "vertices" : [ 14, 17, 22, 19 ]
    }, {
      "vertices" : [ 0, 2, 53, 21 ]
    }, {
      "vertices" : [ 49, 51, 52, 53 ]
    }, {
      "vertices" : [ 31, 43, 42, 59, 32 ]
    }, {
      "vertices" : [ 15, 18, 50 ]
    }, {
      "vertices" : [ 42, 55, 56, 59 ]
    }, {
      "vertices" : [ 4, 23, 29, 30 ]
    }, {
      "vertices" : [ 25, 38, 26 ]
    }, {
      "vertices" : [ 13, 28, 18, 17, 14 ]
    }, {
      "vertices" : [ 8, 20, 31, 32 ]
    }, {
      "vertices" : [ 23, 44, 29 ]
    }, {
      "vertices" : [ 24, 27, 46 ]
    }, {
      "vertices" : [ 37, 48, 52, 51, 38 ]
    }, {
      "vertices" : [ 20, 48, 31 ]
    }, {
      "vertices" : [ 24, 25, 26, 27 ]
    }, {
      "vertices" : [ 16, 44, 23, 22 ]
    }, {
      "vertices" : [ 13, 34, 35, 28 ]
    }, {
      "vertices" : [ 10, 34, 12, 54 ]
    }, {
      "vertices" : [ 2, 6, 5, 49, 53 ]
    }, {
      "vertices" : [ 36, 43, 37 ]
    }, {
      "vertices" : [ 5, 30, 33, 49 ]
    }, {
      "vertices" : [ 1, 54, 12, 11, 39 ]
    }, {
      "vertices" : [ 28, 35, 57 ]
    }, {
      "vertices" : [ 21, 53, 52 ]
    } ]
  } ],
  "instances" : [ {
    "shape" : "dd8184ec-c9ec-422a-9bad-b9b15e2dbe68",
    "color" : "#008EC2",
    "position" : {
      "x" : -6.854102,
      "y" : 17.944271,
      "z" : 0.0
    },
    "orientation" : 16
  }, {
    "shape" : "bcb9e8ec-f646-4a08-b0e6-a401e12d12d9",
    "color" : "#D91218",
    "position" : {
      "x" : -6.854102,
      "y" : 6.854102,
      "z" : 6.854102
    },
    "orientation" : 16
  }, {
    "shape" : "dd8184ec-c9ec-422a-9bad-b9b15e2dbe68",
    "color" : "#008EC2",
    "position" : {
      "x" : -17.944271,
      "y" : 0.0,
      "z" : -6.854102
    },
    "orientation" : 0
  }, {
    "shape" : "bcb9e8ec-f646-4a08-b0e6-a401e12d12d9",
    "color" : "#D91218",
    "position" : {
      "x" : 17.944271,
      "y" : 0.0,
      "z" : 6.854102
    },
    "orientation" : 47
  }, {
    "shape" : "dd8184ec-c9ec-422a-9bad-b9b15e2dbe68",
    "color" : "#008EC2",
    "position" : {
      "x" : -6.854102,
      "y" : 4.236068,
      "z" : 0.0
    },
    "orientation" : 41
  }, {
    "shape" : "bcb9e8ec-f646-4a08-b0e6-a401e12d12d9",
    "color" : "#D91218",
    "position" : {
      "x" : -6.854102,
      "y" : 6.854102,
      "z" : -6.854102
    },
    "orientation" : 17
  }, {
    "shape" : "bcb9e8ec-f646-4a08-b0e6-a401e12d12d9",
    "color" : "#D91218",
    "position" : {
      "x" : -6.854102,
      "y" : 4.236068,
      "z" : 0.0
    },
    "orientation" : 31
  }, {
    "shape" : "778345a8-7a24-4dee-8cf3-a8d477bcb2aa",
    "color" : "#008EC2",
    "position" : {
      "x" : 0.0,
      "y" : -17.944271,
      "z" : 11.09017
    },
    "orientation" : 56
  }, {
    "shape" : "778345a8-7a24-4dee-8cf3-a8d477bcb2aa",
    "color" : "#008EC2",
    "position" : {
      "x" : 11.09017,
      "y" : 0.0,
      "z" : 4.236068
    },
    "orientation" : 53
  }, {
    "shape" : "778345a8-7a24-4dee-8cf3-a8d477bcb2aa",
    "color" : "#008EC2",
    "position" : {
      "x" : 0.0,
      "y" : -4.236068,
      "z" : 11.09017
    },
    "orientation" : 53
  }, {
    "shape" : "dd8184ec-c9ec-422a-9bad-b9b15e2dbe68",
    "color" : "#008EC2",
    "position" : {
      "x" : 0.0,
      "y" : 4.236068,
      "z" : 11.09017
    },
    "orientation" : 24
  }, {
    "shape" : "bcb9e8ec-f646-4a08-b0e6-a401e12d12d9",
    "color" : "#D91218",
    "position" : {
      "x" : -6.854102,
      "y" : 4.236068,
      "z" : 0.0
    },
    "orientation" : 16
  }, {
    "shape" : "dd8184ec-c9ec-422a-9bad-b9b15e2dbe68",
    "color" : "#008EC2",
    "position" : {
      "x" : 11.09017,
      "y" : 0.0,
      "z" : 4.236068
    },
    "orientation" : 55
  }, {
    "shape" : "778345a8-7a24-4dee-8cf3-a8d477bcb2aa",
    "color" : "#008EC2",
    "position" : {
      "x" : 6.854102,
      "y" : 4.236068,
      "z" : 0.0
    },
    "orientation" : 16
  }, {
    "shape" : "dd8184ec-c9ec-422a-9bad-b9b15e2dbe68",
    "color" : "#008EC2",
    "position" : {
      "x" : 17.944271,
      "y" : 0.0,
      "z" : 6.854102
    },
    "orientation" : 47
  }, {
    "shape" : "778345a8-7a24-4dee-8cf3-a8d477bcb2aa",
    "color" : "#008EC2",
    "position" : {
      "x" : 0.0,
      "y" : -6.854102,
      "z" : 17.944271
    },
    "orientation" : 55
  }, {
    "shape" : "dd8184ec-c9ec-422a-9bad-b9b15e2dbe68",
    "color" : "#008EC2",
    "position" : {
      "x" : 4.236068,
      "y" : 0.0,
      "z" : -6.854102
    },
    "orientation" : 7
  }, {
    "shape" : "778345a8-7a24-4dee-8cf3-a8d477bcb2aa",
    "color" : "#008EC2",
    "position" : {
      "x" : 0.0,
      "y" : -4.236068,
      "z" : 11.09017
    },
    "orientation" : 26
  }, {
    "shape" : "778345a8-7a24-4dee-8cf3-a8d477bcb2aa",
    "color" : "#008EC2",
    "position" : {
      "x" : 0.0,
      "y" : 17.944271,
      "z" : 11.09017
    },
    "orientation" : 53
  }, {
    "shape" : "bcb9e8ec-f646-4a08-b0e6-a401e12d12d9",
    "color" : "#D91218",
    "position" : {
      "x" : 4.236068,
      "y" : 0.0,
      "z" : -6.854102
    },
    "orientation" : 45
  }, {
    "shape" : "778345a8-7a24-4dee-8cf3-a8d477bcb2aa",
    "color" : "#008EC2",
    "position" : {
      "x" : 17.944271,
      "y" : 0.0,
      "z" : -6.854102
    },
    "orientation" : 45
  }, {
    "shape" : "778345a8-7a24-4dee-8cf3-a8d477bcb2aa",
    "color" : "#008EC2",
    "position" : {
      "x" : -4.236068,
      "y" : 11.09017,
      "z" : 0.0
    },
    "orientation" : 22
  }, {
    "shape" : "bcb9e8ec-f646-4a08-b0e6-a401e12d12d9",
    "color" : "#D91218",
    "position" : {
      "x" : 4.236068,
      "y" : 0.0,
      "z" : -6.854102
    },
    "orientation" : 30
  }, {
    "shape" : "778345a8-7a24-4dee-8cf3-a8d477bcb2aa",
    "color" : "#008EC2",
    "position" : {
      "x" : 6.854102,
      "y" : -17.944271,
      "z" : 0.0
    },
    "orientation" : 55
  }, {
    "shape" : "778345a8-7a24-4dee-8cf3-a8d477bcb2aa",
    "color" : "#008EC2",
    "position" : {
      "x" : 11.09017,
      "y" : 11.09017,
      "z" : 11.09017
    },
    "orientation" : 22
  }, {
    "shape" : "bcb9e8ec-f646-4a08-b0e6-a401e12d12d9",
    "color" : "#D91218",
    "position" : {
      "x" : -17.944271,
      "y" : 11.09017,
      "z" : 0.0
    },
    "orientation" : 17
  }, {
    "shape" : "465655c2-ddd5-4bcd-b0be-60894c26e84b",
    "color" : "#F2F2F2",
    "position" : {
      "x" : 17.944271,
      "y" : 11.09017,
      "z" : 0.0
    }
  }, {
    "shape" : "bcb9e8ec-f646-4a08-b0e6-a401e12d12d9",
    "color" : "#D91218",
    "position" : {
      "x" : 0.0,
      "y" : 4.236068,
      "z" : -11.09017
    },
    "orientation" : 45
  }, {
    "shape" : "dd8184ec-c9ec-422a-9bad-b9b15e2dbe68",
    "color" : "#008EC2",
    "position" : {
      "x" : -4.236068,
      "y" : 0.0,
      "z" : 6.854102
    },
    "orientation" : 26
  }, {
    "shape" : "778345a8-7a24-4dee-8cf3-a8d477bcb2aa",
    "color" : "#008EC2",
    "position" : {
      "x" : -6.854102,
      "y" : -17.944271,
      "z" : 0.0
    },
    "orientation" : 54
  }, {
    "shape" : "778345a8-7a24-4dee-8cf3-a8d477bcb2aa",
    "color" : "#008EC2",
    "position" : {
      "x" : -17.944271,
      "y" : 0.0,
      "z" : 6.854102
    },
    "orientation" : 26
  }, {
    "shape" : "dd8184ec-c9ec-422a-9bad-b9b15e2dbe68",
    "color" : "#008EC2",
    "position" : {
      "x" : 11.09017,
      "y" : 0.0,
      "z" : 4.236068
    },
    "orientation" : 36
  }, {
    "shape" : "778345a8-7a24-4dee-8cf3-a8d477bcb2aa",
    "color" : "#008EC2",
    "position" : {
      "x" : 11.09017,
      "y" : -11.09017,
      "z" : 11.09017
    },
    "orientation" : 47
  }, {
    "shape" : "465655c2-ddd5-4bcd-b0be-60894c26e84b",
    "color" : "#F2F2F2",
    "position" : {
      "x" : -11.09017,
      "y" : 11.09017,
      "z" : -11.09017
    }
  }, {
    "shape" : "dd8184ec-c9ec-422a-9bad-b9b15e2dbe68",
    "color" : "#008EC2",
    "position" : {
      "x" : 11.09017,
      "y" : 11.09017,
      "z" : 11.09017
    },
    "orientation" : 55
  }, {
    "shape" : "dd8184ec-c9ec-422a-9bad-b9b15e2dbe68",
    "color" : "#008EC2",
    "position" : {
      "x" : 11.09017,
      "y" : 0.0,
      "z" : 4.236068
    },
    "orientation" : 22
  }, {
    "shape" : "778345a8-7a24-4dee-8cf3-a8d477bcb2aa",
    "color" : "#008EC2",
    "position" : {
      "x" : 0.0,
      "y" : -6.854102,
      "z" : 4.236068
    },
    "orientation" : 47
  }, {
    "shape" : "465655c2-ddd5-4bcd-b0be-60894c26e84b",
    "color" : "#F2F2F2",
    "position" : {
      "x" : 0.0,
      "y" : 4.236068,
      "z" : 11.09017
    }
  }, {
    "shape" : "bcb9e8ec-f646-4a08-b0e6-a401e12d12d9",
    "color" : "#D91218",
    "position" : {
      "x" : 4.236068,
      "y" : 11.09017,
      "z" : 0.0
    },
    "orientation" : 30
  }, {
    "shape" : "dd8184ec-c9ec-422a-9bad-b9b15e2dbe68",
    "color" : "#008EC2",
    "position" : {
      "x" : -6.854102,
      "y" : -17.944271,
      "z" : 0.0
    },
    "orientation" : 55
  }, {
    "shape" : "465655c2-ddd5-4bcd-b0be-60894c26e84b",
    "color" : "#F2F2F2",
    "position" : {
      "x" : -6.854102,
      "y" : 6.854102,
      "z" : -6.854102
    }
  }, {
    "shape" : "bcb9e8ec-f646-4a08-b0e6-a401e12d12d9",
    "color" : "#D91218",
    "position" : {
      "x" : 0.0,
      "y" : -6.854102,
      "z" : -4.236068
    },
    "orientation" : 16
  }, {
    "shape" : "465655c2-ddd5-4bcd-b0be-60894c26e84b",
    "color" : "#F2F2F2",
    "position" : {
      "x" : 11.09017,
      "y" : 11.09017,
      "z" : 11.09017
    }
  }, {
    "shape" : "dd8184ec-c9ec-422a-9bad-b9b15e2dbe68",
    "color" : "#008EC2",
    "position" : {
      "x" : -6.854102,
      "y" : 6.854102,
      "z" : 6.854102
    },
    "orientation" : 21
  }, {
    "shape" : "778345a8-7a24-4dee-8cf3-a8d477bcb2aa",
    "color" : "#008EC2",
    "position" : {
      "x" : 0.0,
      "y" : 17.944271,
      "z" : -11.09017
    },
    "orientation" : 39
  }, {
    "shape" : "778345a8-7a24-4dee-8cf3-a8d477bcb2aa",
    "color" : "#008EC2",
    "position" : {
      "x" : 11.09017,
      "y" : -11.09017,
      "z" : 11.09017
    },
    "orientation" : 54
  }, {
    "shape" : "778345a8-7a24-4dee-8cf3-a8d477bcb2aa",
    "color" : "#008EC2",
    "position" : {
      "x" : 0.0,
      "y" : 6.854102,
      "z" : 17.944271
    },
    "orientation" : 47
  }, {
    "shape" : "778345a8-7a24-4dee-8cf3-a8d477bcb2aa",
    "color" : "#008EC2",
    "position" : {
      "x" : 17.944271,
      "y" : 0.0,
      "z" : 6.854102
    },
    "orientation" : 36
  }, {
    "shape" : "778345a8-7a24-4dee-8cf3-a8d477bcb2aa",
    "color" : "#008EC2",
    "position" : {
      "x" : 11.09017,
      "y" : -11.09017,
      "z" : 11.09017
    },
    "orientation" : 52
  }, {
    "shape" : "bcb9e8ec-f646-4a08-b0e6-a401e12d12d9",
    "color" : "#D91218",
    "position" : {
      "x" : 6.854102,
      "y" : 6.854102,
      "z" : 6.854102
    },
    "orientation" : 47
  }, {
    "shape" : "778345a8-7a24-4dee-8cf3-a8d477bcb2aa",
    "color" : "#008EC2",
    "position" : {
      "x" : 6.854102,
      "y" : -4.236068,
      "z" : 0.0
    },
    "orientation" : 55
  }, {
    "shape" : "dd8184ec-c9ec-422a-9bad-b9b15e2dbe68",
    "color" : "#008EC2",
    "position" : {
      "x" : -6.854102,
      "y" : -17.944271,
      "z" : 0.0
    },
    "orientation" : 7
  }, {
    "shape" : "778345a8-7a24-4dee-8cf3-a8d477bcb2aa",
    "color" : "#008EC2",
    "position" : {
      "x" : -11.09017,
      "y" : 0.0,
      "z" : 4.236068
    },
    "orientation" : 47
  }, {
    "shape" : "bcb9e8ec-f646-4a08-b0e6-a401e12d12d9",
    "color" : "#D91218",
    "position" : {
      "x" : 11.09017,
      "y" : 0.0,
      "z" : 17.944271
    },
    "orientation" : 16
  }, {
    "shape" : "778345a8-7a24-4dee-8cf3-a8d477bcb2aa",
    "color" : "#008EC2",
    "position" : {
      "x" : 4.236068,
      "y" : 0.0,
      "z" : 6.854102
    },
    "orientation" : 25
  }, {
    "shape" : "778345a8-7a24-4dee-8cf3-a8d477bcb2aa",
    "color" : "#008EC2",
    "position" : {
      "x" : 11.09017,
      "y" : 0.0,
      "z" : 4.236068
    },
    "orientation" : 47
  }, {
    "shape" : "bcb9e8ec-f646-4a08-b0e6-a401e12d12d9",
    "color" : "#D91218",
    "position" : {
      "x" : 11.09017,
      "y" : -11.09017,
      "z" : 11.09017
    },
    "orientation" : 17
  }, {
    "shape" : "dd8184ec-c9ec-422a-9bad-b9b15e2dbe68",
    "color" : "#008EC2",
    "position" : {
      "x" : 11.09017,
      "y" : 0.0,
      "z" : 17.944271
    },
    "orientation" : 55
  }, {
    "shape" : "dd8184ec-c9ec-422a-9bad-b9b15e2dbe68",
    "color" : "#008EC2",
    "position" : {
      "x" : 11.09017,
      "y" : 0.0,
      "z" : -4.236068
    },
    "orientation" : 7
  }, {
    "shape" : "bcb9e8ec-f646-4a08-b0e6-a401e12d12d9",
    "color" : "#D91218",
    "position" : {
      "x" : 4.236068,
      "y" : -11.09017,
      "z" : 0.0
    },
    "orientation" : 45
  }, {
    "shape" : "778345a8-7a24-4dee-8cf3-a8d477bcb2aa",
    "color" : "#008EC2",
    "position" : {
      "x" : 17.944271,
      "y" : 11.09017,
      "z" : 0.0
    },
    "orientation" : 41
  }, {
    "shape" : "bcb9e8ec-f646-4a08-b0e6-a401e12d12d9",
    "color" : "#D91218",
    "position" : {
      "x" : -11.09017,
      "y" : 0.0,
      "z" : 4.236068
    },
    "orientation" : 47
  }, {
    "shape" : "778345a8-7a24-4dee-8cf3-a8d477bcb2aa",
    "color" : "#008EC2",
    "position" : {
      "x" : -6.854102,
      "y" : 6.854102,
      "z" : 6.854102
    },
    "orientation" : 26
  }, {
    "shape" : "dd8184ec-c9ec-422a-9bad-b9b15e2dbe68",
    "color" : "#008EC2",
    "position" : {
      "x" : -6.854102,
      "y" : 6.854102,
      "z" : 6.854102
    },
    "orientation" : 0
  }, {
    "shape" : "dd8184ec-c9ec-422a-9bad-b9b15e2dbe68",
    "color" : "#008EC2",
    "position" : {
      "x" : -4.236068,
      "y" : 11.09017,
      "z" : 0.0
    },
    "orientation" : 39
  }, {
    "shape" : "bcb9e8ec-f646-4a08-b0e6-a401e12d12d9",
    "color" : "#D91218",
    "position" : {
      "x" : 4.236068,
      "y" : 11.09017,
      "z" : 0.0
    },
    "orientation" : 45
  }, {
    "shape" : "dd8184ec-c9ec-422a-9bad-b9b15e2dbe68",
    "color" : "#008EC2",
    "position" : {
      "x" : 11.09017,
      "y" : 11.09017,
      "z" : -11.09017
    },
    "orientation" : 41
  }, {
    "shape" : "778345a8-7a24-4dee-8cf3-a8d477bcb2aa",
    "color" : "#008EC2",
    "position" : {
      "x" : -6.854102,
      "y" : -6.854102,
      "z" : 6.854102
    },
    "orientation" : 52
  }, {
    "shape" : "778345a8-7a24-4dee-8cf3-a8d477bcb2aa",
    "color" : "#008EC2",
    "position" : {
      "x" : 11.09017,
      "y" : 11.09017,
      "z" : 11.09017
    },
    "orientation" : 39
  }, {
    "shape" : "465655c2-ddd5-4bcd-b0be-60894c26e84b",
    "color" : "#F2F2F2",
    "position" : {
      "x" : -11.09017,
      "y" : 0.0,
      "z" : 17.944271
    }
  }, {
    "shape" : "bcb9e8ec-f646-4a08-b0e6-a401e12d12d9",
    "color" : "#D91218",
    "position" : {
      "x" : 4.236068,
      "y" : 11.09017,
      "z" : 0.0
    },
    "orientation" : 17
  }, {
    "shape" : "465655c2-ddd5-4bcd-b0be-60894c26e84b",
    "color" : "#F2F2F2",
    "position" : {
      "x" : -11.09017,
      "y" : 11.09017,
      "z" : 11.09017
    }
  }, {
    "shape" : "dd8184ec-c9ec-422a-9bad-b9b15e2dbe68",
    "color" : "#008EC2",
    "position" : {
      "x" : -11.09017,
      "y" : 0.0,
      "z" : -4.236068
    },
    "orientation" : 26
  }, {
    "shape" : "778345a8-7a24-4dee-8cf3-a8d477bcb2aa",
    "color" : "#008EC2",
    "position" : {
      "x" : 11.09017,
      "y" : 11.09017,
      "z" : 11.09017
    },
    "orientation" : 53
  }, {
    "shape" : "dd8184ec-c9ec-422a-9bad-b9b15e2dbe68",
    "color" : "#008EC2",
    "position" : {
      "x" : 0.0,
      "y" : 6.854102,
      "z" : 17.944271
    },
    "orientation" : 56
  }, {
    "shape" : "778345a8-7a24-4dee-8cf3-a8d477bcb2aa",
    "color" : "#008EC2",
    "position" : {
      "x" : 0.0,
      "y" : -4.236068,
      "z" : -11.09017
    },
    "orientation" : 41
  }, {
    "shape" : "465655c2-ddd5-4bcd-b0be-60894c26e84b",
    "color" : "#F2F2F2",
    "position" : {
      "x" : 17.944271,
      "y" : -11.09017,
      "z" : 0.0
    }
  }, {
    "shape" : "dd8184ec-c9ec-422a-9bad-b9b15e2dbe68",
    "color" : "#008EC2",
    "position" : {
      "x" : 11.09017,
      "y" : 11.09017,
      "z" : 11.09017
    },
    "orientation" : 24
  }, {
    "shape" : "bcb9e8ec-f646-4a08-b0e6-a401e12d12d9",
    "color" : "#D91218",
    "position" : {
      "x" : 17.944271,
      "y" : -11.09017,
      "z" : 0.0
    },
    "orientation" : 45
  }, {
    "shape" : "bcb9e8ec-f646-4a08-b0e6-a401e12d12d9",
    "color" : "#D91218",
    "position" : {
      "x" : 11.09017,
      "y" : 0.0,
      "z" : 17.944271
    },
    "orientation" : 47
  }, {
    "shape" : "dd8184ec-c9ec-422a-9bad-b9b15e2dbe68",
    "color" : "#008EC2",
    "position" : {
      "x" : -6.854102,
      "y" : 6.854102,
      "z" : -6.854102
    },
    "orientation" : 24
  }, {
    "shape" : "bcb9e8ec-f646-4a08-b0e6-a401e12d12d9",
    "color" : "#D91218",
    "position" : {
      "x" : 11.09017,
      "y" : 11.09017,
      "z" : -11.09017
    },
    "orientation" : 45
  }, {
    "shape" : "bcb9e8ec-f646-4a08-b0e6-a401e12d12d9",
    "color" : "#D91218",
    "position" : {
      "x" : 17.944271,
      "y" : 11.09017,
      "z" : 0.0
    },
    "orientation" : 45
  }, {
    "shape" : "778345a8-7a24-4dee-8cf3-a8d477bcb2aa",
    "color" : "#008EC2",
    "position" : {
      "x" : -6.854102,
      "y" : -6.854102,
      "z" : 6.854102
    },
    "orientation" : 25
  }, {
    "shape" : "dd8184ec-c9ec-422a-9bad-b9b15e2dbe68",
    "color" : "#008EC2",
    "position" : {
      "x" : 6.854102,
      "y" : 4.236068,
      "z" : 0.0
    },
    "orientation" : 26
  }, {
    "shape" : "bcb9e8ec-f646-4a08-b0e6-a401e12d12d9",
    "color" : "#D91218",
    "position" : {
      "x" : 6.854102,
      "y" : -6.854102,
      "z" : 6.854102
    },
    "orientation" : 47
  }, {
    "shape" : "dd8184ec-c9ec-422a-9bad-b9b15e2dbe68",
    "color" : "#008EC2",
    "position" : {
      "x" : -6.854102,
      "y" : -6.854102,
      "z" : -6.854102
    },
    "orientation" : 7
  }, {
    "shape" : "bcb9e8ec-f646-4a08-b0e6-a401e12d12d9",
    "color" : "#D91218",
    "position" : {
      "x" : -11.09017,
      "y" : 11.09017,
      "z" : 11.09017
    },
    "orientation" : 31
  }, {
    "shape" : "778345a8-7a24-4dee-8cf3-a8d477bcb2aa",
    "color" : "#008EC2",
    "position" : {
      "x" : -11.09017,
      "y" : -11.09017,
      "z" : 11.09017
    },
    "orientation" : 55
  }, {
    "shape" : "778345a8-7a24-4dee-8cf3-a8d477bcb2aa",
    "color" : "#008EC2",
    "position" : {
      "x" : 11.09017,
      "y" : 0.0,
      "z" : 17.944271
    },
    "orientation" : 52
  }, {
    "shape" : "dd8184ec-c9ec-422a-9bad-b9b15e2dbe68",
    "color" : "#008EC2",
    "position" : {
      "x" : 0.0,
      "y" : 6.854102,
      "z" : 4.236068
    },
    "orientation" : 36
  }, {
    "shape" : "465655c2-ddd5-4bcd-b0be-60894c26e84b",
    "color" : "#F2F2F2",
    "position" : {
      "x" : 6.854102,
      "y" : 6.854102,
      "z" : 6.854102
    }
  }, {
    "shape" : "bcb9e8ec-f646-4a08-b0e6-a401e12d12d9",
    "color" : "#D91218",
    "position" : {
      "x" : 6.854102,
      "y" : 6.854102,
      "z" : 6.854102
    },
    "orientation" : 16
  }, {
