{
  "polygons" : "true",
  "field" : "golden",
  "symmetry" : "icosahedral",
  "orientations" : [ [ 1.0, 0.0, 0.0, 0.0, 0.0, 1.0, 0.0, 0.0, 0.0, 0.0, 1.0, 0.0, 0.0, 0.0, 0.0, 1.0 ], [ 0.0, 0.0, 1.0, 0.0, 1.0, 0.0, 0.0, 0.0, 0.0, 1.0, 0.0, 0.0, 0.0, 0.0, 0.0, 1.0 ], [ 0.0, 1.0, 0.0, 0.0, 0.0, 0.0, 1.0, 0.0, 1.0, 0.0, 0.0, 0.0, 0.0, 0.0, 0.0, 1.0 ], [ 0.809017, 0.309017, 0.5, 0.0, 0.309017, 0.5, -0.809017, 0.0, -0.5, 0.809017, 0.309017, 0.0, 0.0, 0.0, 0.0, 1.0 ], [ -0.5, 0.809017, 0.309017, 0.0, 0.809017, 0.309017, 0.5, 0.0, 0.309017, 0.5, -0.809017, 0.0, 0.0, 0.0, 0.0, 1.0 ], [ 0.309017, 0.5, -0.809017, 0.0, -0.5, 0.809017, 0.309017, 0.0, 0.809017, 0.309017, 0.5, 0.0, 0.0, 0.0, 0.0, 1.0 ], [ 0.5, 0.809017, 0.309017, 0.0, 0.809017, -0.309017, -0.5, 0.0, -0.309017, 0.5, -0.809017, 0.0, 0.0, 0.0, 0.0, 1.0 ], [ -0.309017, 0.5, -0.809017, 0.0, 0.5, 0.809017, 0.309017, 0.0, 0.809017, -0.309017, -0.5, 0.0, 0.0, 0.0, 0.0, 1.0 ], [ 0.809017, -0.309017, -0.5, 0.0, -0.309017, 0.5, -0.809017, 0.0, 0.5, 0.809017, 0.309017, 0.0, 0.0, 0.0, 0.0, 1.0 ], [ 0.5, 0.809017, -0.309017, 0.0, 0.809017, -0.309017, 0.5, 0.0, 0.309017, -0.5, -0.809017, 0.0, 0.0, 0.0, 0.0, 1.0 ], [ 0.309017, -0.5, -0.809017, 0.0, 0.5, 0.809017, -0.309017, 0.0, 0.809017, -0.309017, 0.5, 0.0, 0.0, 0.0, 0.0, 1.0 ], [ 0.809017, -0.309017, 0.5, 0.0, 0.309017, -0.5, -0.809017, 0.0, 0.5, 0.809017, -0.309017, 0.0, 0.0, 0.0, 0.0, 1.0 ], [ 0.809017, 0.309017, -0.5, 0.0, 0.309017, 0.5, 0.809017, 0.0, 0.5, -0.809017, 0.309017, 0.0, 0.0, 0.0, 0.0, 1.0 ], [ 0.5, -0.809017, 0.309017, 0.0, 0.809017, 0.309017, -0.5, 0.0, 0.309017, 0.5, 0.809017, 0.0, 0.0, 0.0, 0.0, 1.0 ], [ 0.309017, 0.5, 0.809017, 0.0, 0.5, -0.809017, 0.309017, 0.0, 0.809017, 0.309017, -0.5, 0.0, 0.0, 0.0, 0.0, 1.0 ], [ 1.0, 0.0, 0.0, 0.0, 0.0, -1.0, 0.0, 0.0, 0.0, 0.0, -1.0, 0.0, 0.0, 0.0, 0.0, 1.0 ], [ 0.0, 0.0, 1.0, 0.0, -1.0, 0.0, 0.0, 0.0, 0.0, -1.0, 0.0, 0.0, 0.0, 0.0, 0.0, 1.0 ], [ 0.0, 1.0, 0.0, 0.0, 0.0, 0.0, -1.0, 0.0, -1.0, 0.0, 0.0, 0.0, 0.0, 0.0, 0.0, 1.0 ], [ 0.809017, 0.309017, 0.5, 0.0, -0.309017, -0.5, 0.809017, 0.0, 0.5, -0.809017, -0.309017, 0.0, 0.0, 0.0, 0.0, 1.0 ], [ -0.5, 0.809017, 0.309017, 0.0, -0.809017, -0.309017, -0.5, 0.0, -0.309017, -0.5, 0.809017, 0.0, 0.0, 0.0, 0.0, 1.0 ], [ 0.309017, 0.5, -0.809017, 0.0, 0.5, -0.809017, -0.309017, 0.0, -0.809017, -0.309017, -0.5, 0.0, 0.0, 0.0, 0.0, 1.0 ], [ 0.5, 0.809017, 0.309017, 0.0, -0.809017, 0.309017, 0.5, 0.0, 0.309017, -0.5, 0.809017, 0.0, 0.0, 0.0, 0.0, 1.0 ], [ -0.309017, 0.5, -0.809017, 0.0, -0.5, -0.809017, -0.309017, 0.0, -0.809017, 0.309017, 0.5, 0.0, 0.0, 0.0, 0.0, 1.0 ], [ 0.809017, -0.309017, -0.5, 0.0, 0.309017, -0.5, 0.809017, 0.0, -0.5, -0.809017, -0.309017, 0.0, 0.0, 0.0, 0.0, 1.0 ], [ 0.5, 0.809017, -0.309017, 0.0, -0.809017, 0.309017, -0.5, 0.0, -0.309017, 0.5, 0.809017, 0.0, 0.0, 0.0, 0.0, 1.0 ], [ 0.309017, -0.5, -0.809017, 0.0, -0.5, -0.809017, 0.309017, 0.0, -0.809017, 0.309017, -0.5, 0.0, 0.0, 0.0, 0.0, 1.0 ], [ 0.809017, -0.309017, 0.5, 0.0, -0.309017, 0.5, 0.809017, 0.0, -0.5, -0.809017, 0.309017, 0.0, 0.0, 0.0, 0.0, 1.0 ], [ 0.809017, 0.309017, -0.5, 0.0, -0.309017, -0.5, -0.809017, 0.0, -0.5, 0.809017, -0.309017, 0.0, 0.0, 0.0, 0.0, 1.0 ], [ 0.5, -0.809017, 0.309017, 0.0, -0.809017, -0.309017, 0.5, 0.0, -0.309017, -0.5, -0.809017, 0.0, 0.0, 0.0, 0.0, 1.0 ], [ 0.309017, 0.5, 0.809017, 0.0, -0.5, 0.809017, -0.309017, 0.0, -0.809017, -0.309017, 0.5, 0.0, 0.0, 0.0, 0.0, 1.0 ], [ -1.0, 0.0, 0.0, 0.0, 0.0, -1.0, 0.0, 0.0, 0.0, 0.0, 1.0, 0.0, 0.0, 0.0, 0.0, 1.0 ], [ 0.0, 0.0, -1.0, 0.0, -1.0, 0.0, 0.0, 0.0, 0.0, 1.0, 0.0, 0.0, 0.0, 0.0, 0.0, 1.0 ], [ 0.0, -1.0, 0.0, 0.0, 0.0, 0.0, -1.0, 0.0, 1.0, 0.0, 0.0, 0.0, 0.0, 0.0, 0.0, 1.0 ], [ -0.809017, -0.309017, -0.5, 0.0, -0.309017, -0.5, 0.809017, 0.0, -0.5, 0.809017, 0.309017, 0.0, 0.0, 0.0, 0.0, 1.0 ], [ 0.5, -0.809017, -0.309017, 0.0, -0.809017, -0.309017, -0.5, 0.0, 0.309017, 0.5, -0.809017, 0.0, 0.0, 0.0, 0.0, 1.0 ], [ -0.309017, -0.5, 0.809017, 0.0, 0.5, -0.809017, -0.309017, 0.0, 0.809017, 0.309017, 0.5, 0.0, 0.0, 0.0, 0.0, 1.0 ], [ -0.5, -0.809017, -0.309017, 0.0, -0.809017, 0.309017, 0.5, 0.0, -0.309017, 0.5, -0.809017, 0.0, 0.0, 0.0, 0.0, 1.0 ], [ 0.309017, -0.5, 0.809017, 0.0, -0.5, -0.809017, -0.309017, 0.0, 0.809017, -0.309017, -0.5, 0.0, 0.0, 0.0, 0.0, 1.0 ], [ -0.809017, 0.309017, 0.5, 0.0, 0.309017, -0.5, 0.809017, 0.0, 0.5, 0.809017, 0.309017, 0.0, 0.0, 0.0, 0.0, 1.0 ], [ -0.5, -0.809017, 0.309017, 0.0, -0.809017, 0.309017, -0.5, 0.0, 0.309017, -0.5, -0.809017, 0.0, 0.0, 0.0, 0.0, 1.0 ], [ -0.309017, 0.5, 0.809017, 0.0, -0.5, -0.809017, 0.309017, 0.0, 0.809017, -0.309017, 0.5, 0.0, 0.0, 0.0, 0.0, 1.0 ], [ -0.809017, 0.309017, -0.5, 0.0, -0.309017, 0.5, 0.809017, 0.0, 0.5, 0.809017, -0.309017, 0.0, 0.0, 0.0, 0.0, 1.0 ], [ -0.809017, -0.309017, 0.5, 0.0, -0.309017, -0.5, -0.809017, 0.0, 0.5, -0.809017, 0.309017, 0.0, 0.0, 0.0, 0.0, 1.0 ], [ -0.5, 0.809017, -0.309017, 0.0, -0.809017, -0.309017, 0.5, 0.0, 0.309017, 0.5, 0.809017, 0.0, 0.0, 0.0, 0.0, 1.0 ], [ -0.309017, -0.5, -0.809017, 0.0, -0.5, 0.809017, -0.309017, 0.0, 0.809017, 0.309017, -0.5, 0.0, 0.0, 0.0, 0.0, 1.0 ], [ -1.0, 0.0, 0.0, 0.0, 0.0, 1.0, 0.0, 0.0, 0.0, 0.0, -1.0, 0.0, 0.0, 0.0, 0.0, 1.0 ], [ 0.0, 0.0, -1.0, 0.0, 1.0, 0.0, 0.0, 0.0, 0.0, -1.0, 0.0, 0.0, 0.0, 0.0, 0.0, 1.0 ], [ 0.0, -1.0, 0.0, 0.0, 0.0, 0.0, 1.0, 0.0, -1.0, 0.0, 0.0, 0.0, 0.0, 0.0, 0.0, 1.0 ], [ -0.809017, -0.309017, -0.5, 0.0, 0.309017, 0.5, -0.809017, 0.0, 0.5, -0.809017, -0.309017, 0.0, 0.0, 0.0, 0.0, 1.0 ], [ 0.5, -0.809017, -0.309017, 0.0, 0.809017, 0.309017, 0.5, 0.0, -0.309017, -0.5, 0.809017, 0.0, 0.0, 0.0, 0.0, 1.0 ], [ -0.309017, -0.5, 0.809017, 0.0, -0.5, 0.809017, 0.309017, 0.0, -0.809017, -0.309017, -0.5, 0.0, 0.0, 0.0, 0.0, 1.0 ], [ -0.5, -0.809017, -0.309017, 0.0, 0.809017, -0.309017, -0.5, 0.0, 0.309017, -0.5, 0.809017, 0.0, 0.0, 0.0, 0.0, 1.0 ], [ 0.309017, -0.5, 0.809017, 0.0, 0.5, 0.809017, 0.309017, 0.0, -0.809017, 0.309017, 0.5, 0.0, 0.0, 0.0, 0.0, 1.0 ], [ -0.809017, 0.309017, 0.5, 0.0, -0.309017, 0.5, -0.809017, 0.0, -0.5, -0.809017, -0.309017, 0.0, 0.0, 0.0, 0.0, 1.0 ], [ -0.5, -0.809017, 0.309017, 0.0, 0.809017, -0.309017, 0.5, 0.0, -0.309017, 0.5, 0.809017, 0.0, 0.0, 0.0, 0.0, 1.0 ], [ -0.309017, 0.5, 0.809017, 0.0, 0.5, 0.809017, -0.309017, 0.0, -0.809017, 0.309017, -0.5, 0.0, 0.0, 0.0, 0.0, 1.0 ], [ -0.809017, 0.309017, -0.5, 0.0, 0.309017, -0.5, -0.809017, 0.0, -0.5, -0.809017, 0.309017, 0.0, 0.0, 0.0, 0.0, 1.0 ], [ -0.809017, -0.309017, 0.5, 0.0, 0.309017, 0.5, 0.809017, 0.0, -0.5, 0.809017, -0.309017, 0.0, 0.0, 0.0, 0.0, 1.0 ], [ -0.5, 0.809017, -0.309017, 0.0, 0.809017, 0.309017, -0.5, 0.0, -0.309017, -0.5, -0.809017, 0.0, 0.0, 0.0, 0.0, 1.0 ], [ -0.309017, -0.5, -0.809017, 0.0, 0.5, -0.809017, 0.309017, 0.0, -0.809017, -0.309017, 0.5, 0.0, 0.0, 0.0, 0.0, 1.0 ] ],
  "lights" : {
    "directionalLights" : [ {
      "direction" : [ 1.0, -1.0, -1.0 ],
      "color" : "#EBEBE4"
    }, {
      "direction" : [ -1.0, 0.0, 0.0 ],
      "color" : "#E4E4EB"
    }, {
      "direction" : [ 0.0, 0.0, -1.0 ],
      "color" : "#1E1E1E"
    } ],
    "ambientColor" : "#292929",
    "backgroundColor" : "#8CC2E7"
  },
  "camera" : {
    "perspective" : true,
    "lookAtPoint" : {
      "x" : 0.0,
      "y" : 0.0,
      "z" : 0.0
    },
    "upDirection" : {
      "x" : 0.54221994,
      "y" : -0.63234943,
      "z" : -0.5532931
    },
    "lookDirection" : {
      "x" : 0.8280011,
      "y" : 0.5140927,
      "z" : 0.22388302
    },
    "nearClipDistance" : 0.36209944,
    "farClipDistance" : 782.13385,
    "stereo" : false,
    "position" : {
      "x" : -323.80408,
      "y" : -201.04478,
      "z" : -87.55331
    },
    "width" : 175.9804,
    "upDirectionRV" : {
      "x" : 0.54221994,
      "y" : -0.63234943,
      "z" : -0.5532931,
      "zero" : false
    },
    "fieldOfView" : 0.44262925,
    "lookDirectionRV" : {
      "x" : 0.8280011,
      "y" : 0.5140927,
      "z" : 0.22388302,
      "zero" : false
    },
    "lookAtPointRV" : {
      "x" : 0.0,
      "y" : 0.0,
      "z" : 0.0,
      "zero" : true
    },
    "viewDistance" : 391.0672
  },
  "embedding" : [ 1.0, 0.0, 0.0, 0.0, 0.0, 1.0, 0.0, 0.0, 0.0, 0.0, 1.0, 0.0, 0.0, 0.0, 0.0, 1.0 ],
  "shapes" : [ {
    "id" : "7d35bb94-f554-4f74-9ccf-e624e9a72ea8",
    "name" : "ball",
    "vertices" : [ {
      "x" : 0.309017,
      "y" : -0.809017,
      "z" : 0.618034
    }, {
      "x" : 0.809017,
      "y" : -0.618034,
      "z" : 0.309017
    }, {
      "x" : 0.618034,
      "y" : -0.309017,
      "z" : 0.809017
    }, {
      "x" : 1.0,
      "y" : 0.309017,
      "z" : 0.19098301
    }, {
      "x" : 0.809017,
      "y" : 0.618034,
      "z" : 0.309017
    }, {
      "x" : 0.618034,
      "y" : 0.309017,
      "z" : 0.809017
    }, {
      "x" : 0.809017,
      "y" : 0.0,
      "z" : 0.690983
    }, {
      "x" : 0.19098301,
      "y" : -1.0,
      "z" : 0.309017
    }, {
      "x" : -0.19098301,
      "y" : -1.0,
      "z" : 0.309017
    }, {
      "x" : -0.19098301,
      "y" : -1.0,
      "z" : -0.309017
    }, {
      "x" : 0.19098301,
      "y" : -1.0,
      "z" : -0.309017
    }, {
      "x" : 1.0,
      "y" : -0.309017,
      "z" : -0.19098301
    }, {
      "x" : 0.809017,
      "y" : -0.618034,
      "z" : -0.309017
    }, {
      "x" : 0.618034,
      "y" : -0.309017,
      "z" : -0.809017
    }, {
      "x" : 0.809017,
      "y" : 0.0,
      "z" : -0.690983
    }, {
      "x" : 0.0,
      "y" : 0.690983,
      "z" : -0.809017
    }, {
      "x" : 0.309017,
      "y" : 0.809017,
      "z" : -0.618034
    }, {
      "x" : 0.618034,
      "y" : 0.309017,
      "z" : -0.809017
    }, {
      "x" : 0.309017,
      "y" : 0.19098301,
      "z" : -1.0
    }, {
      "x" : 1.0,
      "y" : 0.309017,
      "z" : -0.19098301
    }, {
      "x" : -0.309017,
      "y" : -0.809017,
      "z" : 0.618034
    }, {
      "x" : 0.0,
      "y" : -0.690983,
      "z" : 0.809017
    }, {
      "x" : 0.809017,
      "y" : 0.618034,
      "z" : -0.309017
    }, {
      "x" : 0.690983,
      "y" : 0.809017,
      "z" : 0.0
    }, {
      "x" : -0.690983,
      "y" : 0.809017,
      "z" : 0.0
    }, {
      "x" : -0.809017,
      "y" : 0.618034,
      "z" : 0.309017
    }, {
      "x" : -0.309017,
      "y" : 0.809017,
      "z" : 0.618034
    }, {
      "x" : -0.19098301,
      "y" : 1.0,
      "z" : 0.309017
    }, {
      "x" : 0.309017,
      "y" : -0.19098301,
      "z" : -1.0
    }, {
      "x" : 0.19098301,
      "y" : 1.0,
      "z" : 0.309017
    }, {
      "x" : 0.309017,
      "y" : 0.809017,
      "z" : 0.618034
    }, {
      "x" : -0.809017,
      "y" : -0.618034,
      "z" : 0.309017
    }, {
      "x" : -0.690983,
      "y" : -0.809017,
      "z" : 0.0
    }, {
      "x" : 0.0,
      "y" : 0.690983,
      "z" : 0.809017
    }, {
      "x" : 0.309017,
      "y" : -0.809017,
      "z" : -0.618034
    }, {
      "x" : 0.0,
      "y" : -0.690983,
      "z" : -0.809017
    }, {
      "x" : -1.0,
      "y" : 0.309017,
      "z" : 0.19098301
    }, {
      "x" : -0.809017,
      "y" : 0.0,
      "z" : 0.690983
    }, {
      "x" : -0.618034,
      "y" : 0.309017,
      "z" : 0.809017
    }, {
      "x" : 1.0,
      "y" : -0.309017,
      "z" : 0.19098301
    }, {
      "x" : -0.309017,
      "y" : -0.809017,
      "z" : -0.618034
    }, {
      "x" : -1.0,
      "y" : 0.309017,
      "z" : -0.19098301
    }, {
      "x" : -1.0,
      "y" : -0.309017,
      "z" : -0.19098301
    }, {
      "x" : -1.0,
      "y" : -0.309017,
      "z" : 0.19098301
    }, {
      "x" : 0.19098301,
      "y" : 1.0,
      "z" : -0.309017
    }, {
      "x" : -0.809017,
      "y" : 0.618034,
      "z" : -0.309017
    }, {
      "x" : -0.19098301,
      "y" : 1.0,
      "z" : -0.309017
    }, {
      "x" : -0.309017,
      "y" : 0.809017,
      "z" : -0.618034
    }, {
      "x" : -0.618034,
      "y" : -0.309017,
      "z" : 0.809017
    }, {
      "x" : 0.309017,
      "y" : 0.19098301,
      "z" : 1.0
    }, {
      "x" : -0.309017,
      "y" : 0.19098301,
      "z" : -1.0
    }, {
      "x" : -0.309017,
      "y" : 0.19098301,
      "z" : 1.0
    }, {
      "x" : -0.309017,
      "y" : -0.19098301,
      "z" : 1.0
    }, {
      "x" : 0.309017,
      "y" : -0.19098301,
      "z" : 1.0
    }, {
      "x" : 0.690983,
      "y" : -0.809017,
      "z" : 0.0
    }, {
      "x" : -0.809017,
      "y" : 0.0,
      "z" : -0.690983
    }, {
      "x" : -0.618034,
      "y" : -0.309017,
      "z" : -0.809017
    }, {
      "x" : -0.309017,
      "y" : -0.19098301,
      "z" : -1.0
    }, {
      "x" : -0.618034,
      "y" : 0.309017,
      "z" : -0.809017
    }, {
      "x" : -0.809017,
      "y" : -0.618034,
      "z" : -0.309017
    } ],
    "faces" : [ {
      "vertices" : [ 9, 40, 35, 34, 10 ]
    }, {
      "vertices" : [ 0, 1, 2 ]
    }, {
      "vertices" : [ 33, 51, 49 ]
    }, {
      "vertices" : [ 25, 36, 37, 38 ]
    }, {
      "vertices" : [ 41, 55, 42 ]
    }, {
      "vertices" : [ 9, 32, 59, 40 ]
    }, {
      "vertices" : [ 20, 21, 52, 48 ]
    }, {
      "vertices" : [ 26, 33, 30, 29, 27 ]
    }, {
      "vertices" : [ 3, 4, 5, 6 ]
    }, {
      "vertices" : [ 27, 29, 44, 46 ]
    }, {
      "vertices" : [ 50, 57, 56, 55, 58 ]
    }, {
      "vertices" : [ 26, 38, 51, 33 ]
    }, {
      "vertices" : [ 45, 47, 58 ]
    }, {
      "vertices" : [ 18, 28, 57, 50 ]
    }, {
      "vertices" : [ 40, 59, 56 ]
    }, {
      "vertices" : [ 31, 48, 37, 43 ]
    }, {
      "vertices" : [ 7, 8, 9, 10 ]
    }, {
      "vertices" : [ 36, 41, 42, 43 ]
    }, {
      "vertices" : [ 24, 46, 47, 45 ]
    }, {
      "vertices" : [ 4, 30, 5 ]
    }, {
      "vertices" : [ 15, 47, 46, 44, 16 ]
    }, {
      "vertices" : [ 15, 50, 58, 47 ]
    }, {
      "vertices" : [ 24, 45, 41, 36, 25 ]
    }, {
      "vertices" : [ 11, 14, 19 ]
    }, {
      "vertices" : [ 3, 6, 39 ]
    }, {
      "vertices" : [ 1, 39, 6, 2 ]
    }, {
      "vertices" : [ 8, 32, 9 ]
    }, {
      "vertices" : [ 11, 12, 13, 14 ]
    }, {
      "vertices" : [ 16, 22, 17 ]
    }, {
      "vertices" : [ 0, 21, 20, 8, 7 ]
    }, {
      "vertices" : [ 12, 34, 13 ]
    }, {
      "vertices" : [ 35, 40, 56, 57 ]
    }, {
      "vertices" : [ 0, 7, 54, 1 ]
    }, {
      "vertices" : [ 15, 16, 17, 18 ]
    }, {
      "vertices" : [ 3, 19, 22, 23, 4 ]
    }, {
      "vertices" : [ 7, 10, 54 ]
    }, {
      "vertices" : [ 41, 45, 58, 55 ]
    }, {
      "vertices" : [ 3, 39, 11, 19 ]
    }, {
      "vertices" : [ 14, 17, 22, 19 ]
    }, {
      "vertices" : [ 0, 2, 53, 21 ]
    }, {
      "vertices" : [ 49, 51, 52, 53 ]
    }, {
      "vertices" : [ 31, 43, 42, 59, 32 ]
    }, {
      "vertices" : [ 15, 18, 50 ]
    }, {
      "vertices" : [ 42, 55, 56, 59 ]
    }, {
      "vertices" : [ 4, 23, 29, 30 ]
    }, {
      "vertices" : [ 25, 38, 26 ]
    }, {
      "vertices" : [ 13, 28, 18, 17, 14 ]
    }, {
      "vertices" : [ 8, 20, 31, 32 ]
    }, {
      "vertices" : [ 23, 44, 29 ]
    }, {
      "vertices" : [ 24, 27, 46 ]
    }, {
      "vertices" : [ 37, 48, 52, 51, 38 ]
    }, {
      "vertices" : [ 20, 48, 31 ]
    }, {
      "vertices" : [ 24, 25, 26, 27 ]
    }, {
      "vertices" : [ 16, 44, 23, 22 ]
    }, {
      "vertices" : [ 13, 34, 35, 28 ]
    }, {
      "vertices" : [ 10, 34, 12, 54 ]
    }, {
      "vertices" : [ 2, 6, 5, 49, 53 ]
    }, {
      "vertices" : [ 36, 43, 37 ]
    }, {
      "vertices" : [ 5, 30, 33, 49 ]
    }, {
      "vertices" : [ 1, 54, 12, 11, 39 ]
    }, {
      "vertices" : [ 28, 35, 57 ]
    }, {
      "vertices" : [ 21, 53, 52 ]
    } ]
  }, {
    "id" : "6996e8f0-8908-4305-95c3-01a9f9cd7978",
    "orbit" : "green",
    "orbitC" : "[[2,-1,1],[5,-3,1]]",
    "length" : "[\"1\",\"0\",\"1\"]",
    "name" : "g1",
    "vertices" : [ {
      "x" : 9.376644,
      "y" : 3.3905764,
      "z" : -1.486068
    }, {
      "x" : 10.399187,
      "y" : 3.427051,
      "z" : -1.618034
    }, {
      "x" : 9.376644,
      "y" : 3.3905764,
      "z" : -1.104102
    }, {
      "x" : 9.185661,
      "y" : 3.6995935,
      "z" : -1.604102
    }, {
      "x" : 9.185661,
      "y" : 3.6995935,
      "z" : -1.2221359
    }, {
      "x" : 0.809017,
      "y" : 0.618034,
      "z" : 0.309017
    }, {
      "x" : 1.0,
      "y" : 0.309017,
      "z" : 0.19098301
    }, {
      "x" : 1.9045085,
      "y" : 0.5364745,
      "z" : -0.013932022
    }, {
      "x" : 10.09017,
      "y" : 3.927051,
      "z" : -1.809017
    }, {
      "x" : 10.281153,
      "y" : 3.618034,
      "z" : -1.927051
    }, {
      "x" : 10.281153,
      "y" : 3.618034,
      "z" : -1.309017
    }, {
      "x" : 10.09017,
      "y" : 3.927051,
      "z" : -1.427051
    }, {
      "x" : 1.7135255,
      "y" : 0.8454915,
      "z" : -0.13196601
    }, {
      "x" : 0.690983,
      "y" : 0.809017,
      "z" : 0.0
    }, {
      "x" : 1.9045085,
      "y" : 0.5364745,
      "z" : -0.39589804
    }, {
      "x" : 1.7135255,
      "y" : 0.8454915,
      "z" : -0.51393205
    }, {
      "x" : 0.809017,
      "y" : 0.618034,
      "z" : -0.309017
    }, {
      "x" : 1.0,
      "y" : 0.309017,
      "z" : -0.19098301
    }, {
      "x" : 11.09017,
      "y" : 4.236068,
      "z" : -1.618034
    } ],
    "faces" : [ {
      "vertices" : [ 0, 14, 15, 3 ]
    }, {
      "vertices" : [ 3, 15, 12, 4 ]
    }, {
      "vertices" : [ 0, 1, 2 ]
    }, {
      "vertices" : [ 12, 15, 13 ]
    }, {
      "vertices" : [ 0, 9, 1 ]
    }, {
      "vertices" : [ 0, 3, 9 ]
    }, {
      "vertices" : [ 13, 15, 16 ]
    }, {
      "vertices" : [ 6, 17, 14, 7 ]
    }, {
      "vertices" : [ 1, 10, 2 ]
    }, {
      "vertices" : [ 5, 6, 7 ]
    }, {
      "vertices" : [ 3, 8, 9 ]
    }, {
      "vertices" : [ 0, 2, 7, 14 ]
    }, {
      "vertices" : [ 5, 7, 12 ]
    }, {
      "vertices" : [ 2, 4, 12, 7 ]
    }, {
      "vertices" : [ 3, 4, 11, 8 ]
    }, {
      "vertices" : [ 2, 10, 11, 4 ]
    }, {
      "vertices" : [ 5, 12, 13 ]
    }, {
      "vertices" : [ 14, 17, 16, 15 ]
    } ]
  }, {
    "id" : "09de6700-1409-4922-b314-6e3a403f1ef4",
    "orbit" : "blue",
    "orbitC" : "[[0,0,1],[0,0,1]]",
    "length" : "[\"0\",\"1\",\"1\"]",
    "name" : "b2",
    "vertices" : [ {
      "x" : 12.708204,
      "y" : 0.309017,
      "z" : 0.19098301
    }, {
      "x" : 12.708204,
      "y" : 0.309017,
      "z" : -0.19098301
    }, {
      "x" : 1.0,
      "y" : 0.309017,
      "z" : -0.19098301
    }, {
      "x" : 1.0,
      "y" : 0.309017,
      "z" : 0.19098301
    }, {
      "x" : 12.708204,
      "y" : -0.309017,
      "z" : 0.19098301
    }, {
      "x" : 1.0,
      "y" : -0.309017,
      "z" : 0.19098301
    }, {
      "x" : 1.0,
      "y" : -0.309017,
      "z" : -0.19098301
    }, {
      "x" : 12.708204,
      "y" : -0.309017,
      "z" : -0.19098301
    }, {
      "x" : 13.708204,
      "y" : 0.0,
      "z" : 0.0
    } ],
    "faces" : [ {
      "vertices" : [ 1, 7, 6, 2 ]
    }, {
      "vertices" : [ 0, 1, 2, 3 ]
    }, {
      "vertices" : [ 4, 5, 6, 7 ]
    }, {
      "vertices" : [ 0, 3, 5, 4 ]
    } ]
  }, {
    "id" : "af2966ff-3c67-403d-96b9-9a899ef167f5",
    "orbit" : "green",
    "orbitC" : "[[2,-1,1],[5,-3,1]]",
    "length" : "[\"-1\",\"1\",\"1\"]",
    "name" : "g0",
    "vertices" : [ {
      "x" : 5.1405764,
      "y" : 1.7725425,
      "z" : -0.868034
    }, {
      "x" : 6.163119,
      "y" : 1.809017,
      "z" : -1.0
    }, {
      "x" : 5.1405764,
      "y" : 1.7725425,
      "z" : -0.48606798
    }, {
      "x" : 4.9495935,
      "y" : 2.0815594,
      "z" : -0.98606795
    }, {
      "x" : 4.9495935,
      "y" : 2.0815594,
      "z" : -0.60410196
    }, {
      "x" : 0.809017,
      "y" : 0.618034,
      "z" : 0.309017
    }, {
      "x" : 1.0,
      "y" : 0.309017,
      "z" : 0.19098301
    }, {
      "x" : 1.9045085,
      "y" : 0.5364745,
      "z" : -0.013932022
    }, {
      "x" : 5.854102,
      "y" : 2.309017,
      "z" : -1.190983
    }, {
      "x" : 6.045085,
      "y" : 2.0,
      "z" : -1.309017
    }, {
      "x" : 6.045085,
      "y" : 2.0,
      "z" : -0.690983
    }, {
      "x" : 5.854102,
      "y" : 2.309017,
      "z" : -0.809017
    }, {
      "x" : 1.7135255,
      "y" : 0.8454915,
      "z" : -0.13196601
    }, {
      "x" : 0.690983,
      "y" : 0.809017,
      "z" : 0.0
    }, {
      "x" : 1.9045085,
      "y" : 0.5364745,
      "z" : -0.39589804
    }, {
      "x" : 1.7135255,
      "y" : 0.8454915,
      "z" : -0.51393205
    }, {
      "x" : 0.809017,
      "y" : 0.618034,
      "z" : -0.309017
    }, {
      "x" : 1.0,
      "y" : 0.309017,
      "z" : -0.19098301
    }, {
      "x" : 6.854102,
      "y" : 2.618034,
      "z" : -1.0
    } ],
    "faces" : [ {
      "vertices" : [ 0, 14, 15, 3 ]
    }, {
      "vertices" : [ 3, 15, 12, 4 ]
    }, {
      "vertices" : [ 0, 1, 2 ]
    }, {
      "vertices" : [ 12, 15, 13 ]
    }, {
      "vertices" : [ 0, 9, 1 ]
    }, {
      "vertices" : [ 0, 3, 9 ]
    }, {
      "vertices" : [ 13, 15, 16 ]
    }, {
      "vertices" : [ 6, 17, 14, 7 ]
    }, {
      "vertices" : [ 1, 10, 2 ]
    }, {
      "vertices" : [ 5, 6, 7 ]
    }, {
      "vertices" : [ 3, 8, 9 ]
    }, {
      "vertices" : [ 0, 2, 7, 14 ]
    }, {
      "vertices" : [ 5, 7, 12 ]
    }, {
      "vertices" : [ 2, 4, 12, 7 ]
    }, {
      "vertices" : [ 3, 4, 11, 8 ]
    }, {
      "vertices" : [ 2, 10, 11, 4 ]
    }, {
      "vertices" : [ 5, 12, 13 ]
    }, {
      "vertices" : [ 14, 17, 16, 15 ]
    } ]
  }, {
    "id" : "ade55241-47ba-4656-92b3-86ed9443684f",
    "orbit" : "blue",
    "orbitC" : "[[0,0,1],[0,0,1]]",
    "length" : "[\"1\",\"0\",\"1\"]",
    "name" : "b1",
    "vertices" : [ {
      "x" : 7.472136,
      "y" : 0.309017,
      "z" : 0.19098301
    }, {
      "x" : 7.472136,
      "y" : 0.309017,
      "z" : -0.19098301
    }, {
      "x" : 1.0,
      "y" : 0.309017,
      "z" : -0.19098301
    }, {
      "x" : 1.0,
      "y" : 0.309017,
      "z" : 0.19098301
    }, {
      "x" : 7.472136,
      "y" : -0.309017,
      "z" : 0.19098301
    }, {
      "x" : 1.0,
      "y" : -0.309017,
      "z" : 0.19098301
    }, {
      "x" : 1.0,
      "y" : -0.309017,
      "z" : -0.19098301
    }, {
      "x" : 7.472136,
      "y" : -0.309017,
      "z" : -0.19098301
    }, {
      "x" : 8.472136,
      "y" : 0.0,
      "z" : 0.0
    } ],
    "faces" : [ {
      "vertices" : [ 1, 7, 6, 2 ]
    }, {
      "vertices" : [ 0, 1, 2, 3 ]
    }, {
      "vertices" : [ 4, 5, 6, 7 ]
    }, {
      "vertices" : [ 0, 3, 5, 4 ]
    } ]
  } ],
  "instances" : [ {
    "shape" : "7d35bb94-f554-4f74-9ccf-e624e9a72ea8",
    "color" : "#F2F2F2",
    "position" : {
      "x" : 0.0,
      "y" : -2.618034,
      "z" : 37.506577
    }
  }, {
    "shape" : "6996e8f0-8908-4305-95c3-01a9f9cd7978",
    "color" : "#008D36",
    "position" : {
      "x" : -2.618034,
      "y" : 37.506577,
      "z" : 0.0
    },
    "orientation" : 47
  }, {
    "shape" : "09de6700-1409-4922-b314-6e3a403f1ef4",
    "color" : "#007695",
    "position" : {
      "x" : 0.0,
      "y" : -24.798374,
      "z" : -29.034441
    },
    "orientation" : 1
  }, {
    "shape" : "7d35bb94-f554-4f74-9ccf-e624e9a72ea8",
    "color" : "#F2F2F2",
    "position" : {
      "x" : 8.472136,
      "y" : -24.798374,
      "z" : 29.034441
    }
  }, {
    "shape" : "6996e8f0-8908-4305-95c3-01a9f9cd7978",
    "color" : "#008D36",
    "position" : {
      "x" : -19.562305,
      "y" : -29.034441,
      "z" : -13.708204
    },
    "orientation" : 48
  }, {
    "shape" : "7d35bb94-f554-4f74-9ccf-e624e9a72ea8",
    "color" : "#F2F2F2",
    "position" : {
      "x" : 9.472136,
      "y" : -17.944271,
      "z" : -31.652475
    }
  }, {
    "shape" : "6996e8f0-8908-4305-95c3-01a9f9cd7978",
    "color" : "#008D36",
    "position" : {
      "x" : -17.944271,
      "y" : 31.652475,
      "z" : -9.472136
    },
    "orientation" : 0
  }, {
    "shape" : "7d35bb94-f554-4f74-9ccf-e624e9a72ea8",
    "color" : "#F2F2F2",
    "position" : {
      "x" : -4.236068,
      "y" : 40.12461,
      "z" : 17.944271
    }
  }, {
    "shape" : "6996e8f0-8908-4305-95c3-01a9f9cd7978",
    "color" : "#008D36",
    "position" : {
      "x" : -29.034441,
      "y" : -13.708204,
      "z" : 19.562305
    },
    "orientation" : 11
  }, {
    "shape" : "7d35bb94-f554-4f74-9ccf-e624e9a72ea8",
    "color" : "#F2F2F2",
    "position" : {
      "x" : 6.854102,
      "y" : -35.888542,
      "z" : 24.798374
    }
  }, {
    "shape" : "7d35bb94-f554-4f74-9ccf-e624e9a72ea8",
    "color" : "#F2F2F2",
    "position" : {
      "x" : -29.034441,
      "y" : 0.0,
      "z" : -33.27051
    }
  }, {
    "shape" : "7d35bb94-f554-4f74-9ccf-e624e9a72ea8",
    "color" : "#F2F2F2",
    "position" : {
      "x" : -29.034441,
      "y" : 0.0,
      "z" : 46.978714
    }
  }, {
    "shape" : "09de6700-1409-4922-b314-6e3a403f1ef4",
    "color" : "#007695",
    "position" : {
      "x" : -17.944271,
      "y" : -17.944271,
      "z" : 17.944271
    },
    "orientation" : 21
  }, {
    "shape" : "af2966ff-3c67-403d-96b9-9a899ef167f5",
    "color" : "#008D36",
    "position" : {
      "x" : -15.326238,
      "y" : 13.708204,
      "z" : -33.27051
    },
    "orientation" : 10
  }, {
    "shape" : "6996e8f0-8908-4305-95c3-01a9f9cd7978",
    "color" : "#008D36",
    "position" : {
      "x" : -19.562305,
      "y" : 29.034441,
      "z" : -13.708204
    },
    "orientation" : 23
  }, {
    "shape" : "af2966ff-3c67-403d-96b9-9a899ef167f5",
    "color" : "#008D36",
    "position" : {
      "x" : 29.034441,
      "y" : 8.472136,
      "z" : -24.798374
    },
    "orientation" : 7
  }, {
    "shape" : "af2966ff-3c67-403d-96b9-9a899ef167f5",
    "color" : "#008D36",
    "position" : {
      "x" : 19.562305,
      "y" : 29.034441,
      "z" : -13.708204
    },
    "orientation" : 54
  }, {
    "shape" : "09de6700-1409-4922-b314-6e3a403f1ef4",
    "color" : "#007695",
    "position" : {
      "x" : 0.0,
      "y" : 33.27051,
      "z" : 29.034441
    },
    "orientation" : 1
  }, {
    "shape" : "09de6700-1409-4922-b314-6e3a403f1ef4",
    "color" : "#007695",
    "position" : {
      "x" : -24.798374,
      "y" : -6.854102,
      "z" : -35.888542
    },
    "orientation" : 55
  }, {
    "shape" : "09de6700-1409-4922-b314-6e3a403f1ef4",
    "color" : "#007695",
    "position" : {
      "x" : 40.12461,
      "y" : -17.944271,
      "z" : -4.236068
    },
    "orientation" : 21
  }, {
    "shape" : "af2966ff-3c67-403d-96b9-9a899ef167f5",
    "color" : "#008D36",
    "position" : {
      "x" : 19.562305,
      "y" : -29.034441,
      "z" : -13.708204
    },
    "orientation" : 33
  }, {
    "shape" : "7d35bb94-f554-4f74-9ccf-e624e9a72ea8",
    "color" : "#F2F2F2",
    "position" : {
      "x" : 2.618034,
      "y" : 37.506577,
      "z" : 0.0
    }
  }, {
    "shape" : "6996e8f0-8908-4305-95c3-01a9f9cd7978",
    "color" : "#008D36",
    "position" : {
      "x" : 13.708204,
      "y" : -19.562305,
      "z" : 29.034441
    },
    "orientation" : 19
  }, {
    "shape" : "7d35bb94-f554-4f74-9ccf-e624e9a72ea8",
    "color" : "#F2F2F2",
    "position" : {
      "x" : -35.888542,
      "y" : 11.09017,
      "z" : -6.854102
    }
  }, {
    "shape" : "7d35bb94-f554-4f74-9ccf-e624e9a72ea8",
    "color" : "#F2F2F2",
    "position" : {
      "x" : -40.12461,
      "y" : 17.944271,
      "z" : 4.236068
    }
  }, {
    "shape" : "09de6700-1409-4922-b314-6e3a403f1ef4",
    "color" : "#007695",
    "position" : {
      "x" : -4.236068,
      "y" : -40.12461,
      "z" : 17.944271
    },
    "orientation" : 37
  }, {
    "shape" : "7d35bb94-f554-4f74-9ccf-e624e9a72ea8",
    "color" : "#F2F2F2",
    "position" : {
      "x" : -17.944271,
      "y" : -17.944271,
      "z" : -17.944271
    }
  }, {
    "shape" : "09de6700-1409-4922-b314-6e3a403f1ef4",
    "color" : "#007695",
    "position" : {
      "x" : 17.944271,
      "y" : 4.236068,
      "z" : -40.12461
    },
    "orientation" : 26
  }, {
    "shape" : "6996e8f0-8908-4305-95c3-01a9f9cd7978",
    "color" : "#008D36",
    "position" : {
      "x" : 13.708204,
      "y" : -19.562305,
      "z" : -29.034441
    },
    "orientation" : 6
  }, {
    "shape" : "af2966ff-3c67-403d-96b9-9a899ef167f5",
    "color" : "#008D36",
    "position" : {
      "x" : 31.652475,
      "y" : 9.472136,
      "z" : -17.944271
    },
    "orientation" : 10
  }, {
    "shape" : "af2966ff-3c67-403d-96b9-9a899ef167f5",
    "color" : "#008D36",
    "position" : {
      "x" : -17.944271,
      "y" : -31.652475,
      "z" : -9.472136
    },
    "orientation" : 26
  }, {
    "shape" : "09de6700-1409-4922-b314-6e3a403f1ef4",
    "color" : "#007695",
    "position" : {
      "x" : -11.09017,
      "y" : -29.034441,
      "z" : 0.0
    },
    "orientation" : 25
  }, {
    "shape" : "af2966ff-3c67-403d-96b9-9a899ef167f5",
    "color" : "#008D36",
    "position" : {
      "x" : -13.708204,
      "y" : -19.562305,
      "z" : 29.034441
    },
    "orientation" : 21
  }, {
    "shape" : "7d35bb94-f554-4f74-9ccf-e624e9a72ea8",
    "color" : "#F2F2F2",
    "position" : {
      "x" : 2.618034,
      "y" : -42.742645,
      "z" : -22.18034
    }
  }, {
    "shape" : "7d35bb94-f554-4f74-9ccf-e624e9a72ea8",
    "color" : "#F2F2F2",
    "position" : {
      "x" : -24.798374,
      "y" : -6.854102,
      "z" : -35.888542
    }
  }, {
    "shape" : "7d35bb94-f554-4f74-9ccf-e624e9a72ea8",
    "color" : "#F2F2F2",
    "position" : {
      "x" : -11.09017,
      "y" : 6.854102,
      "z" : 35.888542
    }
  }, {
    "shape" : "7d35bb94-f554-4f74-9ccf-e624e9a72ea8",
    "color" : "#F2F2F2",
    "position" : {
      "x" : -46.978714,
      "y" : 29.034441,
      "z" : 0.0
    }
  }, {
    "shape" : "ade55241-47ba-4656-92b3-86ed9443684f",
    "color" : "#007695",
    "position" : {
      "x" : 0.0,
      "y" : 24.798374,
      "z" : -29.034441
    },
    "orientation" : 1
  }, {
    "shape" : "6996e8f0-8908-4305-95c3-01a9f9cd7978",
    "color" : "#008D36",
    "position" : {
      "x" : 33.27051,
      "y" : 15.326238,
      "z" : 13.708204
    },
    "orientation" : 20
  }, {
    "shape" : "7d35bb94-f554-4f74-9ccf-e624e9a72ea8",
    "color" : "#F2F2F2",
    "position" : {
      "x" : -24.798374,
      "y" : -6.854102,
      "z" : 35.888542
    }
  }, {
    "shape" : "af2966ff-3c67-403d-96b9-9a899ef167f5",
    "color" : "#008D36",
    "position" : {
      "x" : 37.506577,
      "y" : 0.0,
      "z" : -2.618034
    },
    "orientation" : 13
  }, {
    "shape" : "09de6700-1409-4922-b314-6e3a403f1ef4",
    "color" : "#007695",
    "position" : {
      "x" : 17.944271,
      "y" : 17.944271,
      "z" : 17.944271
    },
    "orientation" : 23
  }, {
    "shape" : "7d35bb94-f554-4f74-9ccf-e624e9a72ea8",
    "color" : "#F2F2F2",
    "position" : {
      "x" : 15.326238,
      "y" : -13.708204,
      "z" : 33.27051
    }
  }, {
    "shape" : "7d35bb94-f554-4f74-9ccf-e624e9a72ea8",
    "color" : "#F2F2F2",
    "position" : {
      "x" : -8.472136,
      "y" : 24.798374,
      "z" : 29.034441
    }
  }, {
    "shape" : "ade55241-47ba-4656-92b3-86ed9443684f",
    "color" : "#007695",
    "position" : {
      "x" : 35.888542,
      "y" : 24.798374,
      "z" : -6.854102
    },
    "orientation" : 53
  }, {
    "shape" : "6996e8f0-8908-4305-95c3-01a9f9cd7978",
    "color" : "#008D36",
    "position" : {
      "x" : -8.472136,
      "y" : 24.798374,
      "z" : 29.034441
    },
    "orientation" : 46
  }, {
    "shape" : "6996e8f0-8908-4305-95c3-01a9f9cd7978",
    "color" : "#008D36",
    "position" : {
      "x" : -9.472136,
      "y" : 17.944271,
      "z" : -31.652475
    },
    "orientation" : 16
  }, {
    "shape" : "af2966ff-3c67-403d-96b9-9a899ef167f5",
    "color" : "#008D36",
    "position" : {
      "x" : 29.034441,
      "y" : 8.472136,
      "z" : 24.798374
    },
    "orientation" : 52
  }, {
    "shape" : "7d35bb94-f554-4f74-9ccf-e624e9a72ea8",
    "color" : "#F2F2F2",
    "position" : {
      "x" : 13.708204,
      "y" : 19.562305,
      "z" : -29.034441
    }
  }, {
    "shape" : "af2966ff-3c67-403d-96b9-9a899ef167f5",
    "color" : "#008D36",
    "position" : {
      "x" : 13.708204,
      "y" : -19.562305,
      "z" : -29.034441
    },
    "orientation" : 49
  }, {
    "shape" : "af2966ff-3c67-403d-96b9-9a899ef167f5",
    "color" : "#008D36",
    "position" : {
      "x" : -6.854102,
      "y" : 0.0,
      "z" : 38.506577
    },
    "orientation" : 0
  }, {
    "shape" : "ade55241-47ba-4656-92b3-86ed9443684f",
    "color" : "#007695",
    "position" : {
      "x" : 22.18034,
      "y" : -11.09017,
      "z" : -29.034441
    },
    "orientation" : 52
  }, {
    "shape" : "6996e8f0-8908-4305-95c3-01a9f9cd7978",
    "color" : "#008D36",
    "position" : {
      "x" : 24.798374,
      "y" : 29.034441,
      "z" : -8.472136
    },
    "orientation" : 15
  }, {
    "shape" : "af2966ff-3c67-403d-96b9-9a899ef167f5",
    "color" : "#008D36",
    "position" : {
      "x" : 17.944271,
      "y" : 31.652475,
      "z" : 9.472136
    },
    "orientation" : 35
  }, {
    "shape" : "7d35bb94-f554-4f74-9ccf-e624e9a72ea8",
    "color" : "#F2F2F2",
    "position" : {
      "x" : -6.854102,
      "y" : 35.888542,
      "z" : 24.798374
    }
  }, {
    "shape" : "7d35bb94-f554-4f74-9ccf-e624e9a72ea8",
    "color" : "#F2F2F2",
    "position" : {
      "x" : -22.18034,
      "y" : -11.09017,
      "z" : -29.034441
    }
  }, {
    "shape" : "7d35bb94-f554-4f74-9ccf-e624e9a72ea8",
    "color" : "#F2F2F2",
    "position" : {
      "x" : -31.652475,
      "y" : -9.472136,
      "z" : 17.944271
    }
  }, {
    "shape" : "af2966ff-3c67-403d-96b9-9a899ef167f5",
    "color" : "#008D36",
    "position" : {
      "x" : -9.472136,
      "y" : -17.944271,
      "z" : 31.652475
    },
    "orientation" : 28
  }, {
    "shape" : "09de6700-1409-4922-b314-6e3a403f1ef4",
    "color" : "#007695",
    "position" : {
      "x" : 6.854102,
      "y" : 35.888542,
      "z" : -24.798374
    },
    "orientation" : 54
  }, {
    "shape" : "6996e8f0-8908-4305-95c3-01a9f9cd7978",
    "color" : "#008D36",
    "position" : {
      "x" : 13.708204,
      "y" : -33.27051,
      "z" : -15.326238
    },
    "orientation" : 50
  }, {
    "shape" : "09de6700-1409-4922-b314-6e3a403f1ef4",
    "color" : "#007695",
    "position" : {
      "x" : -11.09017,
      "y" : -6.854102,
      "z" : 35.888542
    },
    "orientation" : 26
  }, {
    "shape" : "af2966ff-3c67-403d-96b9-9a899ef167f5",
    "color" : "#008D36",
    "position" : {
      "x" : 8.472136,
      "y" : 24.798374,
      "z" : 29.034441
    },
    "orientation" : 21
  }, {
    "shape" : "09de6700-1409-4922-b314-6e3a403f1ef4",
    "color" : "#007695",
    "position" : {
      "x" : 35.888542,
      "y" : -24.798374,
      "z" : 6.854102
    },
    "orientation" : 26
  }, {
    "shape" : "6996e8f0-8908-4305-95c3-01a9f9cd7978",
    "color" : "#008D36",
    "position" : {
      "x" : -15.326238,
      "y" : 13.708204,
      "z" : -33.27051
    },
    "orientation" : 33
  }, {
    "shape" : "09de6700-1409-4922-b314-6e3a403f1ef4",
    "color" : "#007695",
    "position" : {
      "x" : -24.798374,
      "y" : -6.854102,
      "z" : 35.888542
    },
    "orientation" : 7
  }, {
    "shape" : "6996e8f0-8908-4305-95c3-01a9f9cd7978",
    "color" : "#008D36",
    "position" : {
      "x" : -29.034441,
      "y" : -8.472136,
      "z" : -24.798374
    },
    "orientation" : 17
  }, {
    "shape" : "6996e8f0-8908-4305-95c3-01a9f9cd7978",
    "color" : "#008D36",
    "position" : {
      "x" : 9.472136,
      "y" : -17.944271,
      "z" : -31.652475
    },
    "orientation" : 46
  }, {
    "shape" : "09de6700-1409-4922-b314-6e3a403f1ef4",
    "color" : "#007695",
    "position" : {
      "x" : -22.18034,
      "y" : 11.09017,
      "z" : -29.034441
    },
    "orientation" : 10
  }, {
    "shape" : "7d35bb94-f554-4f74-9ccf-e624e9a72ea8",
    "color" : "#F2F2F2",
    "position" : {
      "x" : 38.506577,
      "y" : 6.854102,
      "z" : 0.0
    }
  }, {
    "shape" : "af2966ff-3c67-403d-96b9-9a899ef167f5",
    "color" : "#008D36",
    "position" : {
      "x" : -13.708204,
      "y" : 33.27051,
      "z" : 15.326238
    },
    "orientation" : 50
  }, {
    "shape" : "ade55241-47ba-4656-92b3-86ed9443684f",
    "color" : "#007695",
    "position" : {
      "x" : 29.034441,
      "y" : 0.0,
      "z" : -24.798374
    },
    "orientation" : 47
  }, {
    "shape" : "7d35bb94-f554-4f74-9ccf-e624e9a72ea8",
    "color" : "#F2F2F2",
    "position" : {
      "x" : 6.854102,
      "y" : -35.888542,
      "z" : 11.09017
    }
  }, {
    "shape" : "7d35bb94-f554-4f74-9ccf-e624e9a72ea8",
    "color" : "#F2F2F2",
    "position" : {
      "x" : -35.888542,
      "y" : 24.798374,
      "z" : -6.854102
    }
  }, {
    "shape" : "7d35bb94-f554-4f74-9ccf-e624e9a72ea8",
    "color" : "#F2F2F2",
    "position" : {
      "x" : 11.09017,
      "y" : 29.034441,
      "z" : -22.18034
    }
  }, {
    "shape" : "af2966ff-3c67-403d-96b9-9a899ef167f5",
    "color" : "#008D36",
    "position" : {
      "x" : -17.944271,
      "y" : 31.652475,
      "z" : 9.472136
    },
    "orientation" : 30
  }, {
    "shape" : "af2966ff-3c67-403d-96b9-9a899ef167f5",
    "color" : "#008D36",
    "position" : {
      "x" : 29.034441,
      "y" : 13.708204,
      "z" : 19.562305
    },
    "orientation" : 20
  }, {
    "shape" : "6996e8f0-8908-4305-95c3-01a9f9cd7978",
    "color" : "#008D36",
    "position" : {
      "x" : -29.034441,
      "y" : -8.472136,
      "z" : 24.798374
    },
    "orientation" : 14
  }, {
    "shape" : "ade55241-47ba-4656-92b3-86ed9443684f",
    "color" : "#007695",
    "position" : {
      "x" : 6.854102,
      "y" : 35.888542,
      "z" : 11.09017
    },
    "orientation" : 7
  }, {
    "shape" : "6996e8f0-8908-4305-95c3-01a9f9cd7978",
    "color" : "#008D36",
    "position" : {
      "x" : 24.798374,
      "y" : -29.034441,
      "z" : 8.472136
    },
    "orientation" : 23
  }, {
    "shape" : "7d35bb94-f554-4f74-9ccf-e624e9a72ea8",
    "color" : "#F2F2F2",
    "position" : {
      "x" : 37.506577,
      "y" : 0.0,
      "z" : 2.618034
    }
  }, {
    "shape" : "7d35bb94-f554-4f74-9ccf-e624e9a72ea8",
    "color" : "#F2F2F2",
    "position" : {
      "x" : 0.0,
      "y" : -11.09017,
      "z" : -29.034441
    }
  }, {
    "shape" : "af2966ff-3c67-403d-96b9-9a899ef167f5",
    "color" : "#008D36",
    "position" : {
      "x" : 29.034441,
      "y" : -8.472136,
      "z" : 24.798374
    },
    "orientation" : 29
  }, {
    "shape" : "6996e8f0-8908-4305-95c3-01a9f9cd7978",
    "color" : "#008D36",
