{
  "polygons" : "true",
  "field" : "golden",
  "symmetry" : "icosahedral",
  "orientations" : [ [ 1.0, 0.0, 0.0, 0.0, 0.0, 1.0, 0.0, 0.0, 0.0, 0.0, 1.0, 0.0, 0.0, 0.0, 0.0, 1.0 ], [ 0.0, 0.0, 1.0, 0.0, 1.0, 0.0, 0.0, 0.0, 0.0, 1.0, 0.0, 0.0, 0.0, 0.0, 0.0, 1.0 ], [ 0.0, 1.0, 0.0, 0.0, 0.0, 0.0, 1.0, 0.0, 1.0, 0.0, 0.0, 0.0, 0.0, 0.0, 0.0, 1.0 ], [ 0.809017, 0.309017, 0.5, 0.0, 0.309017, 0.5, -0.809017, 0.0, -0.5, 0.809017, 0.309017, 0.0, 0.0, 0.0, 0.0, 1.0 ], [ -0.5, 0.809017, 0.309017, 0.0, 0.809017, 0.309017, 0.5, 0.0, 0.309017, 0.5, -0.809017, 0.0, 0.0, 0.0, 0.0, 1.0 ], [ 0.309017, 0.5, -0.809017, 0.0, -0.5, 0.809017, 0.309017, 0.0, 0.809017, 0.309017, 0.5, 0.0, 0.0, 0.0, 0.0, 1.0 ], [ 0.5, 0.809017, 0.309017, 0.0, 0.809017, -0.309017, -0.5, 0.0, -0.309017, 0.5, -0.809017, 0.0, 0.0, 0.0, 0.0, 1.0 ], [ -0.309017, 0.5, -0.809017, 0.0, 0.5, 0.809017, 0.309017, 0.0, 0.809017, -0.309017, -0.5, 0.0, 0.0, 0.0, 0.0, 1.0 ], [ 0.809017, -0.309017, -0.5, 0.0, -0.309017, 0.5, -0.809017, 0.0, 0.5, 0.809017, 0.309017, 0.0, 0.0, 0.0, 0.0, 1.0 ], [ 0.5, 0.809017, -0.309017, 0.0, 0.809017, -0.309017, 0.5, 0.0, 0.309017, -0.5, -0.809017, 0.0, 0.0, 0.0, 0.0, 1.0 ], [ 0.309017, -0.5, -0.809017, 0.0, 0.5, 0.809017, -0.309017, 0.0, 0.809017, -0.309017, 0.5, 0.0, 0.0, 0.0, 0.0, 1.0 ], [ 0.809017, -0.309017, 0.5, 0.0, 0.309017, -0.5, -0.809017, 0.0, 0.5, 0.809017, -0.309017, 0.0, 0.0, 0.0, 0.0, 1.0 ], [ 0.809017, 0.309017, -0.5, 0.0, 0.309017, 0.5, 0.809017, 0.0, 0.5, -0.809017, 0.309017, 0.0, 0.0, 0.0, 0.0, 1.0 ], [ 0.5, -0.809017, 0.309017, 0.0, 0.809017, 0.309017, -0.5, 0.0, 0.309017, 0.5, 0.809017, 0.0, 0.0, 0.0, 0.0, 1.0 ], [ 0.309017, 0.5, 0.809017, 0.0, 0.5, -0.809017, 0.309017, 0.0, 0.809017, 0.309017, -0.5, 0.0, 0.0, 0.0, 0.0, 1.0 ], [ 1.0, 0.0, 0.0, 0.0, 0.0, -1.0, 0.0, 0.0, 0.0, 0.0, -1.0, 0.0, 0.0, 0.0, 0.0, 1.0 ], [ 0.0, 0.0, 1.0, 0.0, -1.0, 0.0, 0.0, 0.0, 0.0, -1.0, 0.0, 0.0, 0.0, 0.0, 0.0, 1.0 ], [ 0.0, 1.0, 0.0, 0.0, 0.0, 0.0, -1.0, 0.0, -1.0, 0.0, 0.0, 0.0, 0.0, 0.0, 0.0, 1.0 ], [ 0.809017, 0.309017, 0.5, 0.0, -0.309017, -0.5, 0.809017, 0.0, 0.5, -0.809017, -0.309017, 0.0, 0.0, 0.0, 0.0, 1.0 ], [ -0.5, 0.809017, 0.309017, 0.0, -0.809017, -0.309017, -0.5, 0.0, -0.309017, -0.5, 0.809017, 0.0, 0.0, 0.0, 0.0, 1.0 ], [ 0.309017, 0.5, -0.809017, 0.0, 0.5, -0.809017, -0.309017, 0.0, -0.809017, -0.309017, -0.5, 0.0, 0.0, 0.0, 0.0, 1.0 ], [ 0.5, 0.809017, 0.309017, 0.0, -0.809017, 0.309017, 0.5, 0.0, 0.309017, -0.5, 0.809017, 0.0, 0.0, 0.0, 0.0, 1.0 ], [ -0.309017, 0.5, -0.809017, 0.0, -0.5, -0.809017, -0.309017, 0.0, -0.809017, 0.309017, 0.5, 0.0, 0.0, 0.0, 0.0, 1.0 ], [ 0.809017, -0.309017, -0.5, 0.0, 0.309017, -0.5, 0.809017, 0.0, -0.5, -0.809017, -0.309017, 0.0, 0.0, 0.0, 0.0, 1.0 ], [ 0.5, 0.809017, -0.309017, 0.0, -0.809017, 0.309017, -0.5, 0.0, -0.309017, 0.5, 0.809017, 0.0, 0.0, 0.0, 0.0, 1.0 ], [ 0.309017, -0.5, -0.809017, 0.0, -0.5, -0.809017, 0.309017, 0.0, -0.809017, 0.309017, -0.5, 0.0, 0.0, 0.0, 0.0, 1.0 ], [ 0.809017, -0.309017, 0.5, 0.0, -0.309017, 0.5, 0.809017, 0.0, -0.5, -0.809017, 0.309017, 0.0, 0.0, 0.0, 0.0, 1.0 ], [ 0.809017, 0.309017, -0.5, 0.0, -0.309017, -0.5, -0.809017, 0.0, -0.5, 0.809017, -0.309017, 0.0, 0.0, 0.0, 0.0, 1.0 ], [ 0.5, -0.809017, 0.309017, 0.0, -0.809017, -0.309017, 0.5, 0.0, -0.309017, -0.5, -0.809017, 0.0, 0.0, 0.0, 0.0, 1.0 ], [ 0.309017, 0.5, 0.809017, 0.0, -0.5, 0.809017, -0.309017, 0.0, -0.809017, -0.309017, 0.5, 0.0, 0.0, 0.0, 0.0, 1.0 ], [ -1.0, 0.0, 0.0, 0.0, 0.0, -1.0, 0.0, 0.0, 0.0, 0.0, 1.0, 0.0, 0.0, 0.0, 0.0, 1.0 ], [ 0.0, 0.0, -1.0, 0.0, -1.0, 0.0, 0.0, 0.0, 0.0, 1.0, 0.0, 0.0, 0.0, 0.0, 0.0, 1.0 ], [ 0.0, -1.0, 0.0, 0.0, 0.0, 0.0, -1.0, 0.0, 1.0, 0.0, 0.0, 0.0, 0.0, 0.0, 0.0, 1.0 ], [ -0.809017, -0.309017, -0.5, 0.0, -0.309017, -0.5, 0.809017, 0.0, -0.5, 0.809017, 0.309017, 0.0, 0.0, 0.0, 0.0, 1.0 ], [ 0.5, -0.809017, -0.309017, 0.0, -0.809017, -0.309017, -0.5, 0.0, 0.309017, 0.5, -0.809017, 0.0, 0.0, 0.0, 0.0, 1.0 ], [ -0.309017, -0.5, 0.809017, 0.0, 0.5, -0.809017, -0.309017, 0.0, 0.809017, 0.309017, 0.5, 0.0, 0.0, 0.0, 0.0, 1.0 ], [ -0.5, -0.809017, -0.309017, 0.0, -0.809017, 0.309017, 0.5, 0.0, -0.309017, 0.5, -0.809017, 0.0, 0.0, 0.0, 0.0, 1.0 ], [ 0.309017, -0.5, 0.809017, 0.0, -0.5, -0.809017, -0.309017, 0.0, 0.809017, -0.309017, -0.5, 0.0, 0.0, 0.0, 0.0, 1.0 ], [ -0.809017, 0.309017, 0.5, 0.0, 0.309017, -0.5, 0.809017, 0.0, 0.5, 0.809017, 0.309017, 0.0, 0.0, 0.0, 0.0, 1.0 ], [ -0.5, -0.809017, 0.309017, 0.0, -0.809017, 0.309017, -0.5, 0.0, 0.309017, -0.5, -0.809017, 0.0, 0.0, 0.0, 0.0, 1.0 ], [ -0.309017, 0.5, 0.809017, 0.0, -0.5, -0.809017, 0.309017, 0.0, 0.809017, -0.309017, 0.5, 0.0, 0.0, 0.0, 0.0, 1.0 ], [ -0.809017, 0.309017, -0.5, 0.0, -0.309017, 0.5, 0.809017, 0.0, 0.5, 0.809017, -0.309017, 0.0, 0.0, 0.0, 0.0, 1.0 ], [ -0.809017, -0.309017, 0.5, 0.0, -0.309017, -0.5, -0.809017, 0.0, 0.5, -0.809017, 0.309017, 0.0, 0.0, 0.0, 0.0, 1.0 ], [ -0.5, 0.809017, -0.309017, 0.0, -0.809017, -0.309017, 0.5, 0.0, 0.309017, 0.5, 0.809017, 0.0, 0.0, 0.0, 0.0, 1.0 ], [ -0.309017, -0.5, -0.809017, 0.0, -0.5, 0.809017, -0.309017, 0.0, 0.809017, 0.309017, -0.5, 0.0, 0.0, 0.0, 0.0, 1.0 ], [ -1.0, 0.0, 0.0, 0.0, 0.0, 1.0, 0.0, 0.0, 0.0, 0.0, -1.0, 0.0, 0.0, 0.0, 0.0, 1.0 ], [ 0.0, 0.0, -1.0, 0.0, 1.0, 0.0, 0.0, 0.0, 0.0, -1.0, 0.0, 0.0, 0.0, 0.0, 0.0, 1.0 ], [ 0.0, -1.0, 0.0, 0.0, 0.0, 0.0, 1.0, 0.0, -1.0, 0.0, 0.0, 0.0, 0.0, 0.0, 0.0, 1.0 ], [ -0.809017, -0.309017, -0.5, 0.0, 0.309017, 0.5, -0.809017, 0.0, 0.5, -0.809017, -0.309017, 0.0, 0.0, 0.0, 0.0, 1.0 ], [ 0.5, -0.809017, -0.309017, 0.0, 0.809017, 0.309017, 0.5, 0.0, -0.309017, -0.5, 0.809017, 0.0, 0.0, 0.0, 0.0, 1.0 ], [ -0.309017, -0.5, 0.809017, 0.0, -0.5, 0.809017, 0.309017, 0.0, -0.809017, -0.309017, -0.5, 0.0, 0.0, 0.0, 0.0, 1.0 ], [ -0.5, -0.809017, -0.309017, 0.0, 0.809017, -0.309017, -0.5, 0.0, 0.309017, -0.5, 0.809017, 0.0, 0.0, 0.0, 0.0, 1.0 ], [ 0.309017, -0.5, 0.809017, 0.0, 0.5, 0.809017, 0.309017, 0.0, -0.809017, 0.309017, 0.5, 0.0, 0.0, 0.0, 0.0, 1.0 ], [ -0.809017, 0.309017, 0.5, 0.0, -0.309017, 0.5, -0.809017, 0.0, -0.5, -0.809017, -0.309017, 0.0, 0.0, 0.0, 0.0, 1.0 ], [ -0.5, -0.809017, 0.309017, 0.0, 0.809017, -0.309017, 0.5, 0.0, -0.309017, 0.5, 0.809017, 0.0, 0.0, 0.0, 0.0, 1.0 ], [ -0.309017, 0.5, 0.809017, 0.0, 0.5, 0.809017, -0.309017, 0.0, -0.809017, 0.309017, -0.5, 0.0, 0.0, 0.0, 0.0, 1.0 ], [ -0.809017, 0.309017, -0.5, 0.0, 0.309017, -0.5, -0.809017, 0.0, -0.5, -0.809017, 0.309017, 0.0, 0.0, 0.0, 0.0, 1.0 ], [ -0.809017, -0.309017, 0.5, 0.0, 0.309017, 0.5, 0.809017, 0.0, -0.5, 0.809017, -0.309017, 0.0, 0.0, 0.0, 0.0, 1.0 ], [ -0.5, 0.809017, -0.309017, 0.0, 0.809017, 0.309017, -0.5, 0.0, -0.309017, -0.5, -0.809017, 0.0, 0.0, 0.0, 0.0, 1.0 ], [ -0.309017, -0.5, -0.809017, 0.0, 0.5, -0.809017, 0.309017, 0.0, -0.809017, -0.309017, 0.5, 0.0, 0.0, 0.0, 0.0, 1.0 ] ],
  "lights" : {
    "directionalLights" : [ {
      "direction" : [ 1.0, -1.0, -1.0 ],
      "color" : "#EBEBE4"
    }, {
      "direction" : [ -1.0, 0.0, 0.0 ],
      "color" : "#E4E4EB"
    }, {
      "direction" : [ 0.0, 0.0, -1.0 ],
      "color" : "#1E1E1E"
    } ],
    "ambientColor" : "#292929",
    "backgroundColor" : "#AFC8DC"
  },
  "camera" : {
    "width" : 138.43102,
    "position" : {
      "x" : 0.0,
      "y" : 261.6809,
      "z" : -161.72769
    },
    "perspective" : true,
    "lookAtPointRV" : {
      "x" : 0.0,
      "y" : 0.0,
      "z" : 0.0,
      "zero" : true
    },
    "viewDistance" : 307.62436,
    "upDirectionRV" : {
      "x" : 0.809017,
      "y" : -0.309017,
      "z" : -0.5,
      "zero" : false
    },
    "fieldOfView" : 0.44262904,
    "lookDirectionRV" : {
      "x" : 0.0,
      "y" : -0.8506508,
      "z" : 0.5257311,
      "zero" : false
    },
    "stereo" : false,
    "lookDirection" : {
      "x" : 0.0,
      "y" : -0.8506508,
      "z" : 0.5257311
    },
    "upDirection" : {
      "x" : 0.809017,
      "y" : -0.309017,
      "z" : -0.5
    },
    "lookAtPoint" : {
      "x" : 0.0,
      "y" : 0.0,
      "z" : 0.0
    },
    "farClipDistance" : 615.2484,
    "nearClipDistance" : 0.76906097
  },
  "embedding" : [ 1.0, 0.0, 0.0, 0.0, 0.0, 1.0, 0.0, 0.0, 0.0, 0.0, 1.0, 0.0, 0.0, 0.0, 0.0, 1.0 ],
  "shapes" : [ {
    "id" : "b8e0919d-b728-49af-a387-04cea4b12be8",
    "orbit" : "green",
    "orbitC" : "[[2,-1,1],[5,-3,1]]",
    "length" : "[\"0\",\"1\",\"1\"]",
    "name" : "g2",
    "vertices" : [ {
      "x" : 16.230747,
      "y" : 6.0086102,
      "z" : -2.486068
    }, {
      "x" : 17.253288,
      "y" : 6.045085,
      "z" : -2.618034
    }, {
      "x" : 16.230747,
      "y" : 6.0086102,
      "z" : -2.104102
    }, {
      "x" : 16.039762,
      "y" : 6.3176274,
      "z" : -2.604102
    }, {
      "x" : 16.039762,
      "y" : 6.3176274,
      "z" : -2.222136
    }, {
      "x" : 0.809017,
      "y" : 0.618034,
      "z" : 0.309017
    }, {
      "x" : 1.0,
      "y" : 0.309017,
      "z" : 0.19098301
    }, {
      "x" : 1.9045085,
      "y" : 0.5364745,
      "z" : -0.013932022
    }, {
      "x" : 16.944271,
      "y" : 6.545085,
      "z" : -2.809017
    }, {
      "x" : 17.135256,
      "y" : 6.236068,
      "z" : -2.927051
    }, {
      "x" : 17.135256,
      "y" : 6.236068,
      "z" : -2.309017
    }, {
      "x" : 16.944271,
      "y" : 6.545085,
      "z" : -2.427051
    }, {
      "x" : 1.7135255,
      "y" : 0.8454915,
      "z" : -0.13196601
    }, {
      "x" : 0.690983,
      "y" : 0.809017,
      "z" : 0.0
    }, {
      "x" : 1.9045085,
      "y" : 0.5364745,
      "z" : -0.39589804
    }, {
      "x" : 1.7135255,
      "y" : 0.8454915,
      "z" : -0.51393205
    }, {
      "x" : 0.809017,
      "y" : 0.618034,
      "z" : -0.309017
    }, {
      "x" : 1.0,
      "y" : 0.309017,
      "z" : -0.19098301
    }, {
      "x" : 17.944271,
      "y" : 6.854102,
      "z" : -2.618034
    } ],
    "faces" : [ {
      "vertices" : [ 0, 14, 15, 3 ]
    }, {
      "vertices" : [ 3, 15, 12, 4 ]
    }, {
      "vertices" : [ 0, 1, 2 ]
    }, {
      "vertices" : [ 12, 15, 13 ]
    }, {
      "vertices" : [ 0, 9, 1 ]
    }, {
      "vertices" : [ 0, 3, 9 ]
    }, {
      "vertices" : [ 13, 15, 16 ]
    }, {
      "vertices" : [ 6, 17, 14, 7 ]
    }, {
      "vertices" : [ 1, 10, 2 ]
    }, {
      "vertices" : [ 5, 6, 7 ]
    }, {
      "vertices" : [ 3, 8, 9 ]
    }, {
      "vertices" : [ 0, 2, 7, 14 ]
    }, {
      "vertices" : [ 5, 7, 12 ]
    }, {
      "vertices" : [ 2, 4, 12, 7 ]
    }, {
      "vertices" : [ 3, 4, 11, 8 ]
    }, {
      "vertices" : [ 2, 10, 11, 4 ]
    }, {
      "vertices" : [ 5, 12, 13 ]
    }, {
      "vertices" : [ 14, 17, 16, 15 ]
    } ]
  }, {
    "id" : "0b0a228a-dc9b-413a-b2ea-4aeedeb6596e",
    "orbit" : "yellow",
    "orbitC" : "[[0,0,1],[2,-1,1]]",
    "length" : "[\"-1\",\"1\",\"1\"]",
    "name" : "y0",
    "vertices" : [ {
      "x" : 0.809017,
      "y" : 0.0,
      "z" : -0.690983
    }, {
      "x" : 1.0,
      "y" : 0.309017,
      "z" : -0.19098301
    }, {
      "x" : 1.309017,
      "y" : 0.309017,
      "z" : -0.309017
    }, {
      "x" : 1.118034,
      "y" : 0.0,
      "z" : -0.809017
    }, {
      "x" : 3.236068,
      "y" : 0.309017,
      "z" : -1.427051
    }, {
      "x" : 1.0,
      "y" : -0.309017,
      "z" : -0.19098301
    }, {
      "x" : 1.309017,
      "y" : -0.309017,
      "z" : -0.309017
    }, {
      "x" : 2.927051,
      "y" : 0.309017,
      "z" : -1.309017
    }, {
      "x" : 3.118034,
      "y" : 0.0,
      "z" : -0.809017
    }, {
      "x" : 4.236068,
      "y" : 0.0,
      "z" : -1.618034
    }, {
      "x" : 2.927051,
      "y" : -0.309017,
      "z" : -1.309017
    }, {
      "x" : 3.427051,
      "y" : 0.0,
      "z" : -0.927051
    }, {
      "x" : 3.236068,
      "y" : -0.309017,
      "z" : -1.427051
    } ],
    "faces" : [ {
      "vertices" : [ 2, 6, 8 ]
    }, {
      "vertices" : [ 4, 12, 10, 7 ]
    }, {
      "vertices" : [ 2, 8, 7 ]
    }, {
      "vertices" : [ 3, 10, 6 ]
    }, {
      "vertices" : [ 3, 7, 10 ]
    }, {
      "vertices" : [ 0, 1, 2, 3 ]
    }, {
      "vertices" : [ 6, 10, 8 ]
    }, {
      "vertices" : [ 8, 10, 12, 11 ]
    }, {
      "vertices" : [ 2, 7, 3 ]
    }, {
      "vertices" : [ 0, 3, 6, 5 ]
    }, {
      "vertices" : [ 1, 5, 6, 2 ]
    }, {
      "vertices" : [ 4, 7, 8, 11 ]
    } ]
  }, {
    "id" : "3f1c7c0a-ccbd-4f42-bff1-6b9a2052ae7d",
    "name" : "ball",
    "vertices" : [ {
      "x" : 0.309017,
      "y" : -0.809017,
      "z" : 0.618034
    }, {
      "x" : 0.809017,
      "y" : -0.618034,
      "z" : 0.309017
    }, {
      "x" : 0.618034,
      "y" : -0.309017,
      "z" : 0.809017
    }, {
      "x" : 1.0,
      "y" : 0.309017,
      "z" : 0.19098301
    }, {
      "x" : 0.809017,
      "y" : 0.618034,
      "z" : 0.309017
    }, {
      "x" : 0.618034,
      "y" : 0.309017,
      "z" : 0.809017
    }, {
      "x" : 0.809017,
      "y" : 0.0,
      "z" : 0.690983
    }, {
      "x" : 0.19098301,
      "y" : -1.0,
      "z" : 0.309017
    }, {
      "x" : -0.19098301,
      "y" : -1.0,
      "z" : 0.309017
    }, {
      "x" : -0.19098301,
      "y" : -1.0,
      "z" : -0.309017
    }, {
      "x" : 0.19098301,
      "y" : -1.0,
      "z" : -0.309017
    }, {
      "x" : 1.0,
      "y" : -0.309017,
      "z" : -0.19098301
    }, {
      "x" : 0.809017,
      "y" : -0.618034,
      "z" : -0.309017
    }, {
      "x" : 0.618034,
      "y" : -0.309017,
      "z" : -0.809017
    }, {
      "x" : 0.809017,
      "y" : 0.0,
      "z" : -0.690983
    }, {
      "x" : 0.0,
      "y" : 0.690983,
      "z" : -0.809017
    }, {
      "x" : 0.309017,
      "y" : 0.809017,
      "z" : -0.618034
    }, {
      "x" : 0.618034,
      "y" : 0.309017,
      "z" : -0.809017
    }, {
      "x" : 0.309017,
      "y" : 0.19098301,
      "z" : -1.0
    }, {
      "x" : 1.0,
      "y" : 0.309017,
      "z" : -0.19098301
    }, {
      "x" : -0.309017,
      "y" : -0.809017,
      "z" : 0.618034
    }, {
      "x" : 0.0,
      "y" : -0.690983,
      "z" : 0.809017
    }, {
      "x" : 0.809017,
      "y" : 0.618034,
      "z" : -0.309017
    }, {
      "x" : 0.690983,
      "y" : 0.809017,
      "z" : 0.0
    }, {
      "x" : -0.690983,
      "y" : 0.809017,
      "z" : 0.0
    }, {
      "x" : -0.809017,
      "y" : 0.618034,
      "z" : 0.309017
    }, {
      "x" : -0.309017,
      "y" : 0.809017,
      "z" : 0.618034
    }, {
      "x" : -0.19098301,
      "y" : 1.0,
      "z" : 0.309017
    }, {
      "x" : 0.309017,
      "y" : -0.19098301,
      "z" : -1.0
    }, {
      "x" : 0.19098301,
      "y" : 1.0,
      "z" : 0.309017
    }, {
      "x" : 0.309017,
      "y" : 0.809017,
      "z" : 0.618034
    }, {
      "x" : -0.809017,
      "y" : -0.618034,
      "z" : 0.309017
    }, {
      "x" : -0.690983,
      "y" : -0.809017,
      "z" : 0.0
    }, {
      "x" : 0.0,
      "y" : 0.690983,
      "z" : 0.809017
    }, {
      "x" : 0.309017,
      "y" : -0.809017,
      "z" : -0.618034
    }, {
      "x" : 0.0,
      "y" : -0.690983,
      "z" : -0.809017
    }, {
      "x" : -1.0,
      "y" : 0.309017,
      "z" : 0.19098301
    }, {
      "x" : -0.809017,
      "y" : 0.0,
      "z" : 0.690983
    }, {
      "x" : -0.618034,
      "y" : 0.309017,
      "z" : 0.809017
    }, {
      "x" : 1.0,
      "y" : -0.309017,
      "z" : 0.19098301
    }, {
      "x" : -0.309017,
      "y" : -0.809017,
      "z" : -0.618034
    }, {
      "x" : -1.0,
      "y" : 0.309017,
      "z" : -0.19098301
    }, {
      "x" : -1.0,
      "y" : -0.309017,
      "z" : -0.19098301
    }, {
      "x" : -1.0,
      "y" : -0.309017,
      "z" : 0.19098301
    }, {
      "x" : 0.19098301,
      "y" : 1.0,
      "z" : -0.309017
    }, {
      "x" : -0.809017,
      "y" : 0.618034,
      "z" : -0.309017
    }, {
      "x" : -0.19098301,
      "y" : 1.0,
      "z" : -0.309017
    }, {
      "x" : -0.309017,
      "y" : 0.809017,
      "z" : -0.618034
    }, {
      "x" : -0.618034,
      "y" : -0.309017,
      "z" : 0.809017
    }, {
      "x" : 0.309017,
      "y" : 0.19098301,
      "z" : 1.0
    }, {
      "x" : -0.309017,
      "y" : 0.19098301,
      "z" : -1.0
    }, {
      "x" : -0.309017,
      "y" : 0.19098301,
      "z" : 1.0
    }, {
      "x" : -0.309017,
      "y" : -0.19098301,
      "z" : 1.0
    }, {
      "x" : 0.309017,
      "y" : -0.19098301,
      "z" : 1.0
    }, {
      "x" : 0.690983,
      "y" : -0.809017,
      "z" : 0.0
    }, {
      "x" : -0.809017,
      "y" : 0.0,
      "z" : -0.690983
    }, {
      "x" : -0.618034,
      "y" : -0.309017,
      "z" : -0.809017
    }, {
      "x" : -0.309017,
      "y" : -0.19098301,
      "z" : -1.0
    }, {
      "x" : -0.618034,
      "y" : 0.309017,
      "z" : -0.809017
    }, {
      "x" : -0.809017,
      "y" : -0.618034,
      "z" : -0.309017
    } ],
    "faces" : [ {
      "vertices" : [ 9, 40, 35, 34, 10 ]
    }, {
      "vertices" : [ 0, 1, 2 ]
    }, {
      "vertices" : [ 33, 51, 49 ]
    }, {
      "vertices" : [ 25, 36, 37, 38 ]
    }, {
      "vertices" : [ 41, 55, 42 ]
    }, {
      "vertices" : [ 9, 32, 59, 40 ]
    }, {
      "vertices" : [ 20, 21, 52, 48 ]
    }, {
      "vertices" : [ 26, 33, 30, 29, 27 ]
    }, {
      "vertices" : [ 3, 4, 5, 6 ]
    }, {
      "vertices" : [ 27, 29, 44, 46 ]
    }, {
      "vertices" : [ 50, 57, 56, 55, 58 ]
    }, {
      "vertices" : [ 26, 38, 51, 33 ]
    }, {
      "vertices" : [ 45, 47, 58 ]
    }, {
      "vertices" : [ 18, 28, 57, 50 ]
    }, {
      "vertices" : [ 40, 59, 56 ]
    }, {
      "vertices" : [ 31, 48, 37, 43 ]
    }, {
      "vertices" : [ 7, 8, 9, 10 ]
    }, {
      "vertices" : [ 36, 41, 42, 43 ]
    }, {
      "vertices" : [ 24, 46, 47, 45 ]
    }, {
      "vertices" : [ 4, 30, 5 ]
    }, {
      "vertices" : [ 15, 47, 46, 44, 16 ]
    }, {
      "vertices" : [ 15, 50, 58, 47 ]
    }, {
      "vertices" : [ 24, 45, 41, 36, 25 ]
    }, {
      "vertices" : [ 11, 14, 19 ]
    }, {
      "vertices" : [ 3, 6, 39 ]
    }, {
      "vertices" : [ 1, 39, 6, 2 ]
    }, {
      "vertices" : [ 8, 32, 9 ]
    }, {
      "vertices" : [ 11, 12, 13, 14 ]
    }, {
      "vertices" : [ 16, 22, 17 ]
    }, {
      "vertices" : [ 0, 21, 20, 8, 7 ]
    }, {
      "vertices" : [ 12, 34, 13 ]
    }, {
      "vertices" : [ 35, 40, 56, 57 ]
    }, {
      "vertices" : [ 0, 7, 54, 1 ]
    }, {
      "vertices" : [ 15, 16, 17, 18 ]
    }, {
      "vertices" : [ 3, 19, 22, 23, 4 ]
    }, {
      "vertices" : [ 7, 10, 54 ]
    }, {
      "vertices" : [ 41, 45, 58, 55 ]
    }, {
      "vertices" : [ 3, 39, 11, 19 ]
    }, {
      "vertices" : [ 14, 17, 22, 19 ]
    }, {
      "vertices" : [ 0, 2, 53, 21 ]
    }, {
      "vertices" : [ 49, 51, 52, 53 ]
    }, {
      "vertices" : [ 31, 43, 42, 59, 32 ]
    }, {
      "vertices" : [ 15, 18, 50 ]
    }, {
      "vertices" : [ 42, 55, 56, 59 ]
    }, {
      "vertices" : [ 4, 23, 29, 30 ]
    }, {
      "vertices" : [ 25, 38, 26 ]
    }, {
      "vertices" : [ 13, 28, 18, 17, 14 ]
    }, {
      "vertices" : [ 8, 20, 31, 32 ]
    }, {
      "vertices" : [ 23, 44, 29 ]
    }, {
      "vertices" : [ 24, 27, 46 ]
    }, {
      "vertices" : [ 37, 48, 52, 51, 38 ]
    }, {
      "vertices" : [ 20, 48, 31 ]
    }, {
      "vertices" : [ 24, 25, 26, 27 ]
    }, {
      "vertices" : [ 16, 44, 23, 22 ]
    }, {
      "vertices" : [ 13, 34, 35, 28 ]
    }, {
      "vertices" : [ 10, 34, 12, 54 ]
    }, {
      "vertices" : [ 2, 6, 5, 49, 53 ]
    }, {
      "vertices" : [ 36, 43, 37 ]
    }, {
      "vertices" : [ 5, 30, 33, 49 ]
    }, {
      "vertices" : [ 1, 54, 12, 11, 39 ]
    }, {
      "vertices" : [ 28, 35, 57 ]
    }, {
      "vertices" : [ 21, 53, 52 ]
    } ]
  }, {
    "id" : "2b640846-2a76-49f2-9de5-2bc895988118",
    "orbit" : "green",
    "orbitC" : "[[2,-1,1],[5,-3,1]]",
    "length" : "[\"-1\",\"1\",\"1\"]",
    "name" : "g0",
    "vertices" : [ {
      "x" : 5.1405764,
      "y" : 1.7725425,
      "z" : -0.868034
    }, {
      "x" : 6.163119,
      "y" : 1.809017,
      "z" : -1.0
    }, {
      "x" : 5.1405764,
      "y" : 1.7725425,
      "z" : -0.48606798
    }, {
      "x" : 4.9495935,
      "y" : 2.0815594,
      "z" : -0.98606795
    }, {
      "x" : 4.9495935,
      "y" : 2.0815594,
      "z" : -0.60410196
    }, {
      "x" : 0.809017,
      "y" : 0.618034,
      "z" : 0.309017
    }, {
      "x" : 1.0,
      "y" : 0.309017,
      "z" : 0.19098301
    }, {
      "x" : 1.9045085,
      "y" : 0.5364745,
      "z" : -0.013932022
    }, {
      "x" : 5.854102,
      "y" : 2.309017,
      "z" : -1.190983
    }, {
      "x" : 6.045085,
      "y" : 2.0,
      "z" : -1.309017
    }, {
      "x" : 6.045085,
      "y" : 2.0,
      "z" : -0.690983
    }, {
      "x" : 5.854102,
      "y" : 2.309017,
      "z" : -0.809017
    }, {
      "x" : 1.7135255,
      "y" : 0.8454915,
      "z" : -0.13196601
    }, {
      "x" : 0.690983,
      "y" : 0.809017,
      "z" : 0.0
    }, {
      "x" : 1.9045085,
      "y" : 0.5364745,
      "z" : -0.39589804
    }, {
      "x" : 1.7135255,
      "y" : 0.8454915,
      "z" : -0.51393205
    }, {
      "x" : 0.809017,
      "y" : 0.618034,
      "z" : -0.309017
    }, {
      "x" : 1.0,
      "y" : 0.309017,
      "z" : -0.19098301
    }, {
      "x" : 6.854102,
      "y" : 2.618034,
      "z" : -1.0
    } ],
    "faces" : [ {
      "vertices" : [ 0, 14, 15, 3 ]
    }, {
      "vertices" : [ 3, 15, 12, 4 ]
    }, {
      "vertices" : [ 0, 1, 2 ]
    }, {
      "vertices" : [ 12, 15, 13 ]
    }, {
      "vertices" : [ 0, 9, 1 ]
    }, {
      "vertices" : [ 0, 3, 9 ]
    }, {
      "vertices" : [ 13, 15, 16 ]
    }, {
      "vertices" : [ 6, 17, 14, 7 ]
    }, {
      "vertices" : [ 1, 10, 2 ]
    }, {
      "vertices" : [ 5, 6, 7 ]
    }, {
      "vertices" : [ 3, 8, 9 ]
    }, {
      "vertices" : [ 0, 2, 7, 14 ]
    }, {
      "vertices" : [ 5, 7, 12 ]
    }, {
      "vertices" : [ 2, 4, 12, 7 ]
    }, {
      "vertices" : [ 3, 4, 11, 8 ]
    }, {
      "vertices" : [ 2, 10, 11, 4 ]
    }, {
      "vertices" : [ 5, 12, 13 ]
    }, {
      "vertices" : [ 14, 17, 16, 15 ]
    } ]
  }, {
    "id" : "423c5e70-a303-471d-bcd6-b6f8faef25e1",
    "orbit" : "red",
    "orbitC" : "[[-1,1,1],[0,0,1]]",
    "length" : "[\"2\",\"-1\",\"1\"]",
    "name" : " :2 -phi",
    "vertices" : [ {
      "x" : 1.809017,
      "y" : 1.0,
      "z" : -0.309017
    }, {
      "x" : 0.809017,
      "y" : 0.618034,
      "z" : -0.309017
    }, {
      "x" : 1.618034,
      "y" : 1.309017,
      "z" : -0.19098301
    }, {
      "x" : 1.0,
      "y" : 0.309017,
      "z" : -0.19098301
    }, {
      "x" : 2.618034,
      "y" : 1.618034,
      "z" : 0.0
    }, {
      "x" : 1.927051,
      "y" : 0.809017,
      "z" : 0.0
    }, {
      "x" : 0.690983,
      "y" : 0.809017,
      "z" : 0.0
    }, {
      "x" : 1.618034,
      "y" : 1.309017,
      "z" : 0.19098301
    }, {
      "x" : 1.0,
      "y" : 0.309017,
      "z" : 0.19098301
    }, {
      "x" : 1.809017,
      "y" : 1.0,
      "z" : 0.309017
    }, {
      "x" : 0.809017,
      "y" : 0.618034,
      "z" : 0.309017
    } ],
    "faces" : [ {
      "vertices" : [ 3, 5, 8 ]
    }, {
      "vertices" : [ 0, 1, 2 ]
    }, {
      "vertices" : [ 0, 3, 1 ]
    }, {
      "vertices" : [ 5, 9, 8 ]
    }, {
      "vertices" : [ 6, 10, 7 ]
    }, {
      "vertices" : [ 0, 5, 3 ]
    }, {
      "vertices" : [ 1, 6, 2 ]
    }, {
      "vertices" : [ 7, 10, 9 ]
    }, {
      "vertices" : [ 8, 9, 10 ]
    }, {
      "vertices" : [ 2, 6, 7 ]
    } ]
  }, {
    "id" : "75692c6f-625a-4bd4-8401-3288239829b1",
    "orbit" : "red",
    "orbitC" : "[[-1,1,1],[0,0,1]]",
    "length" : "[\"0\",\"1\",\"1\"]",
    "name" : "r2",
    "vertices" : [ {
      "x" : 4.736068,
      "y" : 3.045085,
      "z" : 0.309017
    }, {
      "x" : 6.354102,
      "y" : 3.809017,
      "z" : 0.309017
    }, {
      "x" : 6.163119,
      "y" : 4.118034,
      "z" : 0.19098301
    }, {
      "x" : 0.809017,
      "y" : 0.618034,
      "z" : -0.309017
    }, {
      "x" : 0.690983,
      "y" : 0.809017,
      "z" : 0.0
    }, {
      "x" : 4.618034,
      "y" : 3.236068,
      "z" : 0.0
    }, {
      "x" : 4.736068,
      "y" : 3.045085,
      "z" : -0.309017
    }, {
      "x" : 10.281153,
      "y" : 6.236068,
      "z" : 0.309017
    }, {
      "x" : 4.927051,
      "y" : 2.736068,
      "z" : 0.19098301
    }, {
      "x" : 4.927051,
      "y" : 2.736068,
      "z" : -0.19098301
    }, {
      "x" : 6.472136,
      "y" : 3.618034,
      "z" : 0.0
    }, {
      "x" : 6.354102,
      "y" : 3.809017,
      "z" : -0.309017
    }, {
      "x" : 10.399187,
      "y" : 6.045085,
      "z" : 0.0
    }, {
      "x" : 1.0,
      "y" : 0.309017,
      "z" : 0.19098301
    }, {
      "x" : 1.0,
      "y" : 0.309017,
      "z" : -0.19098301
    }, {
      "x" : 0.809017,
      "y" : 0.618034,
      "z" : 0.309017
    }, {
      "x" : 10.09017,
      "y" : 6.545085,
      "z" : 0.19098301
    }, {
      "x" : 10.281153,
      "y" : 6.236068,
      "z" : -0.309017
    }, {
      "x" : 10.09017,
      "y" : 6.545085,
      "z" : -0.19098301
    }, {
      "x" : 11.09017,
      "y" : 6.854102,
      "z" : 0.0
    }, {
      "x" : 6.163119,
      "y" : 4.118034,
      "z" : -0.19098301
    } ],
    "faces" : [ {
      "vertices" : [ 3, 6, 9, 14 ]
    }, {
      "vertices" : [ 11, 20, 18, 17 ]
    }, {
      "vertices" : [ 0, 1, 2 ]
    }, {
      "vertices" : [ 0, 15, 13, 8 ]
    }, {
      "vertices" : [ 6, 20, 11 ]
    }, {
      "vertices" : [ 0, 2, 5 ]
    }, {
      "vertices" : [ 0, 8, 1 ]
    }, {
      "vertices" : [ 8, 13, 14, 9 ]
    }, {
      "vertices" : [ 3, 4, 5, 6 ]
    }, {
      "vertices" : [ 10, 11, 17, 12 ]
    }, {
      "vertices" : [ 1, 8, 10 ]
    }, {
      "vertices" : [ 0, 5, 4, 15 ]
    }, {
      "vertices" : [ 2, 16, 18, 20 ]
    }, {
      "vertices" : [ 1, 7, 16, 2 ]
    }, {
      "vertices" : [ 6, 11, 9 ]
    }, {
      "vertices" : [ 8, 9, 10 ]
    }, {
      "vertices" : [ 2, 20, 5 ]
    }, {
      "vertices" : [ 9, 11, 10 ]
    }, {
      "vertices" : [ 1, 10, 12, 7 ]
    }, {
      "vertices" : [ 5, 20, 6 ]
    } ]
  } ],
  "instances" : [ {
    "shape" : "b8e0919d-b728-49af-a387-04cea4b12be8",
    "color" : "#00993F",
    "position" : {
      "x" : 11.09017,
      "y" : -11.09017,
      "z" : 33.27051
    },
    "orientation" : 33
  }, {
    "shape" : "0b0a228a-dc9b-413a-b2ea-4aeedeb6596e",
    "color" : "#FFB31A",
    "position" : {
      "x" : 4.236068,
      "y" : 35.888542,
      "z" : 6.854102
    },
    "orientation" : 38
  }, {
    "shape" : "3f1c7c0a-ccbd-4f42-bff1-6b9a2052ae7d",
    "color" : "#F2F2F2",
    "position" : {
      "x" : 15.326238,
      "y" : -11.09017,
      "z" : -31.652475
    }
  }, {
    "shape" : "b8e0919d-b728-49af-a387-04cea4b12be8",
    "color" : "#00993F",
    "position" : {
      "x" : -29.034441,
      "y" : -17.944271,
      "z" : 13.708204
    },
    "orientation" : 18
  }, {
    "shape" : "3f1c7c0a-ccbd-4f42-bff1-6b9a2052ae7d",
    "color" : "#F2F2F2",
    "position" : {
      "x" : -11.09017,
      "y" : -24.798374,
      "z" : -24.798374
    }
  }, {
    "shape" : "2b640846-2a76-49f2-9de5-2bc895988118",
    "color" : "#00993F",
    "position" : {
      "x" : 35.888542,
      "y" : 10.09017,
      "z" : -4.236068
    },
    "orientation" : 59
  }, {
    "shape" : "3f1c7c0a-ccbd-4f42-bff1-6b9a2052ae7d",
    "color" : "#F2F2F2",
    "position" : {
      "x" : -15.326238,
      "y" : 29.034441,
      "z" : -15.326238
    }
  }, {
    "shape" : "3f1c7c0a-ccbd-4f42-bff1-6b9a2052ae7d",
    "color" : "#F2F2F2",
    "position" : {
      "x" : -35.888542,
      "y" : 8.472136,
      "z" : 0.0
    }
  }, {
    "shape" : "3f1c7c0a-ccbd-4f42-bff1-6b9a2052ae7d",
    "color" : "#F2F2F2",
    "position" : {
      "x" : 11.09017,
      "y" : 24.798374,
      "z" : -24.798374
    }
  }, {
    "shape" : "2b640846-2a76-49f2-9de5-2bc895988118",
    "color" : "#00993F",
    "position" : {
      "x" : -34.27051,
      "y" : -12.708204,
      "z" : 8.472136
    },
    "orientation" : 55
  }, {
    "shape" : "3f1c7c0a-ccbd-4f42-bff1-6b9a2052ae7d",
    "color" : "#F2F2F2",
    "position" : {
      "x" : 15.326238,
      "y" : 29.034441,
      "z" : 15.326238
    }
  }, {
    "shape" : "b8e0919d-b728-49af-a387-04cea4b12be8",
    "color" : "#00993F",
    "position" : {
      "x" : 6.854102,
      "y" : -4.236068,
      "z" : -35.888542
    },
    "orientation" : 42
  }, {
    "shape" : "3f1c7c0a-ccbd-4f42-bff1-6b9a2052ae7d",
    "color" : "#F2F2F2",
    "position" : {
      "x" : -24.798374,
      "y" : -28.034441,
      "z" : -2.618034
    }
  }, {
    "shape" : "423c5e70-a303-471d-bcd6-b6f8faef25e1",
    "color" : "#D91218",
    "position" : {
      "x" : -6.854102,
      "y" : 20.562305,
      "z" : -29.034441
    },
    "orientation" : 0
  }, {
    "shape" : "0b0a228a-dc9b-413a-b2ea-4aeedeb6596e",
    "color" : "#FFB31A",
    "position" : {
      "x" : 35.888542,
      "y" : -8.472136,
      "z" : 0.0
    },
    "orientation" : 2
  }, {
    "shape" : "2b640846-2a76-49f2-9de5-2bc895988118",
    "color" : "#00993F",
    "position" : {
      "x" : -11.09017,
      "y" : 30.034441,
      "z" : 19.562305
    },
    "orientation" : 37
  }, {
    "shape" : "0b0a228a-dc9b-413a-b2ea-4aeedeb6596e",
    "color" : "#FFB31A",
    "position" : {
      "x" : 24.798374,
      "y" : 24.798374,
      "z" : -11.09017
    },
    "orientation" : 7
  }, {
    "shape" : "75692c6f-625a-4bd4-8401-3288239829b1",
    "color" : "#D91218",
    "position" : {
      "x" : -29.034441,
      "y" : 4.236068,
      "z" : -22.18034
    },
    "orientation" : 1
  }, {
    "shape" : "0b0a228a-dc9b-413a-b2ea-4aeedeb6596e",
    "color" : "#FFB31A",
    "position" : {
      "x" : 29.034441,
      "y" : 17.944271,
      "z" : 13.708204
    },
    "orientation" : 24
  }, {
    "shape" : "3f1c7c0a-ccbd-4f42-bff1-6b9a2052ae7d",
    "color" : "#F2F2F2",
    "position" : {
      "x" : -2.618034,
      "y" : 35.888542,
      "z" : -4.236068
    }
  }, {
    "shape" : "3f1c7c0a-ccbd-4f42-bff1-6b9a2052ae7d",
    "color" : "#F2F2F2",
    "position" : {
      "x" : -17.944271,
      "y" : -13.708204,
      "z" : 29.034441
    }
  }, {
    "shape" : "423c5e70-a303-471d-bcd6-b6f8faef25e1",
    "color" : "#D91218",
    "position" : {
      "x" : -4.236068,
      "y" : -2.618034,
      "z" : 35.888542
    },
    "orientation" : 30
  }, {
    "shape" : "2b640846-2a76-49f2-9de5-2bc895988118",
    "color" : "#00993F",
    "position" : {
      "x" : -10.09017,
      "y" : -4.236068,
      "z" : -35.888542
    },
    "orientation" : 43
  }, {
    "shape" : "75692c6f-625a-4bd4-8401-3288239829b1",
    "color" : "#D91218",
    "position" : {
      "x" : 4.236068,
      "y" : 22.18034,
      "z" : 29.034441
    },
    "orientation" : 15
  }, {
    "shape" : "3f1c7c0a-ccbd-4f42-bff1-6b9a2052ae7d",
    "color" : "#F2F2F2",
    "position" : {
      "x" : -23.798374,
      "y" : -9.472136,
      "z" : 27.416409
    }
  }, {
    "shape" : "b8e0919d-b728-49af-a387-04cea4b12be8",
    "color" : "#00993F",
    "position" : {
      "x" : -4.236068,
      "y" : -35.888542,
      "z" : 6.854102
    },
    "orientation" : 57
  }, {
    "shape" : "3f1c7c0a-ccbd-4f42-bff1-6b9a2052ae7d",
    "color" : "#F2F2F2",
    "position" : {
      "x" : -11.09017,
      "y" : -11.09017,
      "z" : -33.27051
    }
  }, {
    "shape" : "3f1c7c0a-ccbd-4f42-bff1-6b9a2052ae7d",
    "color" : "#F2F2F2",
    "position" : {
      "x" : 13.708204,
      "y" : 29.034441,
      "z" : 17.944271
    }
  }, {
    "shape" : "0b0a228a-dc9b-413a-b2ea-4aeedeb6596e",
    "color" : "#FFB31A",
    "position" : {
      "x" : -24.798374,
      "y" : 24.798374,
      "z" : 11.09017
    },
    "orientation" : 17
  }, {
    "shape" : "75692c6f-625a-4bd4-8401-3288239829b1",
    "color" : "#D91218",
    "position" : {
      "x" : 11.09017,
      "y" : 11.09017,
      "z" : -33.27051
    },
    "orientation" : 1
  }, {
    "shape" : "2b640846-2a76-49f2-9de5-2bc895988118",
    "color" : "#00993F",
    "position" : {
      "x" : 2.618034,
      "y" : 24.798374,
      "z" : -28.034441
    },
    "orientation" : 30
  }, {
    "shape" : "75692c6f-625a-4bd4-8401-3288239829b1",
    "color" : "#D91218",
    "position" : {
      "x" : 29.034441,
      "y" : 17.944271,
      "z" : 13.708204
    },
    "orientation" : 31
  }, {
    "shape" : "b8e0919d-b728-49af-a387-04cea4b12be8",
    "color" : "#00993F",
    "position" : {
      "x" : 4.236068,
      "y" : -35.888542,
      "z" : -6.854102
    },
    "orientation" : 14
  }, {
    "shape" : "0b0a228a-dc9b-413a-b2ea-4aeedeb6596e",
    "color" : "#FFB31A",
    "position" : {
      "x" : -15.326238,
      "y" : 11.09017,
      "z" : 31.652475
    },
    "orientation" : 30
  }, {
    "shape" : "3f1c7c0a-ccbd-4f42-bff1-6b9a2052ae7d",
    "color" : "#F2F2F2",
    "position" : {
      "x" : -6.854102,
      "y" : 24.798374,
      "z" : 26.416409
    }
  }, {
    "shape" : "b8e0919d-b728-49af-a387-04cea4b12be8",
    "color" : "#00993F",
    "position" : {
      "x" : 24.798374,
      "y" : 24.798374,
      "z" : -11.09017
    },
    "orientation" : 53
  }, {
    "shape" : "3f1c7c0a-ccbd-4f42-bff1-6b9a2052ae7d",
    "color" : "#F2F2F2",
    "position" : {
      "x" : 26.416409,
      "y" : -11.09017,
      "z" : 22.18034
    }
  }, {
    "shape" : "3f1c7c0a-ccbd-4f42-bff1-6b9a2052ae7d",
    "color" : "#F2F2F2",
    "position" : {
      "x" : 11.09017,
      "y" : -31.652475,
      "z" : -15.326238
    }
  }, {
    "shape" : "3f1c7c0a-ccbd-4f42-bff1-6b9a2052ae7d",
    "color" : "#F2F2F2",
    "position" : {
      "x" : 8.472136,
      "y" : 34.27051,
      "z" : 12.708204
    }
  }, {
    "shape" : "b8e0919d-b728-49af-a387-04cea4b12be8",
    "color" : "#00993F",
    "position" : {
      "x" : -13.708204,
      "y" : 29.034441,
      "z" : -17.944271
    },
    "orientation" : 39
  }, {
    "shape" : "0b0a228a-dc9b-413a-b2ea-4aeedeb6596e",
    "color" : "#FFB31A",
    "position" : {
      "x" : 33.27051,
      "y" : 11.09017,
      "z" : -11.09017
    },
    "orientation" : 1
  }, {
    "shape" : "2b640846-2a76-49f2-9de5-2bc895988118",
    "color" : "#00993F",
    "position" : {
      "x" : 12.708204,
      "y" : -8.472136,
      "z" : -34.27051
    },
    "orientation" : 54
  }, {
    "shape" : "b8e0919d-b728-49af-a387-04cea4b12be8",
    "color" : "#00993F",
    "position" : {
      "x" : 22.18034,
      "y" : -29.034441,
      "z" : -4.236068
    },
    "orientation" : 30
  }, {
    "shape" : "75692c6f-625a-4bd4-8401-3288239829b1",
    "color" : "#D91218",
    "position" : {
      "x" : 6.854102,
      "y" : -4.236068,
      "z" : -35.888542
    },
    "orientation" : 45
  }, {
    "shape" : "3f1c7c0a-ccbd-4f42-bff1-6b9a2052ae7d",
    "color" : "#F2F2F2",
    "position" : {
      "x" : -26.416409,
      "y" : 6.854102,
      "z" : 24.798374
    }
  }, {
    "shape" : "0b0a228a-dc9b-413a-b2ea-4aeedeb6596e",
    "color" : "#FFB31A",
    "position" : {
      "x" : -15.326238,
      "y" : -11.09017,
      "z" : -31.652475
    },
    "orientation" : 38
  }, {
    "shape" : "2b640846-2a76-49f2-9de5-2bc895988118",
    "color" : "#00993F",
    "position" : {
      "x" : -12.708204,
      "y" : 8.472136,
      "z" : -34.27051
    },
    "orientation" : 24
  }, {
    "shape" : "0b0a228a-dc9b-413a-b2ea-4aeedeb6596e",
    "color" : "#FFB31A",
    "position" : {
      "x" : 29.034441,
      "y" : 4.236068,
      "z" : 22.18034
    },
    "orientation" : 4
  }, {
    "shape" : "3f1c7c0a-ccbd-4f42-bff1-6b9a2052ae7d",
    "color" : "#F2F2F2",
    "position" : {
      "x" : -10.09017,
      "y" : -4.236068,
      "z" : -35.888542
    }
  }, {
    "shape" : "423c5e70-a303-471d-bcd6-b6f8faef25e1",
    "color" : "#D91218",
    "position" : {
      "x" : 29.034441,
      "y" : 15.326238,
      "z" : 15.326238
    },
    "orientation" : 46
  }, {
    "shape" : "b8e0919d-b728-49af-a387-04cea4b12be8",
    "color" : "#00993F",
    "position" : {
      "x" : -4.236068,
      "y" : -35.888542,
      "z" : 6.854102
    },
    "orientation" : 59
  }, {
    "shape" : "3f1c7c0a-ccbd-4f42-bff1-6b9a2052ae7d",
    "color" : "#F2F2F2",
    "position" : {
      "x" : 35.888542,
      "y" : -8.472136,
      "z" : 0.0
    }
  }, {
    "shape" : "3f1c7c0a-ccbd-4f42-bff1-6b9a2052ae7d",
    "color" : "#F2F2F2",
    "position" : {
      "x" : 24.798374,
      "y" : 28.034441,
      "z" : -2.618034
    }
  }, {
    "shape" : "3f1c7c0a-ccbd-4f42-bff1-6b9a2052ae7d",
    "color" : "#F2F2F2",
    "position" : {
      "x" : -10.09017,
      "y" : 4.236068,
      "z" : 35.888542
    }
  }, {
    "shape" : "3f1c7c0a-ccbd-4f42-bff1-6b9a2052ae7d",
    "color" : "#F2F2F2",
    "position" : {
      "x" : 11.09017,
      "y" : 31.652475,
      "z" : 15.326238
    }
  }, {
    "shape" : "3f1c7c0a-ccbd-4f42-bff1-6b9a2052ae7d",
    "color" : "#F2F2F2",
    "position" : {
      "x" : -11.09017,
      "y" : 24.798374,
      "z" : 24.798374
    }
  }, {
    "shape" : "75692c6f-625a-4bd4-8401-3288239829b1",
    "color" : "#D91218",
    "position" : {
      "x" : -22.18034,
      "y" : -29.034441,
      "z" : 4.236068
    },
    "orientation" : 2
  }, {
    "shape" : "3f1c7c0a-ccbd-4f42-bff1-6b9a2052ae7d",
    "color" : "#F2F2F2",
    "position" : {
      "x" : 35.888542,
      "y" : -4.236068,
      "z" : -2.618034
    }
  }, {
    "shape" : "b8e0919d-b728-49af-a387-04cea4b12be8",
    "color" : "#00993F",
    "position" : {
      "x" : 11.09017,
      "y" : -24.798374,
      "z" : 24.798374
    },
    "orientation" : 23
  }, {
    "shape" : "0b0a228a-dc9b-413a-b2ea-4aeedeb6596e",
    "color" : "#FFB31A",
    "position" : {
      "x" : 35.888542,
      "y" : -6.854102,
      "z" : -4.236068
    },
    "orientation" : 2
  }, {
    "shape" : "3f1c7c0a-ccbd-4f42-bff1-6b9a2052ae7d",
    "color" : "#F2F2F2",
    "position" : {
      "x" : -2.618034,
      "y" : -24.798374,
      "z" : -28.034441
    }
  }, {
    "shape" : "3f1c7c0a-ccbd-4f42-bff1-6b9a2052ae7d",
    "color" : "#F2F2F2",
    "position" : {
      "x" : -15.326238,
      "y" : 11.09017,
      "z" : -31.652475
    }
  }, {
    "shape" : "423c5e70-a303-471d-bcd6-b6f8faef25e1",
    "color" : "#D91218",
    "position" : {
      "x" : -2.618034,
      "y" : 35.888542,
      "z" : -4.236068
    },
    "orientation" : 47
  }, {
    "shape" : "423c5e70-a303-471d-bcd6-b6f8faef25e1",
    "color" : "#D91218",
    "position" : {
      "x" : -20.562305,
      "y" : 29.034441,
      "z" : -6.854102
    },
    "orientation" : 32
  }, {
