{
  "polygons" : "true",
  "field" : "golden",
  "symmetry" : "icosahedral",
  "orientations" : [ [ 1.0, 0.0, 0.0, 0.0, 0.0, 1.0, 0.0, 0.0, 0.0, 0.0, 1.0, 0.0, 0.0, 0.0, 0.0, 1.0 ], [ 0.0, 0.0, 1.0, 0.0, 1.0, 0.0, 0.0, 0.0, 0.0, 1.0, 0.0, 0.0, 0.0, 0.0, 0.0, 1.0 ], [ 0.0, 1.0, 0.0, 0.0, 0.0, 0.0, 1.0, 0.0, 1.0, 0.0, 0.0, 0.0, 0.0, 0.0, 0.0, 1.0 ], [ 0.809017, 0.309017, 0.5, 0.0, 0.309017, 0.5, -0.809017, 0.0, -0.5, 0.809017, 0.309017, 0.0, 0.0, 0.0, 0.0, 1.0 ], [ -0.5, 0.809017, 0.309017, 0.0, 0.809017, 0.309017, 0.5, 0.0, 0.309017, 0.5, -0.809017, 0.0, 0.0, 0.0, 0.0, 1.0 ], [ 0.309017, 0.5, -0.809017, 0.0, -0.5, 0.809017, 0.309017, 0.0, 0.809017, 0.309017, 0.5, 0.0, 0.0, 0.0, 0.0, 1.0 ], [ 0.5, 0.809017, 0.309017, 0.0, 0.809017, -0.309017, -0.5, 0.0, -0.309017, 0.5, -0.809017, 0.0, 0.0, 0.0, 0.0, 1.0 ], [ -0.309017, 0.5, -0.809017, 0.0, 0.5, 0.809017, 0.309017, 0.0, 0.809017, -0.309017, -0.5, 0.0, 0.0, 0.0, 0.0, 1.0 ], [ 0.809017, -0.309017, -0.5, 0.0, -0.309017, 0.5, -0.809017, 0.0, 0.5, 0.809017, 0.309017, 0.0, 0.0, 0.0, 0.0, 1.0 ], [ 0.5, 0.809017, -0.309017, 0.0, 0.809017, -0.309017, 0.5, 0.0, 0.309017, -0.5, -0.809017, 0.0, 0.0, 0.0, 0.0, 1.0 ], [ 0.309017, -0.5, -0.809017, 0.0, 0.5, 0.809017, -0.309017, 0.0, 0.809017, -0.309017, 0.5, 0.0, 0.0, 0.0, 0.0, 1.0 ], [ 0.809017, -0.309017, 0.5, 0.0, 0.309017, -0.5, -0.809017, 0.0, 0.5, 0.809017, -0.309017, 0.0, 0.0, 0.0, 0.0, 1.0 ], [ 0.809017, 0.309017, -0.5, 0.0, 0.309017, 0.5, 0.809017, 0.0, 0.5, -0.809017, 0.309017, 0.0, 0.0, 0.0, 0.0, 1.0 ], [ 0.5, -0.809017, 0.309017, 0.0, 0.809017, 0.309017, -0.5, 0.0, 0.309017, 0.5, 0.809017, 0.0, 0.0, 0.0, 0.0, 1.0 ], [ 0.309017, 0.5, 0.809017, 0.0, 0.5, -0.809017, 0.309017, 0.0, 0.809017, 0.309017, -0.5, 0.0, 0.0, 0.0, 0.0, 1.0 ], [ 1.0, 0.0, 0.0, 0.0, 0.0, -1.0, 0.0, 0.0, 0.0, 0.0, -1.0, 0.0, 0.0, 0.0, 0.0, 1.0 ], [ 0.0, 0.0, 1.0, 0.0, -1.0, 0.0, 0.0, 0.0, 0.0, -1.0, 0.0, 0.0, 0.0, 0.0, 0.0, 1.0 ], [ 0.0, 1.0, 0.0, 0.0, 0.0, 0.0, -1.0, 0.0, -1.0, 0.0, 0.0, 0.0, 0.0, 0.0, 0.0, 1.0 ], [ 0.809017, 0.309017, 0.5, 0.0, -0.309017, -0.5, 0.809017, 0.0, 0.5, -0.809017, -0.309017, 0.0, 0.0, 0.0, 0.0, 1.0 ], [ -0.5, 0.809017, 0.309017, 0.0, -0.809017, -0.309017, -0.5, 0.0, -0.309017, -0.5, 0.809017, 0.0, 0.0, 0.0, 0.0, 1.0 ], [ 0.309017, 0.5, -0.809017, 0.0, 0.5, -0.809017, -0.309017, 0.0, -0.809017, -0.309017, -0.5, 0.0, 0.0, 0.0, 0.0, 1.0 ], [ 0.5, 0.809017, 0.309017, 0.0, -0.809017, 0.309017, 0.5, 0.0, 0.309017, -0.5, 0.809017, 0.0, 0.0, 0.0, 0.0, 1.0 ], [ -0.309017, 0.5, -0.809017, 0.0, -0.5, -0.809017, -0.309017, 0.0, -0.809017, 0.309017, 0.5, 0.0, 0.0, 0.0, 0.0, 1.0 ], [ 0.809017, -0.309017, -0.5, 0.0, 0.309017, -0.5, 0.809017, 0.0, -0.5, -0.809017, -0.309017, 0.0, 0.0, 0.0, 0.0, 1.0 ], [ 0.5, 0.809017, -0.309017, 0.0, -0.809017, 0.309017, -0.5, 0.0, -0.309017, 0.5, 0.809017, 0.0, 0.0, 0.0, 0.0, 1.0 ], [ 0.309017, -0.5, -0.809017, 0.0, -0.5, -0.809017, 0.309017, 0.0, -0.809017, 0.309017, -0.5, 0.0, 0.0, 0.0, 0.0, 1.0 ], [ 0.809017, -0.309017, 0.5, 0.0, -0.309017, 0.5, 0.809017, 0.0, -0.5, -0.809017, 0.309017, 0.0, 0.0, 0.0, 0.0, 1.0 ], [ 0.809017, 0.309017, -0.5, 0.0, -0.309017, -0.5, -0.809017, 0.0, -0.5, 0.809017, -0.309017, 0.0, 0.0, 0.0, 0.0, 1.0 ], [ 0.5, -0.809017, 0.309017, 0.0, -0.809017, -0.309017, 0.5, 0.0, -0.309017, -0.5, -0.809017, 0.0, 0.0, 0.0, 0.0, 1.0 ], [ 0.309017, 0.5, 0.809017, 0.0, -0.5, 0.809017, -0.309017, 0.0, -0.809017, -0.309017, 0.5, 0.0, 0.0, 0.0, 0.0, 1.0 ], [ -1.0, 0.0, 0.0, 0.0, 0.0, -1.0, 0.0, 0.0, 0.0, 0.0, 1.0, 0.0, 0.0, 0.0, 0.0, 1.0 ], [ 0.0, 0.0, -1.0, 0.0, -1.0, 0.0, 0.0, 0.0, 0.0, 1.0, 0.0, 0.0, 0.0, 0.0, 0.0, 1.0 ], [ 0.0, -1.0, 0.0, 0.0, 0.0, 0.0, -1.0, 0.0, 1.0, 0.0, 0.0, 0.0, 0.0, 0.0, 0.0, 1.0 ], [ -0.809017, -0.309017, -0.5, 0.0, -0.309017, -0.5, 0.809017, 0.0, -0.5, 0.809017, 0.309017, 0.0, 0.0, 0.0, 0.0, 1.0 ], [ 0.5, -0.809017, -0.309017, 0.0, -0.809017, -0.309017, -0.5, 0.0, 0.309017, 0.5, -0.809017, 0.0, 0.0, 0.0, 0.0, 1.0 ], [ -0.309017, -0.5, 0.809017, 0.0, 0.5, -0.809017, -0.309017, 0.0, 0.809017, 0.309017, 0.5, 0.0, 0.0, 0.0, 0.0, 1.0 ], [ -0.5, -0.809017, -0.309017, 0.0, -0.809017, 0.309017, 0.5, 0.0, -0.309017, 0.5, -0.809017, 0.0, 0.0, 0.0, 0.0, 1.0 ], [ 0.309017, -0.5, 0.809017, 0.0, -0.5, -0.809017, -0.309017, 0.0, 0.809017, -0.309017, -0.5, 0.0, 0.0, 0.0, 0.0, 1.0 ], [ -0.809017, 0.309017, 0.5, 0.0, 0.309017, -0.5, 0.809017, 0.0, 0.5, 0.809017, 0.309017, 0.0, 0.0, 0.0, 0.0, 1.0 ], [ -0.5, -0.809017, 0.309017, 0.0, -0.809017, 0.309017, -0.5, 0.0, 0.309017, -0.5, -0.809017, 0.0, 0.0, 0.0, 0.0, 1.0 ], [ -0.309017, 0.5, 0.809017, 0.0, -0.5, -0.809017, 0.309017, 0.0, 0.809017, -0.309017, 0.5, 0.0, 0.0, 0.0, 0.0, 1.0 ], [ -0.809017, 0.309017, -0.5, 0.0, -0.309017, 0.5, 0.809017, 0.0, 0.5, 0.809017, -0.309017, 0.0, 0.0, 0.0, 0.0, 1.0 ], [ -0.809017, -0.309017, 0.5, 0.0, -0.309017, -0.5, -0.809017, 0.0, 0.5, -0.809017, 0.309017, 0.0, 0.0, 0.0, 0.0, 1.0 ], [ -0.5, 0.809017, -0.309017, 0.0, -0.809017, -0.309017, 0.5, 0.0, 0.309017, 0.5, 0.809017, 0.0, 0.0, 0.0, 0.0, 1.0 ], [ -0.309017, -0.5, -0.809017, 0.0, -0.5, 0.809017, -0.309017, 0.0, 0.809017, 0.309017, -0.5, 0.0, 0.0, 0.0, 0.0, 1.0 ], [ -1.0, 0.0, 0.0, 0.0, 0.0, 1.0, 0.0, 0.0, 0.0, 0.0, -1.0, 0.0, 0.0, 0.0, 0.0, 1.0 ], [ 0.0, 0.0, -1.0, 0.0, 1.0, 0.0, 0.0, 0.0, 0.0, -1.0, 0.0, 0.0, 0.0, 0.0, 0.0, 1.0 ], [ 0.0, -1.0, 0.0, 0.0, 0.0, 0.0, 1.0, 0.0, -1.0, 0.0, 0.0, 0.0, 0.0, 0.0, 0.0, 1.0 ], [ -0.809017, -0.309017, -0.5, 0.0, 0.309017, 0.5, -0.809017, 0.0, 0.5, -0.809017, -0.309017, 0.0, 0.0, 0.0, 0.0, 1.0 ], [ 0.5, -0.809017, -0.309017, 0.0, 0.809017, 0.309017, 0.5, 0.0, -0.309017, -0.5, 0.809017, 0.0, 0.0, 0.0, 0.0, 1.0 ], [ -0.309017, -0.5, 0.809017, 0.0, -0.5, 0.809017, 0.309017, 0.0, -0.809017, -0.309017, -0.5, 0.0, 0.0, 0.0, 0.0, 1.0 ], [ -0.5, -0.809017, -0.309017, 0.0, 0.809017, -0.309017, -0.5, 0.0, 0.309017, -0.5, 0.809017, 0.0, 0.0, 0.0, 0.0, 1.0 ], [ 0.309017, -0.5, 0.809017, 0.0, 0.5, 0.809017, 0.309017, 0.0, -0.809017, 0.309017, 0.5, 0.0, 0.0, 0.0, 0.0, 1.0 ], [ -0.809017, 0.309017, 0.5, 0.0, -0.309017, 0.5, -0.809017, 0.0, -0.5, -0.809017, -0.309017, 0.0, 0.0, 0.0, 0.0, 1.0 ], [ -0.5, -0.809017, 0.309017, 0.0, 0.809017, -0.309017, 0.5, 0.0, -0.309017, 0.5, 0.809017, 0.0, 0.0, 0.0, 0.0, 1.0 ], [ -0.309017, 0.5, 0.809017, 0.0, 0.5, 0.809017, -0.309017, 0.0, -0.809017, 0.309017, -0.5, 0.0, 0.0, 0.0, 0.0, 1.0 ], [ -0.809017, 0.309017, -0.5, 0.0, 0.309017, -0.5, -0.809017, 0.0, -0.5, -0.809017, 0.309017, 0.0, 0.0, 0.0, 0.0, 1.0 ], [ -0.809017, -0.309017, 0.5, 0.0, 0.309017, 0.5, 0.809017, 0.0, -0.5, 0.809017, -0.309017, 0.0, 0.0, 0.0, 0.0, 1.0 ], [ -0.5, 0.809017, -0.309017, 0.0, 0.809017, 0.309017, -0.5, 0.0, -0.309017, -0.5, -0.809017, 0.0, 0.0, 0.0, 0.0, 1.0 ], [ -0.309017, -0.5, -0.809017, 0.0, 0.5, -0.809017, 0.309017, 0.0, -0.809017, -0.309017, 0.5, 0.0, 0.0, 0.0, 0.0, 1.0 ] ],
  "lights" : {
    "directionalLights" : [ {
      "direction" : [ 1.0, -1.0, -1.0 ],
      "color" : "#EBEBE4"
    }, {
      "direction" : [ -1.0, 0.0, 0.0 ],
      "color" : "#E4E4EB"
    }, {
      "direction" : [ 0.0, 0.0, -1.0 ],
      "color" : "#1E1E1E"
    } ],
    "ambientColor" : "#292929",
    "backgroundColor" : "#AFC8DC"
  },
  "camera" : {
    "position" : {
      "x" : -119.9561,
      "y" : -74.13695,
      "z" : 0.0
    },
    "width" : 63.457565,
    "lookAtPoint" : {
      "x" : 0.0,
      "y" : 0.0,
      "z" : 0.0
    },
    "upDirection" : {
      "x" : -0.5,
      "y" : 0.809017,
      "z" : -0.309017
    },
    "lookDirection" : {
      "x" : 0.8506508,
      "y" : 0.5257311,
      "z" : 0.0
    },
    "stereo" : false,
    "nearClipDistance" : 0.35254228,
    "viewDistance" : 141.01686,
    "perspective" : true,
    "farClipDistance" : 282.03375,
    "fieldOfView" : 0.44262874
  },
  "embedding" : [ 1.0, 0.0, 0.0, 0.0, 0.0, 1.0, 0.0, 0.0, 0.0, 0.0, 1.0, 0.0, 0.0, 0.0, 0.0, 1.0 ],
  "shapes" : [ {
    "id" : "035a3ebb-1933-4053-9dc0-85540f9cb2ce",
    "name" : "ball",
    "vertices" : [ {
      "x" : 0.309017,
      "y" : -0.809017,
      "z" : 0.618034
    }, {
      "x" : 0.809017,
      "y" : -0.618034,
      "z" : 0.309017
    }, {
      "x" : 0.618034,
      "y" : -0.309017,
      "z" : 0.809017
    }, {
      "x" : 1.0,
      "y" : 0.309017,
      "z" : 0.19098301
    }, {
      "x" : 0.809017,
      "y" : 0.618034,
      "z" : 0.309017
    }, {
      "x" : 0.618034,
      "y" : 0.309017,
      "z" : 0.809017
    }, {
      "x" : 0.809017,
      "y" : 0.0,
      "z" : 0.690983
    }, {
      "x" : 0.19098301,
      "y" : -1.0,
      "z" : 0.309017
    }, {
      "x" : -0.19098301,
      "y" : -1.0,
      "z" : 0.309017
    }, {
      "x" : -0.19098301,
      "y" : -1.0,
      "z" : -0.309017
    }, {
      "x" : 0.19098301,
      "y" : -1.0,
      "z" : -0.309017
    }, {
      "x" : 1.0,
      "y" : -0.309017,
      "z" : -0.19098301
    }, {
      "x" : 0.809017,
      "y" : -0.618034,
      "z" : -0.309017
    }, {
      "x" : 0.618034,
      "y" : -0.309017,
      "z" : -0.809017
    }, {
      "x" : 0.809017,
      "y" : 0.0,
      "z" : -0.690983
    }, {
      "x" : 0.0,
      "y" : 0.690983,
      "z" : -0.809017
    }, {
      "x" : 0.309017,
      "y" : 0.809017,
      "z" : -0.618034
    }, {
      "x" : 0.618034,
      "y" : 0.309017,
      "z" : -0.809017
    }, {
      "x" : 0.309017,
      "y" : 0.19098301,
      "z" : -1.0
    }, {
      "x" : 1.0,
      "y" : 0.309017,
      "z" : -0.19098301
    }, {
      "x" : -0.309017,
      "y" : -0.809017,
      "z" : 0.618034
    }, {
      "x" : 0.0,
      "y" : -0.690983,
      "z" : 0.809017
    }, {
      "x" : 0.809017,
      "y" : 0.618034,
      "z" : -0.309017
    }, {
      "x" : 0.690983,
      "y" : 0.809017,
      "z" : 0.0
    }, {
      "x" : -0.690983,
      "y" : 0.809017,
      "z" : 0.0
    }, {
      "x" : -0.809017,
      "y" : 0.618034,
      "z" : 0.309017
    }, {
      "x" : -0.309017,
      "y" : 0.809017,
      "z" : 0.618034
    }, {
      "x" : -0.19098301,
      "y" : 1.0,
      "z" : 0.309017
    }, {
      "x" : 0.309017,
      "y" : -0.19098301,
      "z" : -1.0
    }, {
      "x" : 0.19098301,
      "y" : 1.0,
      "z" : 0.309017
    }, {
      "x" : 0.309017,
      "y" : 0.809017,
      "z" : 0.618034
    }, {
      "x" : -0.809017,
      "y" : -0.618034,
      "z" : 0.309017
    }, {
      "x" : -0.690983,
      "y" : -0.809017,
      "z" : 0.0
    }, {
      "x" : 0.0,
      "y" : 0.690983,
      "z" : 0.809017
    }, {
      "x" : 0.309017,
      "y" : -0.809017,
      "z" : -0.618034
    }, {
      "x" : 0.0,
      "y" : -0.690983,
      "z" : -0.809017
    }, {
      "x" : -1.0,
      "y" : 0.309017,
      "z" : 0.19098301
    }, {
      "x" : -0.809017,
      "y" : 0.0,
      "z" : 0.690983
    }, {
      "x" : -0.618034,
      "y" : 0.309017,
      "z" : 0.809017
    }, {
      "x" : 1.0,
      "y" : -0.309017,
      "z" : 0.19098301
    }, {
      "x" : -0.309017,
      "y" : -0.809017,
      "z" : -0.618034
    }, {
      "x" : -1.0,
      "y" : 0.309017,
      "z" : -0.19098301
    }, {
      "x" : -1.0,
      "y" : -0.309017,
      "z" : -0.19098301
    }, {
      "x" : -1.0,
      "y" : -0.309017,
      "z" : 0.19098301
    }, {
      "x" : 0.19098301,
      "y" : 1.0,
      "z" : -0.309017
    }, {
      "x" : -0.809017,
      "y" : 0.618034,
      "z" : -0.309017
    }, {
      "x" : -0.19098301,
      "y" : 1.0,
      "z" : -0.309017
    }, {
      "x" : -0.309017,
      "y" : 0.809017,
      "z" : -0.618034
    }, {
      "x" : -0.618034,
      "y" : -0.309017,
      "z" : 0.809017
    }, {
      "x" : 0.309017,
      "y" : 0.19098301,
      "z" : 1.0
    }, {
      "x" : -0.309017,
      "y" : 0.19098301,
      "z" : -1.0
    }, {
      "x" : -0.309017,
      "y" : 0.19098301,
      "z" : 1.0
    }, {
      "x" : -0.309017,
      "y" : -0.19098301,
      "z" : 1.0
    }, {
      "x" : 0.309017,
      "y" : -0.19098301,
      "z" : 1.0
    }, {
      "x" : 0.690983,
      "y" : -0.809017,
      "z" : 0.0
    }, {
      "x" : -0.809017,
      "y" : 0.0,
      "z" : -0.690983
    }, {
      "x" : -0.618034,
      "y" : -0.309017,
      "z" : -0.809017
    }, {
      "x" : -0.309017,
      "y" : -0.19098301,
      "z" : -1.0
    }, {
      "x" : -0.618034,
      "y" : 0.309017,
      "z" : -0.809017
    }, {
      "x" : -0.809017,
      "y" : -0.618034,
      "z" : -0.309017
    } ],
    "faces" : [ {
      "vertices" : [ 9, 40, 35, 34, 10 ]
    }, {
      "vertices" : [ 0, 1, 2 ]
    }, {
      "vertices" : [ 33, 51, 49 ]
    }, {
      "vertices" : [ 25, 36, 37, 38 ]
    }, {
      "vertices" : [ 41, 55, 42 ]
    }, {
      "vertices" : [ 9, 32, 59, 40 ]
    }, {
      "vertices" : [ 20, 21, 52, 48 ]
    }, {
      "vertices" : [ 26, 33, 30, 29, 27 ]
    }, {
      "vertices" : [ 3, 4, 5, 6 ]
    }, {
      "vertices" : [ 27, 29, 44, 46 ]
    }, {
      "vertices" : [ 50, 57, 56, 55, 58 ]
    }, {
      "vertices" : [ 26, 38, 51, 33 ]
    }, {
      "vertices" : [ 45, 47, 58 ]
    }, {
      "vertices" : [ 18, 28, 57, 50 ]
    }, {
      "vertices" : [ 40, 59, 56 ]
    }, {
      "vertices" : [ 31, 48, 37, 43 ]
    }, {
      "vertices" : [ 7, 8, 9, 10 ]
    }, {
      "vertices" : [ 36, 41, 42, 43 ]
    }, {
      "vertices" : [ 24, 46, 47, 45 ]
    }, {
      "vertices" : [ 4, 30, 5 ]
    }, {
      "vertices" : [ 15, 47, 46, 44, 16 ]
    }, {
      "vertices" : [ 15, 50, 58, 47 ]
    }, {
      "vertices" : [ 24, 45, 41, 36, 25 ]
    }, {
      "vertices" : [ 11, 14, 19 ]
    }, {
      "vertices" : [ 3, 6, 39 ]
    }, {
      "vertices" : [ 1, 39, 6, 2 ]
    }, {
      "vertices" : [ 8, 32, 9 ]
    }, {
      "vertices" : [ 11, 12, 13, 14 ]
    }, {
      "vertices" : [ 16, 22, 17 ]
    }, {
      "vertices" : [ 0, 21, 20, 8, 7 ]
    }, {
      "vertices" : [ 12, 34, 13 ]
    }, {
      "vertices" : [ 35, 40, 56, 57 ]
    }, {
      "vertices" : [ 0, 7, 54, 1 ]
    }, {
      "vertices" : [ 15, 16, 17, 18 ]
    }, {
      "vertices" : [ 3, 19, 22, 23, 4 ]
    }, {
      "vertices" : [ 7, 10, 54 ]
    }, {
      "vertices" : [ 41, 45, 58, 55 ]
    }, {
      "vertices" : [ 3, 39, 11, 19 ]
    }, {
      "vertices" : [ 14, 17, 22, 19 ]
    }, {
      "vertices" : [ 0, 2, 53, 21 ]
    }, {
      "vertices" : [ 49, 51, 52, 53 ]
    }, {
      "vertices" : [ 31, 43, 42, 59, 32 ]
    }, {
      "vertices" : [ 15, 18, 50 ]
    }, {
      "vertices" : [ 42, 55, 56, 59 ]
    }, {
      "vertices" : [ 4, 23, 29, 30 ]
    }, {
      "vertices" : [ 25, 38, 26 ]
    }, {
      "vertices" : [ 13, 28, 18, 17, 14 ]
    }, {
      "vertices" : [ 8, 20, 31, 32 ]
    }, {
      "vertices" : [ 23, 44, 29 ]
    }, {
      "vertices" : [ 24, 27, 46 ]
    }, {
      "vertices" : [ 37, 48, 52, 51, 38 ]
    }, {
      "vertices" : [ 20, 48, 31 ]
    }, {
      "vertices" : [ 24, 25, 26, 27 ]
    }, {
      "vertices" : [ 16, 44, 23, 22 ]
    }, {
      "vertices" : [ 13, 34, 35, 28 ]
    }, {
      "vertices" : [ 10, 34, 12, 54 ]
    }, {
      "vertices" : [ 2, 6, 5, 49, 53 ]
    }, {
      "vertices" : [ 36, 43, 37 ]
    }, {
      "vertices" : [ 5, 30, 33, 49 ]
    }, {
      "vertices" : [ 1, 54, 12, 11, 39 ]
    }, {
      "vertices" : [ 28, 35, 57 ]
    }, {
      "vertices" : [ 21, 53, 52 ]
    } ]
  }, {
    "id" : "1a4441a4-2d54-46fa-ae37-39c4c9f3781e",
    "orbit" : "purple",
    "name" : "medium",
    "vertices" : [ {
      "x" : 0.690983,
      "y" : 0.809017,
      "z" : 0.0
    }, {
      "x" : 0.809017,
      "y" : 0.618034,
      "z" : -0.309017
    }, {
      "x" : 0.809017,
      "y" : 0.618034,
      "z" : 0.309017
    }, {
      "x" : 1.0,
      "y" : 0.309017,
      "z" : -0.19098301
    }, {
      "x" : 1.0,
      "y" : 0.309017,
      "z" : 0.19098301
    }, {
      "x" : 1.618034,
      "y" : 0.42705098,
      "z" : -0.309017
    }, {
      "x" : 1.618034,
      "y" : 0.42705098,
      "z" : 0.309017
    }, {
      "x" : 1.618034,
      "y" : 0.809017,
      "z" : -0.309017
    }, {
      "x" : 1.618034,
      "y" : 0.809017,
      "z" : 0.309017
    }, {
      "x" : 9.472136,
      "y" : 3.427051,
      "z" : -0.309017
    }, {
      "x" : 9.472136,
      "y" : 3.427051,
      "z" : 0.309017
    }, {
      "x" : 9.472136,
      "y" : 3.809017,
      "z" : -0.309017
    }, {
      "x" : 9.472136,
      "y" : 3.809017,
      "z" : 0.309017
    }, {
      "x" : 10.09017,
      "y" : 3.927051,
      "z" : -0.19098301
    }, {
      "x" : 10.09017,
      "y" : 3.927051,
      "z" : 0.19098301
    }, {
      "x" : 10.281153,
      "y" : 3.618034,
      "z" : -0.309017
    }, {
      "x" : 10.281153,
      "y" : 3.618034,
      "z" : 0.309017
    }, {
      "x" : 10.399187,
      "y" : 3.427051,
      "z" : 0.0
    }, {
      "x" : 11.09017,
      "y" : 4.236068,
      "z" : 0.0
    } ],
    "faces" : [ {
      "vertices" : [ 5, 7, 11, 9 ]
    }, {
      "vertices" : [ 9, 11, 15 ]
    }, {
      "vertices" : [ 9, 17, 10 ]
    }, {
      "vertices" : [ 6, 10, 12, 8 ]
    }, {
      "vertices" : [ 10, 16, 12 ]
    }, {
      "vertices" : [ 7, 8, 12, 11 ]
    }, {
      "vertices" : [ 11, 13, 15 ]
    }, {
      "vertices" : [ 0, 7, 1 ]
    }, {
      "vertices" : [ 1, 5, 3 ]
    }, {
      "vertices" : [ 9, 15, 17 ]
    }, {
      "vertices" : [ 0, 2, 8 ]
    }, {
      "vertices" : [ 12, 16, 14 ]
    }, {
      "vertices" : [ 0, 1, 3, 4, 2 ]
    }, {
      "vertices" : [ 10, 17, 16 ]
    }, {
      "vertices" : [ 13, 14, 16, 17, 15 ]
    }, {
      "vertices" : [ 2, 4, 6 ]
    }, {
      "vertices" : [ 1, 7, 5 ]
    }, {
      "vertices" : [ 0, 8, 7 ]
    }, {
      "vertices" : [ 2, 6, 8 ]
    }, {
      "vertices" : [ 3, 5, 6, 4 ]
    }, {
      "vertices" : [ 11, 12, 14, 13 ]
    }, {
      "vertices" : [ 5, 9, 10, 6 ]
    } ]
  }, {
    "id" : "2fdecb23-4705-4739-9617-cbffc68c239f",
    "orbit" : "yellow",
    "name" : " :2*phi",
    "vertices" : [ {
      "x" : 0.809017,
      "y" : 0.0,
      "z" : -0.690983
    }, {
      "x" : 1.0,
      "y" : 0.309017,
      "z" : -0.19098301
    }, {
      "x" : 10.281153,
      "y" : 0.309017,
      "z" : -3.736068
    }, {
      "x" : 10.09017,
      "y" : 0.0,
      "z" : -4.236068
    }, {
      "x" : 21.18034,
      "y" : 0.309017,
      "z" : -8.281153
    }, {
      "x" : 1.0,
      "y" : -0.309017,
      "z" : -0.19098301
    }, {
      "x" : 10.281153,
      "y" : -0.309017,
      "z" : -3.736068
    }, {
      "x" : 11.899187,
      "y" : 0.309017,
      "z" : -4.736068
    }, {
      "x" : 12.09017,
      "y" : 0.0,
      "z" : -4.236068
    }, {
      "x" : 22.18034,
      "y" : 0.0,
      "z" : -8.472136
    }, {
      "x" : 11.899187,
      "y" : -0.309017,
      "z" : -4.736068
    }, {
      "x" : 21.371323,
      "y" : 0.0,
      "z" : -7.7811527
    }, {
      "x" : 21.18034,
      "y" : -0.309017,
      "z" : -8.281153
    } ],
    "faces" : [ {
      "vertices" : [ 2, 6, 8 ]
    }, {
      "vertices" : [ 4, 12, 10, 7 ]
    }, {
      "vertices" : [ 2, 8, 7 ]
    }, {
      "vertices" : [ 3, 10, 6 ]
    }, {
      "vertices" : [ 3, 7, 10 ]
    }, {
      "vertices" : [ 0, 1, 2, 3 ]
    }, {
      "vertices" : [ 6, 10, 8 ]
    }, {
      "vertices" : [ 8, 10, 12, 11 ]
    }, {
      "vertices" : [ 2, 7, 3 ]
    }, {
      "vertices" : [ 0, 3, 6, 5 ]
    }, {
      "vertices" : [ 1, 5, 6, 2 ]
    }, {
      "vertices" : [ 4, 7, 8, 11 ]
    } ]
  } ],
  "instances" : [ {
    "shape" : "035a3ebb-1933-4053-9dc0-85540f9cb2ce",
    "color" : "#660066",
    "position" : {
      "x" : 4.236068,
      "y" : -11.09017,
      "z" : 6.854102
    }
  }, {
    "shape" : "035a3ebb-1933-4053-9dc0-85540f9cb2ce",
    "color" : "#0000FF",
    "position" : {
      "x" : 8.972136,
      "y" : 10.281153,
      "z" : -1.309017
    }
  }, {
    "shape" : "1a4441a4-2d54-46fa-ae37-39c4c9f3781e",
    "color" : "#FFFF66",
    "position" : {
      "x" : -8.972136,
      "y" : 3.427051,
      "z" : -9.781153
    },
    "orientation" : 32
  }, {
    "shape" : "035a3ebb-1933-4053-9dc0-85540f9cb2ce",
    "color" : "#666600",
    "position" : {
      "x" : -12.399187,
      "y" : 4.736068,
      "z" : -3.427051
    }
  }, {
    "shape" : "1a4441a4-2d54-46fa-ae37-39c4c9f3781e",
    "color" : "#660066",
    "position" : {
      "x" : 9.781153,
      "y" : -8.972136,
      "z" : -3.427051
    },
    "orientation" : 30
  }, {
    "shape" : "1a4441a4-2d54-46fa-ae37-39c4c9f3781e",
    "color" : "#660066",
    "position" : {
      "x" : 4.236068,
      "y" : -11.09017,
      "z" : 6.854102
    },
    "orientation" : 20
  }, {
    "shape" : "035a3ebb-1933-4053-9dc0-85540f9cb2ce",
    "color" : "#FF9999",
    "position" : {
      "x" : -3.427051,
      "y" : -1.309017,
      "z" : -13.208204
    }
  }, {
    "shape" : "1a4441a4-2d54-46fa-ae37-39c4c9f3781e",
    "color" : "#66FF66",
    "position" : {
      "x" : 3.427051,
      "y" : -9.781153,
      "z" : -8.972136
    },
    "orientation" : 46
  }, {
    "shape" : "035a3ebb-1933-4053-9dc0-85540f9cb2ce",
    "color" : "#CCCC00",
    "position" : {
      "x" : 11.09017,
      "y" : 6.854102,
      "z" : -4.236068
    }
  }, {
    "shape" : "035a3ebb-1933-4053-9dc0-85540f9cb2ce",
    "color" : "#0000FF",
    "position" : {
      "x" : -12.399187,
      "y" : -4.736068,
      "z" : 3.427051
    }
  }, {
    "shape" : "2fdecb23-4705-4739-9617-cbffc68c239f",
    "color" : "#66FF66",
    "position" : {
      "x" : 3.427051,
      "y" : -9.781153,
      "z" : -8.972136
    },
    "orientation" : 7
  }, {
    "shape" : "035a3ebb-1933-4053-9dc0-85540f9cb2ce",
    "color" : "#66FF66",
    "position" : {
      "x" : -6.854102,
      "y" : 4.236068,
      "z" : 11.09017
    }
  }, {
    "shape" : "035a3ebb-1933-4053-9dc0-85540f9cb2ce",
    "color" : "#666600",
    "position" : {
      "x" : 8.972136,
      "y" : -10.281153,
      "z" : 1.309017
    }
  }, {
    "shape" : "2fdecb23-4705-4739-9617-cbffc68c239f",
    "color" : "#666600",
    "position" : {
      "x" : 8.972136,
      "y" : -10.281153,
      "z" : 1.309017
    },
    "orientation" : 54
  }, {
    "shape" : "2fdecb23-4705-4739-9617-cbffc68c239f",
    "color" : "#660066",
    "position" : {
      "x" : -4.236068,
      "y" : 11.09017,
      "z" : 6.854102
    },
    "orientation" : 21
  }, {
    "shape" : "035a3ebb-1933-4053-9dc0-85540f9cb2ce",
    "color" : "#CC0000",
    "position" : {
      "x" : 3.427051,
      "y" : 12.399187,
      "z" : 4.736068
    }
  }, {
    "shape" : "035a3ebb-1933-4053-9dc0-85540f9cb2ce",
    "color" : "#CC0000",
    "position" : {
      "x" : -8.972136,
      "y" : -10.281153,
      "z" : -1.309017
    }
  }, {
    "shape" : "035a3ebb-1933-4053-9dc0-85540f9cb2ce",
    "color" : "#66FF66",
    "position" : {
      "x" : 3.427051,
      "y" : -9.781153,
      "z" : -8.972136
    }
  }, {
    "shape" : "1a4441a4-2d54-46fa-ae37-39c4c9f3781e",
    "color" : "#FFFF66",
    "position" : {
      "x" : -13.208204,
      "y" : 3.427051,
      "z" : 1.309017
    },
    "orientation" : 28
  }, {
    "shape" : "1a4441a4-2d54-46fa-ae37-39c4c9f3781e",
    "color" : "#666600",
    "position" : {
      "x" : -4.736068,
      "y" : 3.427051,
      "z" : -12.399187
    },
    "orientation" : 10
  }, {
    "shape" : "035a3ebb-1933-4053-9dc0-85540f9cb2ce",
    "color" : "#FFFF66",
    "position" : {
      "x" : 13.208204,
      "y" : 3.427051,
      "z" : -1.309017
    }
  }, {
    "shape" : "035a3ebb-1933-4053-9dc0-85540f9cb2ce",
    "color" : "#FF9999",
    "position" : {
      "x" : -3.427051,
      "y" : 9.781153,
      "z" : -8.972136
    }
  }, {
    "shape" : "1a4441a4-2d54-46fa-ae37-39c4c9f3781e",
    "color" : "#66FF66",
    "position" : {
      "x" : 3.427051,
      "y" : -1.309017,
      "z" : 13.208204
    },
    "orientation" : 57
  }, {
    "shape" : "2fdecb23-4705-4739-9617-cbffc68c239f",
    "color" : "#FF9999",
    "position" : {
      "x" : 6.854102,
      "y" : 4.236068,
      "z" : -11.09017
    },
    "orientation" : 2
  }, {
    "shape" : "035a3ebb-1933-4053-9dc0-85540f9cb2ce",
    "color" : "#FFFF66",
    "position" : {
      "x" : 11.09017,
      "y" : -6.854102,
      "z" : 4.236068
    }
  }, {
    "shape" : "035a3ebb-1933-4053-9dc0-85540f9cb2ce",
    "color" : "#0099FF",
    "position" : {
      "x" : 12.399187,
      "y" : -4.736068,
      "z" : -3.427051
    }
  }, {
    "shape" : "035a3ebb-1933-4053-9dc0-85540f9cb2ce",
    "color" : "#CC0000",
    "position" : {
      "x" : -1.309017,
      "y" : -8.972136,
      "z" : -10.281153
    }
  }, {
    "shape" : "2fdecb23-4705-4739-9617-cbffc68c239f",
    "color" : "#66FF66",
    "position" : {
      "x" : -6.854102,
      "y" : -4.236068,
      "z" : -11.09017
    },
    "orientation" : 7
  }, {
    "shape" : "2fdecb23-4705-4739-9617-cbffc68c239f",
    "color" : "#00CC00",
    "position" : {
      "x" : -9.781153,
      "y" : -8.972136,
      "z" : 3.427051
    },
    "orientation" : 6
  }, {
    "shape" : "035a3ebb-1933-4053-9dc0-85540f9cb2ce",
    "color" : "#CCCC00",
    "position" : {
      "x" : 13.208204,
      "y" : -3.427051,
      "z" : 1.309017
    }
  }, {
    "shape" : "1a4441a4-2d54-46fa-ae37-39c4c9f3781e",
    "color" : "#CCCC00",
    "position" : {
      "x" : -13.208204,
      "y" : -3.427051,
      "z" : -1.309017
    },
    "orientation" : 13
  }, {
    "shape" : "035a3ebb-1933-4053-9dc0-85540f9cb2ce",
    "color" : "#66FF66",
    "position" : {
      "x" : 3.427051,
      "y" : 1.309017,
      "z" : -13.208204
    }
  }, {
    "shape" : "035a3ebb-1933-4053-9dc0-85540f9cb2ce",
    "color" : "#66FF66",
    "position" : {
      "x" : -6.854102,
      "y" : -4.236068,
      "z" : -11.09017
    }
  }, {
    "shape" : "1a4441a4-2d54-46fa-ae37-39c4c9f3781e",
    "color" : "#660066",
    "position" : {
      "x" : 1.309017,
      "y" : 13.208204,
      "z" : -3.427051
    },
    "orientation" : 44
  }, {
    "shape" : "1a4441a4-2d54-46fa-ae37-39c4c9f3781e",
    "color" : "#0099FF",
    "position" : {
      "x" : 4.736068,
      "y" : -3.427051,
      "z" : -12.399187
    },
    "orientation" : 40
  }, {
    "shape" : "1a4441a4-2d54-46fa-ae37-39c4c9f3781e",
    "color" : "#FF9999",
    "position" : {
      "x" : 6.854102,
      "y" : 4.236068,
      "z" : -11.09017
    },
    "orientation" : 48
  }, {
    "shape" : "2fdecb23-4705-4739-9617-cbffc68c239f",
    "color" : "#660066",
    "position" : {
      "x" : -9.781153,
      "y" : 8.972136,
      "z" : -3.427051
    },
    "orientation" : 21
  }, {
    "shape" : "2fdecb23-4705-4739-9617-cbffc68c239f",
    "color" : "#FFFF66",
    "position" : {
      "x" : -8.972136,
      "y" : 3.427051,
      "z" : -9.781153
    },
    "orientation" : 8
  }, {
    "shape" : "1a4441a4-2d54-46fa-ae37-39c4c9f3781e",
    "color" : "#00CC00",
    "position" : {
      "x" : -1.309017,
      "y" : 13.208204,
      "z" : 3.427051
    },
    "orientation" : 29
  }, {
    "shape" : "1a4441a4-2d54-46fa-ae37-39c4c9f3781e",
    "color" : "#00CC00",
    "position" : {
      "x" : -4.236068,
      "y" : -11.09017,
      "z" : -6.854102
    },
    "orientation" : 35
  }, {
    "shape" : "035a3ebb-1933-4053-9dc0-85540f9cb2ce",
    "color" : "#660066",
    "position" : {
      "x" : 1.309017,
      "y" : 13.208204,
      "z" : -3.427051
    }
  }, {
    "shape" : "035a3ebb-1933-4053-9dc0-85540f9cb2ce",
    "color" : "#00CC00",
    "position" : {
      "x" : 1.309017,
      "y" : -13.208204,
      "z" : 3.427051
    }
  }, {
    "shape" : "1a4441a4-2d54-46fa-ae37-39c4c9f3781e",
    "color" : "#0000FF",
    "position" : {
      "x" : -4.736068,
      "y" : -3.427051,
      "z" : 12.399187
    },
    "orientation" : 25
  }, {
    "shape" : "1a4441a4-2d54-46fa-ae37-39c4c9f3781e",
    "color" : "#666600",
    "position" : {
      "x" : -3.427051,
      "y" : 12.399187,
      "z" : -4.736068
    },
    "orientation" : 39
  }, {
    "shape" : "1a4441a4-2d54-46fa-ae37-39c4c9f3781e",
    "color" : "#FF9999",
    "position" : {
      "x" : -3.427051,
      "y" : 9.781153,
      "z" : -8.972136
    },
    "orientation" : 16
  }, {
    "shape" : "1a4441a4-2d54-46fa-ae37-39c4c9f3781e",
    "color" : "#CC0000",
    "position" : {
      "x" : -10.281153,
      "y" : -1.309017,
      "z" : -8.972136
    },
    "orientation" : 37
  }, {
    "shape" : "035a3ebb-1933-4053-9dc0-85540f9cb2ce",
    "color" : "#0000FF",
    "position" : {
      "x" : 10.281153,
      "y" : 1.309017,
      "z" : -8.972136
    }
  }, {
    "shape" : "1a4441a4-2d54-46fa-ae37-39c4c9f3781e",
    "color" : "#CC0000",
    "position" : {
      "x" : -1.309017,
      "y" : -8.972136,
      "z" : -10.281153
    },
    "orientation" : 51
  }, {
    "shape" : "1a4441a4-2d54-46fa-ae37-39c4c9f3781e",
    "color" : "#00CC00",
    "position" : {
      "x" : 9.781153,
      "y" : 8.972136,
      "z" : 3.427051
    },
    "orientation" : 45
  }, {
    "shape" : "2fdecb23-4705-4739-9617-cbffc68c239f",
    "color" : "#FFFF66",
    "position" : {
      "x" : 8.972136,
      "y" : 3.427051,
      "z" : 9.781153
    },
    "orientation" : 30
  }, {
    "shape" : "1a4441a4-2d54-46fa-ae37-39c4c9f3781e",
    "color" : "#FF9999",
    "position" : {
      "x" : -3.427051,
      "y" : -1.309017,
      "z" : -13.208204
    },
    "orientation" : 12
  }, {
    "shape" : "2fdecb23-4705-4739-9617-cbffc68c239f",
    "color" : "#FF9999",
    "position" : {
      "x" : -3.427051,
      "y" : 9.781153,
      "z" : -8.972136
    },
    "orientation" : 2
  }, {
    "shape" : "2fdecb23-4705-4739-9617-cbffc68c239f",
    "color" : "#0099FF",
    "position" : {
      "x" : 12.399187,
      "y" : -4.736068,
      "z" : -3.427051
    },
    "orientation" : 4
  }, {
    "shape" : "2fdecb23-4705-4739-9617-cbffc68c239f",
    "color" : "#00CC00",
    "position" : {
      "x" : 9.781153,
      "y" : 8.972136,
      "z" : 3.427051
    },
    "orientation" : 16
  }, {
    "shape" : "1a4441a4-2d54-46fa-ae37-39c4c9f3781e",
    "color" : "#0000FF",
    "position" : {
      "x" : -3.427051,
      "y" : -12.399187,
      "z" : 4.736068
    },
    "orientation" : 54
  }, {
    "shape" : "1a4441a4-2d54-46fa-ae37-39c4c9f3781e",
    "color" : "#FFFF66",
    "position" : {
      "x" : 8.972136,
      "y" : 3.427051,
      "z" : 9.781153
    },
    "orientation" : 17
  }, {
    "shape" : "1a4441a4-2d54-46fa-ae37-39c4c9f3781e",
    "color" : "#666600",
    "position" : {
      "x" : 8.972136,
      "y" : -10.281153,
      "z" : 1.309017
    },
    "orientation" : 38
  }, {
    "shape" : "035a3ebb-1933-4053-9dc0-85540f9cb2ce",
    "color" : "#00CC00",
    "position" : {
      "x" : -9.781153,
      "y" : -8.972136,
      "z" : 3.427051
    }
  }, {
    "shape" : "035a3ebb-1933-4053-9dc0-85540f9cb2ce",
    "color" : "#660066",
    "position" : {
      "x" : -4.236068,
      "y" : 11.09017,
      "z" : 6.854102
    }
  }, {
    "shape" : "1a4441a4-2d54-46fa-ae37-39c4c9f3781e",
    "color" : "#CC0000",
    "position" : {
      "x" : 12.399187,
      "y" : 4.736068,
      "z" : 3.427051
    },
    "orientation" : 41
  }, {
    "shape" : "035a3ebb-1933-4053-9dc0-85540f9cb2ce",
    "color" : "#CC0000",
    "position" : {
      "x" : -10.281153,
      "y" : -1.309017,
      "z" : -8.972136
    }
  }, {
    "shape" : "1a4441a4-2d54-46fa-ae37-39c4c9f3781e",
    "color" : "#CCCC00",
    "position" : {
      "x" : -8.972136,
      "y" : -3.427051,
      "z" : 9.781153
    },
    "orientation" : 47
  }, {
    "shape" : "2fdecb23-4705-4739-9617-cbffc68c239f",
    "color" : "#CC0000",
    "position" : {
      "x" : 4.736068,
      "y" : 3.427051,
      "z" : 12.399187
    },
    "orientation" : 19
  }, {
    "shape" : "035a3ebb-1933-4053-9dc0-85540f9cb2ce",
    "color" : "#660066",
    "position" : {
      "x" : -1.309017,
      "y" : -13.208204,
      "z" : -3.427051
    }
  }, {
    "shape" : "2fdecb23-4705-4739-9617-cbffc68c239f",
    "color" : "#0099FF",
    "position" : {
      "x" : 4.736068,
      "y" : -3.427051,
      "z" : -12.399187
    },
    "orientation" : 4
  }, {
    "shape" : "1a4441a4-2d54-46fa-ae37-39c4c9f3781e",
    "color" : "#66FF66",
    "position" : {
      "x" : 3.427051,
      "y" : 1.309017,
      "z" : -13.208204
    },
    "orientation" : 42
  }, {
    "shape" : "035a3ebb-1933-4053-9dc0-85540f9cb2ce",
    "color" : "#0099FF",
    "position" : {
      "x" : 3.427051,
      "y" : -12.399187,
      "z" : -4.736068
    }
  }, {
    "shape" : "1a4441a4-2d54-46fa-ae37-39c4c9f3781e",
    "color" : "#FFFF66",
    "position" : {
      "x" : 11.09017,
      "y" : -6.854102,
      "z" : 4.236068
    },
    "orientation" : 4
  }, {
    "shape" : "035a3ebb-1933-4053-9dc0-85540f9cb2ce",
    "color" : "#666600",
    "position" : {
      "x" : 1.309017,
      "y" : -8.972136,
      "z" : 10.281153
    }
  }, {
    "shape" : "1a4441a4-2d54-46fa-ae37-39c4c9f3781e",
    "color" : "#00CC00",
    "position" : {
      "x" : -9.781153,
      "y" : -8.972136,
      "z" : 3.427051
    },
    "orientation" : 15
  }, {
    "shape" : "035a3ebb-1933-4053-9dc0-85540f9cb2ce",
    "color" : "#CCCC00",
    "position" : {
      "x" : -13.208204,
      "y" : -3.427051,
      "z" : -1.309017
    }
  }, {
    "shape" : "035a3ebb-1933-4053-9dc0-85540f9cb2ce",
    "color" : "#0099FF",
    "position" : {
      "x" : -8.972136,
      "y" : 10.281153,
      "z" : 1.309017
    }
  }, {
    "shape" : "035a3ebb-1933-4053-9dc0-85540f9cb2ce",
    "color" : "#0099FF",
    "position" : {
      "x" : -10.281153,
      "y" : 1.309017,
      "z" : 8.972136
    }
  }, {
    "shape" : "2fdecb23-4705-4739-9617-cbffc68c239f",
    "color" : "#FFFF66",
    "position" : {
      "x" : -11.09017,
      "y" : -6.854102,
      "z" : -4.236068
    },
    "orientation" : 8
  }, {
    "shape" : "035a3ebb-1933-4053-9dc0-85540f9cb2ce",
    "color" : "#FF9999",
    "position" : {
      "x" : -3.427051,
      "y" : -9.781153,
      "z" : 8.972136
    }
  }, {
    "shape" : "1a4441a4-2d54-46fa-ae37-39c4c9f3781e",
    "color" : "#0099FF",
    "position" : {
      "x" : -1.309017,
      "y" : 8.972136,
      "z" : 10.281153
    },
    "orientation" : 36
  }, {
    "shape" : "2fdecb23-4705-4739-9617-cbffc68c239f",
    "color" : "#0000FF",
    "position" : {
      "x" : -3.427051,
      "y" : -12.399187,
      "z" : 4.736068
    },
    "orientation" : 3
  }, {
    "shape" : "035a3ebb-1933-4053-9dc0-85540f9cb2ce",
    "color" : "#666600",
    "position" : {
      "x" : -3.427051,
      "y" : 12.399187,
      "z" : -4.736068
    }
  }, {
    "shape" : "2fdecb23-4705-4739-9617-cbffc68c239f",
    "color" : "#660066",
    "position" : {
      "x" : 9.781153,
      "y" : -8.972136,
      "z" : -3.427051
    },
    "orientation" : 1
  }, {
    "shape" : "035a3ebb-1933-4053-9dc0-85540f9cb2ce",
    "color" : "#0000FF",
    "position" : {
      "x" : 1.309017,
      "y" : 8.972136,
      "z" : -10.281153
    }
  }, {
    "shape" : "2fdecb23-4705-4739-9617-cbffc68c239f",
    "color" : "#FF9999",
    "position" : {
      "x" : -3.427051,
      "y" : -9.781153,
      "z" : 8.972136
    },
    "orientation" : 17
  }, {
    "shape" : "2fdecb23-4705-4739-9617-cbffc68c239f",
    "color" : "#0000FF",
    "position" : {
      "x" : 8.972136,
      "y" : 10.281153,
      "z" : -1.309017
    },
    "orientation" : 39
  }, {
    "shape" : "035a3ebb-1933-4053-9dc0-85540f9cb2ce",
    "color" : "#FFFF66",
    "position" : {
      "x" : 8.972136,
      "y" : 3.427051,
      "z" : 9.781153
    }
  }, {
    "shape" : "1a4441a4-2d54-46fa-ae37-39c4c9f3781e",
    "color" : "#CC0000",
    "position" : {
      "x" : 4.736068,
      "y" : 3.427051,
      "z" : 12.399187
    },
    "orientation" : 55
  }, {
    "shape" : "1a4441a4-2d54-46fa-ae37-39c4c9f3781e",
    "color" : "#00CC00",
    "position" : {
      "x" : 4.236068,
      "y" : 11.09017,
      "z" : -6.854102
    },
    "orientation" : 5
  }, {
    "shape" : "1a4441a4-2d54-46fa-ae37-39c4c9f3781e",
    "color" : "#0000FF",
    "position" : {
      "x" : -12.399187,
      "y" : -4.736068,
      "z" : 3.427051
    },
    "orientation" : 11
  }, {
    "shape" : "035a3ebb-1933-4053-9dc0-85540f9cb2ce",
    "color" : "#FFFFFF",
    "position" : {
      "x" : 0.0,
      "y" : 0.0,
      "z" : 0.0
    }
  }, {
    "shape" : "035a3ebb-1933-4053-9dc0-85540f9cb2ce",
    "color" : "#CC0000",
    "position" : {
      "x" : 12.399187,
      "y" : 4.736068,
      "z" : 3.427051
    }
  }, {
    "shape" : "035a3ebb-1933-4053-9dc0-85540f9cb2ce",
    "color" : "#66FF66",
    "position" : {
      "x" : 3.427051,
      "y" : 9.781153,
      "z" : 8.972136
    }
  }, {
    "shape" : "1a4441a4-2d54-46fa-ae37-39c4c9f3781e",
    "color" : "#CCCC00",
    "position" : {
      "x" : 11.09017,
      "y" : 6.854102,
      "z" : -4.236068
    },
    "orientation" : 19
  }, {
    "shape" : "1a4441a4-2d54-46fa-ae37-39c4c9f3781e",
    "color" : "#CC0000",
    "position" : {
      "x" : 3.427051,
      "y" : 12.399187,
      "z" : 4.736068
    },
    "orientation" : 24
  }, {
    "shape" : "2fdecb23-4705-4739-9617-cbffc68c239f",
    "color" : "#CCCC00",
    "position" : {
      "x" : 8.972136,
      "y" : -3.427051,
      "z" : -9.781153
    },
    "orientation" : 38
  }, {
    "shape" : "035a3ebb-1933-4053-9dc0-85540f9cb2ce",
    "color" : "#FFFF66",
    "position" : {
      "x" : -8.972136,
      "y" : 3.427051,
      "z" : -9.781153
    }
  }, {
    "shape" : "035a3ebb-1933-4053-9dc0-85540f9cb2ce",
    "color" : "#660066",
    "position" : {
      "x" : 9.781153,
      "y" : -8.972136,
      "z" : -3.427051
    }
  }, {
    "shape" : "035a3ebb-1933-4053-9dc0-85540f9cb2ce",
    "color" : "#666600",
    "position" : {
      "x" : 10.281153,
      "y" : -1.309017,
      "z" : 8.972136
    }
  }, {
    "shape" : "1a4441a4-2d54-46fa-ae37-39c4c9f3781e",
    "color" : "#666600",
    "position" : {
      "x" : -12.399187,
      "y" : 4.736068,
      "z" : -3.427051
    },
    "orientation" : 26
  }, {
    "shape" : "2fdecb23-4705-4739-9617-cbffc68c239f",
    "color" : "#66FF66",
    "position" : {
      "x" : 3.427051,
      "y" : 9.781153,
      "z" : 8.972136
    },
    "orientation" : 22
  }, {
    "shape" : "035a3ebb-1933-4053-9dc0-85540f9cb2ce",
    "color" : "#FFFF66",
    "position" : {
      "x" : -11.09017,
      "y" : -6.854102,
      "z" : -4.236068
    }
  }, {
    "shape" : "035a3ebb-1933-4053-9dc0-85540f9cb2ce",
    "color" : "#666600",
    "position" : {
      "x" : -4.736068,
      "y" : 3.427051,
      "z" : -12.399187
    }
  }, {
    "shape" : "2fdecb23-4705-4739-9617-cbffc68c239f",
    "color" : "#0000FF",
    "position" : {
      "x" : 1.309017,
      "y" : 8.972136,
      "z" : -10.281153
    },
    "orientation" : 39
  }, {
