{
  "polygons" : "true",
  "field" : "golden",
  "symmetry" : "icosahedral",
  "orientations" : [ [ 1.0, 0.0, 0.0, 0.0, 0.0, 1.0, 0.0, 0.0, 0.0, 0.0, 1.0, 0.0, 0.0, 0.0, 0.0, 1.0 ], [ 0.0, 0.0, 1.0, 0.0, 1.0, 0.0, 0.0, 0.0, 0.0, 1.0, 0.0, 0.0, 0.0, 0.0, 0.0, 1.0 ], [ 0.0, 1.0, 0.0, 0.0, 0.0, 0.0, 1.0, 0.0, 1.0, 0.0, 0.0, 0.0, 0.0, 0.0, 0.0, 1.0 ], [ 0.809017, 0.309017, 0.5, 0.0, 0.309017, 0.5, -0.809017, 0.0, -0.5, 0.809017, 0.309017, 0.0, 0.0, 0.0, 0.0, 1.0 ], [ -0.5, 0.809017, 0.309017, 0.0, 0.809017, 0.309017, 0.5, 0.0, 0.309017, 0.5, -0.809017, 0.0, 0.0, 0.0, 0.0, 1.0 ], [ 0.309017, 0.5, -0.809017, 0.0, -0.5, 0.809017, 0.309017, 0.0, 0.809017, 0.309017, 0.5, 0.0, 0.0, 0.0, 0.0, 1.0 ], [ 0.5, 0.809017, 0.309017, 0.0, 0.809017, -0.309017, -0.5, 0.0, -0.309017, 0.5, -0.809017, 0.0, 0.0, 0.0, 0.0, 1.0 ], [ -0.309017, 0.5, -0.809017, 0.0, 0.5, 0.809017, 0.309017, 0.0, 0.809017, -0.309017, -0.5, 0.0, 0.0, 0.0, 0.0, 1.0 ], [ 0.809017, -0.309017, -0.5, 0.0, -0.309017, 0.5, -0.809017, 0.0, 0.5, 0.809017, 0.309017, 0.0, 0.0, 0.0, 0.0, 1.0 ], [ 0.5, 0.809017, -0.309017, 0.0, 0.809017, -0.309017, 0.5, 0.0, 0.309017, -0.5, -0.809017, 0.0, 0.0, 0.0, 0.0, 1.0 ], [ 0.309017, -0.5, -0.809017, 0.0, 0.5, 0.809017, -0.309017, 0.0, 0.809017, -0.309017, 0.5, 0.0, 0.0, 0.0, 0.0, 1.0 ], [ 0.809017, -0.309017, 0.5, 0.0, 0.309017, -0.5, -0.809017, 0.0, 0.5, 0.809017, -0.309017, 0.0, 0.0, 0.0, 0.0, 1.0 ], [ 0.809017, 0.309017, -0.5, 0.0, 0.309017, 0.5, 0.809017, 0.0, 0.5, -0.809017, 0.309017, 0.0, 0.0, 0.0, 0.0, 1.0 ], [ 0.5, -0.809017, 0.309017, 0.0, 0.809017, 0.309017, -0.5, 0.0, 0.309017, 0.5, 0.809017, 0.0, 0.0, 0.0, 0.0, 1.0 ], [ 0.309017, 0.5, 0.809017, 0.0, 0.5, -0.809017, 0.309017, 0.0, 0.809017, 0.309017, -0.5, 0.0, 0.0, 0.0, 0.0, 1.0 ], [ 1.0, 0.0, 0.0, 0.0, 0.0, -1.0, 0.0, 0.0, 0.0, 0.0, -1.0, 0.0, 0.0, 0.0, 0.0, 1.0 ], [ 0.0, 0.0, 1.0, 0.0, -1.0, 0.0, 0.0, 0.0, 0.0, -1.0, 0.0, 0.0, 0.0, 0.0, 0.0, 1.0 ], [ 0.0, 1.0, 0.0, 0.0, 0.0, 0.0, -1.0, 0.0, -1.0, 0.0, 0.0, 0.0, 0.0, 0.0, 0.0, 1.0 ], [ 0.809017, 0.309017, 0.5, 0.0, -0.309017, -0.5, 0.809017, 0.0, 0.5, -0.809017, -0.309017, 0.0, 0.0, 0.0, 0.0, 1.0 ], [ -0.5, 0.809017, 0.309017, 0.0, -0.809017, -0.309017, -0.5, 0.0, -0.309017, -0.5, 0.809017, 0.0, 0.0, 0.0, 0.0, 1.0 ], [ 0.309017, 0.5, -0.809017, 0.0, 0.5, -0.809017, -0.309017, 0.0, -0.809017, -0.309017, -0.5, 0.0, 0.0, 0.0, 0.0, 1.0 ], [ 0.5, 0.809017, 0.309017, 0.0, -0.809017, 0.309017, 0.5, 0.0, 0.309017, -0.5, 0.809017, 0.0, 0.0, 0.0, 0.0, 1.0 ], [ -0.309017, 0.5, -0.809017, 0.0, -0.5, -0.809017, -0.309017, 0.0, -0.809017, 0.309017, 0.5, 0.0, 0.0, 0.0, 0.0, 1.0 ], [ 0.809017, -0.309017, -0.5, 0.0, 0.309017, -0.5, 0.809017, 0.0, -0.5, -0.809017, -0.309017, 0.0, 0.0, 0.0, 0.0, 1.0 ], [ 0.5, 0.809017, -0.309017, 0.0, -0.809017, 0.309017, -0.5, 0.0, -0.309017, 0.5, 0.809017, 0.0, 0.0, 0.0, 0.0, 1.0 ], [ 0.309017, -0.5, -0.809017, 0.0, -0.5, -0.809017, 0.309017, 0.0, -0.809017, 0.309017, -0.5, 0.0, 0.0, 0.0, 0.0, 1.0 ], [ 0.809017, -0.309017, 0.5, 0.0, -0.309017, 0.5, 0.809017, 0.0, -0.5, -0.809017, 0.309017, 0.0, 0.0, 0.0, 0.0, 1.0 ], [ 0.809017, 0.309017, -0.5, 0.0, -0.309017, -0.5, -0.809017, 0.0, -0.5, 0.809017, -0.309017, 0.0, 0.0, 0.0, 0.0, 1.0 ], [ 0.5, -0.809017, 0.309017, 0.0, -0.809017, -0.309017, 0.5, 0.0, -0.309017, -0.5, -0.809017, 0.0, 0.0, 0.0, 0.0, 1.0 ], [ 0.309017, 0.5, 0.809017, 0.0, -0.5, 0.809017, -0.309017, 0.0, -0.809017, -0.309017, 0.5, 0.0, 0.0, 0.0, 0.0, 1.0 ], [ -1.0, 0.0, 0.0, 0.0, 0.0, -1.0, 0.0, 0.0, 0.0, 0.0, 1.0, 0.0, 0.0, 0.0, 0.0, 1.0 ], [ 0.0, 0.0, -1.0, 0.0, -1.0, 0.0, 0.0, 0.0, 0.0, 1.0, 0.0, 0.0, 0.0, 0.0, 0.0, 1.0 ], [ 0.0, -1.0, 0.0, 0.0, 0.0, 0.0, -1.0, 0.0, 1.0, 0.0, 0.0, 0.0, 0.0, 0.0, 0.0, 1.0 ], [ -0.809017, -0.309017, -0.5, 0.0, -0.309017, -0.5, 0.809017, 0.0, -0.5, 0.809017, 0.309017, 0.0, 0.0, 0.0, 0.0, 1.0 ], [ 0.5, -0.809017, -0.309017, 0.0, -0.809017, -0.309017, -0.5, 0.0, 0.309017, 0.5, -0.809017, 0.0, 0.0, 0.0, 0.0, 1.0 ], [ -0.309017, -0.5, 0.809017, 0.0, 0.5, -0.809017, -0.309017, 0.0, 0.809017, 0.309017, 0.5, 0.0, 0.0, 0.0, 0.0, 1.0 ], [ -0.5, -0.809017, -0.309017, 0.0, -0.809017, 0.309017, 0.5, 0.0, -0.309017, 0.5, -0.809017, 0.0, 0.0, 0.0, 0.0, 1.0 ], [ 0.309017, -0.5, 0.809017, 0.0, -0.5, -0.809017, -0.309017, 0.0, 0.809017, -0.309017, -0.5, 0.0, 0.0, 0.0, 0.0, 1.0 ], [ -0.809017, 0.309017, 0.5, 0.0, 0.309017, -0.5, 0.809017, 0.0, 0.5, 0.809017, 0.309017, 0.0, 0.0, 0.0, 0.0, 1.0 ], [ -0.5, -0.809017, 0.309017, 0.0, -0.809017, 0.309017, -0.5, 0.0, 0.309017, -0.5, -0.809017, 0.0, 0.0, 0.0, 0.0, 1.0 ], [ -0.309017, 0.5, 0.809017, 0.0, -0.5, -0.809017, 0.309017, 0.0, 0.809017, -0.309017, 0.5, 0.0, 0.0, 0.0, 0.0, 1.0 ], [ -0.809017, 0.309017, -0.5, 0.0, -0.309017, 0.5, 0.809017, 0.0, 0.5, 0.809017, -0.309017, 0.0, 0.0, 0.0, 0.0, 1.0 ], [ -0.809017, -0.309017, 0.5, 0.0, -0.309017, -0.5, -0.809017, 0.0, 0.5, -0.809017, 0.309017, 0.0, 0.0, 0.0, 0.0, 1.0 ], [ -0.5, 0.809017, -0.309017, 0.0, -0.809017, -0.309017, 0.5, 0.0, 0.309017, 0.5, 0.809017, 0.0, 0.0, 0.0, 0.0, 1.0 ], [ -0.309017, -0.5, -0.809017, 0.0, -0.5, 0.809017, -0.309017, 0.0, 0.809017, 0.309017, -0.5, 0.0, 0.0, 0.0, 0.0, 1.0 ], [ -1.0, 0.0, 0.0, 0.0, 0.0, 1.0, 0.0, 0.0, 0.0, 0.0, -1.0, 0.0, 0.0, 0.0, 0.0, 1.0 ], [ 0.0, 0.0, -1.0, 0.0, 1.0, 0.0, 0.0, 0.0, 0.0, -1.0, 0.0, 0.0, 0.0, 0.0, 0.0, 1.0 ], [ 0.0, -1.0, 0.0, 0.0, 0.0, 0.0, 1.0, 0.0, -1.0, 0.0, 0.0, 0.0, 0.0, 0.0, 0.0, 1.0 ], [ -0.809017, -0.309017, -0.5, 0.0, 0.309017, 0.5, -0.809017, 0.0, 0.5, -0.809017, -0.309017, 0.0, 0.0, 0.0, 0.0, 1.0 ], [ 0.5, -0.809017, -0.309017, 0.0, 0.809017, 0.309017, 0.5, 0.0, -0.309017, -0.5, 0.809017, 0.0, 0.0, 0.0, 0.0, 1.0 ], [ -0.309017, -0.5, 0.809017, 0.0, -0.5, 0.809017, 0.309017, 0.0, -0.809017, -0.309017, -0.5, 0.0, 0.0, 0.0, 0.0, 1.0 ], [ -0.5, -0.809017, -0.309017, 0.0, 0.809017, -0.309017, -0.5, 0.0, 0.309017, -0.5, 0.809017, 0.0, 0.0, 0.0, 0.0, 1.0 ], [ 0.309017, -0.5, 0.809017, 0.0, 0.5, 0.809017, 0.309017, 0.0, -0.809017, 0.309017, 0.5, 0.0, 0.0, 0.0, 0.0, 1.0 ], [ -0.809017, 0.309017, 0.5, 0.0, -0.309017, 0.5, -0.809017, 0.0, -0.5, -0.809017, -0.309017, 0.0, 0.0, 0.0, 0.0, 1.0 ], [ -0.5, -0.809017, 0.309017, 0.0, 0.809017, -0.309017, 0.5, 0.0, -0.309017, 0.5, 0.809017, 0.0, 0.0, 0.0, 0.0, 1.0 ], [ -0.309017, 0.5, 0.809017, 0.0, 0.5, 0.809017, -0.309017, 0.0, -0.809017, 0.309017, -0.5, 0.0, 0.0, 0.0, 0.0, 1.0 ], [ -0.809017, 0.309017, -0.5, 0.0, 0.309017, -0.5, -0.809017, 0.0, -0.5, -0.809017, 0.309017, 0.0, 0.0, 0.0, 0.0, 1.0 ], [ -0.809017, -0.309017, 0.5, 0.0, 0.309017, 0.5, 0.809017, 0.0, -0.5, 0.809017, -0.309017, 0.0, 0.0, 0.0, 0.0, 1.0 ], [ -0.5, 0.809017, -0.309017, 0.0, 0.809017, 0.309017, -0.5, 0.0, -0.309017, -0.5, -0.809017, 0.0, 0.0, 0.0, 0.0, 1.0 ], [ -0.309017, -0.5, -0.809017, 0.0, 0.5, -0.809017, 0.309017, 0.0, -0.809017, -0.309017, 0.5, 0.0, 0.0, 0.0, 0.0, 1.0 ] ],
  "lights" : {
    "directionalLights" : [ {
      "direction" : [ 1.0, -1.0, -1.0 ],
      "color" : "#EBEBE4"
    }, {
      "direction" : [ -1.0, 0.0, 0.0 ],
      "color" : "#E4E4EB"
    }, {
      "direction" : [ 0.0, 0.0, -1.0 ],
      "color" : "#1E1E1E"
    } ],
    "backgroundColor" : "#AFC8DC",
    "ambientColor" : "#292929"
  },
  "camera" : {
    "stereo" : false,
    "lookDirection" : {
      "x" : 0.5257311,
      "y" : 0.0,
      "z" : 0.8506508
    },
    "upDirection" : {
      "x" : 0.0,
      "y" : 1.0,
      "z" : -0.0
    },
    "lookAtPoint" : {
      "x" : 0.0,
      "y" : 0.0,
      "z" : 0.0
    },
    "position" : {
      "x" : -63.17534,
      "y" : 0.0,
      "z" : -102.21985
    },
    "width" : 54.075,
    "nearClipDistance" : 0.30041677,
    "perspective" : true,
    "viewDistance" : 120.16664,
    "farClipDistance" : 240.33295,
    "fieldOfView" : 0.44262898
  },
  "embedding" : [ 1.0, 0.0, 0.0, 0.0, 0.0, 1.0, 0.0, 0.0, 0.0, 0.0, 1.0, 0.0, 0.0, 0.0, 0.0, 1.0 ],
  "shapes" : [ {
    "id" : "25af0323-f3b2-4605-91b5-35d8d59d991e",
    "name" : "ball",
    "vertices" : [ {
      "x" : 0.309017,
      "y" : -0.809017,
      "z" : 0.618034
    }, {
      "x" : 0.809017,
      "y" : -0.618034,
      "z" : 0.309017
    }, {
      "x" : 0.618034,
      "y" : -0.309017,
      "z" : 0.809017
    }, {
      "x" : 1.0,
      "y" : 0.309017,
      "z" : 0.19098301
    }, {
      "x" : 0.809017,
      "y" : 0.618034,
      "z" : 0.309017
    }, {
      "x" : 0.618034,
      "y" : 0.309017,
      "z" : 0.809017
    }, {
      "x" : 0.809017,
      "y" : 0.0,
      "z" : 0.690983
    }, {
      "x" : 0.19098301,
      "y" : -1.0,
      "z" : 0.309017
    }, {
      "x" : -0.19098301,
      "y" : -1.0,
      "z" : 0.309017
    }, {
      "x" : -0.19098301,
      "y" : -1.0,
      "z" : -0.309017
    }, {
      "x" : 0.19098301,
      "y" : -1.0,
      "z" : -0.309017
    }, {
      "x" : 1.0,
      "y" : -0.309017,
      "z" : -0.19098301
    }, {
      "x" : 0.809017,
      "y" : -0.618034,
      "z" : -0.309017
    }, {
      "x" : 0.618034,
      "y" : -0.309017,
      "z" : -0.809017
    }, {
      "x" : 0.809017,
      "y" : 0.0,
      "z" : -0.690983
    }, {
      "x" : 0.0,
      "y" : 0.690983,
      "z" : -0.809017
    }, {
      "x" : 0.309017,
      "y" : 0.809017,
      "z" : -0.618034
    }, {
      "x" : 0.618034,
      "y" : 0.309017,
      "z" : -0.809017
    }, {
      "x" : 0.309017,
      "y" : 0.19098301,
      "z" : -1.0
    }, {
      "x" : 1.0,
      "y" : 0.309017,
      "z" : -0.19098301
    }, {
      "x" : -0.309017,
      "y" : -0.809017,
      "z" : 0.618034
    }, {
      "x" : 0.0,
      "y" : -0.690983,
      "z" : 0.809017
    }, {
      "x" : 0.809017,
      "y" : 0.618034,
      "z" : -0.309017
    }, {
      "x" : 0.690983,
      "y" : 0.809017,
      "z" : 0.0
    }, {
      "x" : -0.690983,
      "y" : 0.809017,
      "z" : 0.0
    }, {
      "x" : -0.809017,
      "y" : 0.618034,
      "z" : 0.309017
    }, {
      "x" : -0.309017,
      "y" : 0.809017,
      "z" : 0.618034
    }, {
      "x" : -0.19098301,
      "y" : 1.0,
      "z" : 0.309017
    }, {
      "x" : 0.309017,
      "y" : -0.19098301,
      "z" : -1.0
    }, {
      "x" : 0.19098301,
      "y" : 1.0,
      "z" : 0.309017
    }, {
      "x" : 0.309017,
      "y" : 0.809017,
      "z" : 0.618034
    }, {
      "x" : -0.809017,
      "y" : -0.618034,
      "z" : 0.309017
    }, {
      "x" : -0.690983,
      "y" : -0.809017,
      "z" : 0.0
    }, {
      "x" : 0.0,
      "y" : 0.690983,
      "z" : 0.809017
    }, {
      "x" : 0.309017,
      "y" : -0.809017,
      "z" : -0.618034
    }, {
      "x" : 0.0,
      "y" : -0.690983,
      "z" : -0.809017
    }, {
      "x" : -1.0,
      "y" : 0.309017,
      "z" : 0.19098301
    }, {
      "x" : -0.809017,
      "y" : 0.0,
      "z" : 0.690983
    }, {
      "x" : -0.618034,
      "y" : 0.309017,
      "z" : 0.809017
    }, {
      "x" : 1.0,
      "y" : -0.309017,
      "z" : 0.19098301
    }, {
      "x" : -0.309017,
      "y" : -0.809017,
      "z" : -0.618034
    }, {
      "x" : -1.0,
      "y" : 0.309017,
      "z" : -0.19098301
    }, {
      "x" : -1.0,
      "y" : -0.309017,
      "z" : -0.19098301
    }, {
      "x" : -1.0,
      "y" : -0.309017,
      "z" : 0.19098301
    }, {
      "x" : 0.19098301,
      "y" : 1.0,
      "z" : -0.309017
    }, {
      "x" : -0.809017,
      "y" : 0.618034,
      "z" : -0.309017
    }, {
      "x" : -0.19098301,
      "y" : 1.0,
      "z" : -0.309017
    }, {
      "x" : -0.309017,
      "y" : 0.809017,
      "z" : -0.618034
    }, {
      "x" : -0.618034,
      "y" : -0.309017,
      "z" : 0.809017
    }, {
      "x" : 0.309017,
      "y" : 0.19098301,
      "z" : 1.0
    }, {
      "x" : -0.309017,
      "y" : 0.19098301,
      "z" : -1.0
    }, {
      "x" : -0.309017,
      "y" : 0.19098301,
      "z" : 1.0
    }, {
      "x" : -0.309017,
      "y" : -0.19098301,
      "z" : 1.0
    }, {
      "x" : 0.309017,
      "y" : -0.19098301,
      "z" : 1.0
    }, {
      "x" : 0.690983,
      "y" : -0.809017,
      "z" : 0.0
    }, {
      "x" : -0.809017,
      "y" : 0.0,
      "z" : -0.690983
    }, {
      "x" : -0.618034,
      "y" : -0.309017,
      "z" : -0.809017
    }, {
      "x" : -0.309017,
      "y" : -0.19098301,
      "z" : -1.0
    }, {
      "x" : -0.618034,
      "y" : 0.309017,
      "z" : -0.809017
    }, {
      "x" : -0.809017,
      "y" : -0.618034,
      "z" : -0.309017
    } ],
    "faces" : [ {
      "vertices" : [ 9, 40, 35, 34, 10 ]
    }, {
      "vertices" : [ 0, 1, 2 ]
    }, {
      "vertices" : [ 33, 51, 49 ]
    }, {
      "vertices" : [ 25, 36, 37, 38 ]
    }, {
      "vertices" : [ 41, 55, 42 ]
    }, {
      "vertices" : [ 9, 32, 59, 40 ]
    }, {
      "vertices" : [ 20, 21, 52, 48 ]
    }, {
      "vertices" : [ 26, 33, 30, 29, 27 ]
    }, {
      "vertices" : [ 3, 4, 5, 6 ]
    }, {
      "vertices" : [ 27, 29, 44, 46 ]
    }, {
      "vertices" : [ 50, 57, 56, 55, 58 ]
    }, {
      "vertices" : [ 26, 38, 51, 33 ]
    }, {
      "vertices" : [ 45, 47, 58 ]
    }, {
      "vertices" : [ 18, 28, 57, 50 ]
    }, {
      "vertices" : [ 40, 59, 56 ]
    }, {
      "vertices" : [ 31, 48, 37, 43 ]
    }, {
      "vertices" : [ 7, 8, 9, 10 ]
    }, {
      "vertices" : [ 36, 41, 42, 43 ]
    }, {
      "vertices" : [ 24, 46, 47, 45 ]
    }, {
      "vertices" : [ 4, 30, 5 ]
    }, {
      "vertices" : [ 15, 47, 46, 44, 16 ]
    }, {
      "vertices" : [ 15, 50, 58, 47 ]
    }, {
      "vertices" : [ 24, 45, 41, 36, 25 ]
    }, {
      "vertices" : [ 11, 14, 19 ]
    }, {
      "vertices" : [ 3, 6, 39 ]
    }, {
      "vertices" : [ 1, 39, 6, 2 ]
    }, {
      "vertices" : [ 8, 32, 9 ]
    }, {
      "vertices" : [ 11, 12, 13, 14 ]
    }, {
      "vertices" : [ 16, 22, 17 ]
    }, {
      "vertices" : [ 0, 21, 20, 8, 7 ]
    }, {
      "vertices" : [ 12, 34, 13 ]
    }, {
      "vertices" : [ 35, 40, 56, 57 ]
    }, {
      "vertices" : [ 0, 7, 54, 1 ]
    }, {
      "vertices" : [ 15, 16, 17, 18 ]
    }, {
      "vertices" : [ 3, 19, 22, 23, 4 ]
    }, {
      "vertices" : [ 7, 10, 54 ]
    }, {
      "vertices" : [ 41, 45, 58, 55 ]
    }, {
      "vertices" : [ 3, 39, 11, 19 ]
    }, {
      "vertices" : [ 14, 17, 22, 19 ]
    }, {
      "vertices" : [ 0, 2, 53, 21 ]
    }, {
      "vertices" : [ 49, 51, 52, 53 ]
    }, {
      "vertices" : [ 31, 43, 42, 59, 32 ]
    }, {
      "vertices" : [ 15, 18, 50 ]
    }, {
      "vertices" : [ 42, 55, 56, 59 ]
    }, {
      "vertices" : [ 4, 23, 29, 30 ]
    }, {
      "vertices" : [ 25, 38, 26 ]
    }, {
      "vertices" : [ 13, 28, 18, 17, 14 ]
    }, {
      "vertices" : [ 8, 20, 31, 32 ]
    }, {
      "vertices" : [ 23, 44, 29 ]
    }, {
      "vertices" : [ 24, 27, 46 ]
    }, {
      "vertices" : [ 37, 48, 52, 51, 38 ]
    }, {
      "vertices" : [ 20, 48, 31 ]
    }, {
      "vertices" : [ 24, 25, 26, 27 ]
    }, {
      "vertices" : [ 16, 44, 23, 22 ]
    }, {
      "vertices" : [ 13, 34, 35, 28 ]
    }, {
      "vertices" : [ 10, 34, 12, 54 ]
    }, {
      "vertices" : [ 2, 6, 5, 49, 53 ]
    }, {
      "vertices" : [ 36, 43, 37 ]
    }, {
      "vertices" : [ 5, 30, 33, 49 ]
    }, {
      "vertices" : [ 1, 54, 12, 11, 39 ]
    }, {
      "vertices" : [ 28, 35, 57 ]
    }, {
      "vertices" : [ 21, 53, 52 ]
    } ]
  }, {
    "id" : "c960eafb-f4ec-49c5-8e26-7ee106240e8d",
    "orbit" : "orange",
    "name" : " :4 -2*phi",
    "vertices" : [ {
      "x" : 1.0,
      "y" : -0.309017,
      "z" : -0.19098301
    }, {
      "x" : 0.809017,
      "y" : 0.0,
      "z" : -0.690983
    }, {
      "x" : 1.0,
      "y" : 0.309017,
      "z" : -0.19098301
    }, {
      "x" : 1.809017,
      "y" : 0.0,
      "z" : -0.309017
    }, {
      "x" : 1.618034,
      "y" : 0.309017,
      "z" : -0.809017
    }, {
      "x" : 2.0,
      "y" : 0.309017,
      "z" : -0.19098301
    }, {
      "x" : 1.809017,
      "y" : 0.618034,
      "z" : -0.690983
    }, {
      "x" : 4.045085,
      "y" : 0.38196602,
      "z" : -0.927051
    }, {
      "x" : 3.854102,
      "y" : 0.690983,
      "z" : -1.427051
    }, {
      "x" : 4.236068,
      "y" : 0.690983,
      "z" : -0.809017
    }, {
      "x" : 4.045085,
      "y" : 1.0,
      "z" : -1.309017
    }, {
      "x" : 4.854102,
      "y" : 0.690983,
      "z" : -1.427051
    }, {
      "x" : 5.045085,
      "y" : 1.0,
      "z" : -0.927051
    }, {
      "x" : 4.854102,
      "y" : 1.309017,
      "z" : -1.427051
    }, {
      "x" : 5.854102,
      "y" : 1.0,
      "z" : -1.618034
    } ],
    "faces" : [ {
      "vertices" : [ 8, 13, 11 ]
    }, {
      "vertices" : [ 2, 5, 9, 10, 6 ]
    }, {
      "vertices" : [ 3, 4, 8, 11, 7 ]
    }, {
      "vertices" : [ 0, 2, 1 ]
    }, {
      "vertices" : [ 11, 13, 12 ]
    }, {
      "vertices" : [ 0, 5, 2 ]
    }, {
      "vertices" : [ 0, 3, 5 ]
    }, {
      "vertices" : [ 0, 1, 4, 3 ]
    }, {
      "vertices" : [ 1, 2, 6 ]
    }, {
      "vertices" : [ 1, 6, 4 ]
    }, {
      "vertices" : [ 9, 12, 13, 10 ]
    }, {
      "vertices" : [ 3, 7, 9, 5 ]
    }, {
      "vertices" : [ 7, 12, 9 ]
    }, {
      "vertices" : [ 4, 6, 10, 8 ]
    }, {
      "vertices" : [ 7, 11, 12 ]
    }, {
      "vertices" : [ 8, 10, 13 ]
    } ]
  }, {
    "id" : "5de35aa8-c30e-4af1-969d-a1c17ab1c49a",
    "orbit" : "red",
    "name" : " :2*phi",
    "vertices" : [ {
      "x" : 10.281153,
      "y" : 6.472136,
      "z" : 0.309017
    }, {
      "x" : 11.899187,
      "y" : 7.236068,
      "z" : 0.309017
    }, {
      "x" : 11.708204,
      "y" : 7.545085,
      "z" : 0.19098301
    }, {
      "x" : 0.809017,
      "y" : 0.618034,
      "z" : -0.309017
    }, {
      "x" : 0.690983,
      "y" : 0.809017,
      "z" : 0.0
    }, {
      "x" : 10.163119,
      "y" : 6.663119,
      "z" : 0.0
    }, {
      "x" : 10.281153,
      "y" : 6.472136,
      "z" : -0.309017
    }, {
      "x" : 21.371323,
      "y" : 13.09017,
      "z" : 0.309017
    }, {
      "x" : 10.472136,
      "y" : 6.163119,
      "z" : 0.19098301
    }, {
      "x" : 10.472136,
      "y" : 6.163119,
      "z" : -0.19098301
    }, {
      "x" : 12.0172205,
      "y" : 7.045085,
      "z" : 0.0
    }, {
      "x" : 11.899187,
      "y" : 7.236068,
      "z" : -0.309017
    }, {
      "x" : 21.489357,
      "y" : 12.899187,
      "z" : 0.0
    }, {
      "x" : 1.0,
      "y" : 0.309017,
      "z" : 0.19098301
    }, {
      "x" : 1.0,
      "y" : 0.309017,
      "z" : -0.19098301
    }, {
      "x" : 0.809017,
      "y" : 0.618034,
      "z" : 0.309017
    }, {
      "x" : 21.18034,
      "y" : 13.399187,
      "z" : 0.19098301
    }, {
      "x" : 21.371323,
      "y" : 13.09017,
      "z" : -0.309017
    }, {
      "x" : 21.18034,
      "y" : 13.399187,
      "z" : -0.19098301
    }, {
      "x" : 22.18034,
      "y" : 13.708204,
      "z" : 0.0
    }, {
      "x" : 11.708204,
      "y" : 7.545085,
      "z" : -0.19098301
    } ],
    "faces" : [ {
      "vertices" : [ 3, 6, 9, 14 ]
    }, {
      "vertices" : [ 11, 20, 18, 17 ]
    }, {
      "vertices" : [ 0, 1, 2 ]
    }, {
      "vertices" : [ 0, 15, 13, 8 ]
    }, {
      "vertices" : [ 6, 20, 11 ]
    }, {
      "vertices" : [ 0, 2, 5 ]
    }, {
      "vertices" : [ 0, 8, 1 ]
    }, {
      "vertices" : [ 8, 13, 14, 9 ]
    }, {
      "vertices" : [ 3, 4, 5, 6 ]
    }, {
      "vertices" : [ 10, 11, 17, 12 ]
    }, {
      "vertices" : [ 1, 8, 10 ]
    }, {
      "vertices" : [ 0, 5, 4, 15 ]
    }, {
      "vertices" : [ 2, 16, 18, 20 ]
    }, {
      "vertices" : [ 1, 7, 16, 2 ]
    }, {
      "vertices" : [ 6, 11, 9 ]
    }, {
      "vertices" : [ 8, 9, 10 ]
    }, {
      "vertices" : [ 2, 20, 5 ]
    }, {
      "vertices" : [ 9, 11, 10 ]
    }, {
      "vertices" : [ 1, 10, 12, 7 ]
    }, {
      "vertices" : [ 5, 20, 6 ]
    } ]
  } ],
  "instances" : [ {
    "shape" : "25af0323-f3b2-4605-91b5-35d8d59d991e",
    "color" : "#0000CC",
    "position" : {
      "x" : -1.618034,
      "y" : -8.472136,
      "z" : 11.09017
    }
  }, {
    "shape" : "25af0323-f3b2-4605-91b5-35d8d59d991e",
    "color" : "#FF0033",
    "position" : {
      "x" : 9.472136,
      "y" : -4.236068,
      "z" : 9.472136
    }
  }, {
    "shape" : "c960eafb-f4ec-49c5-8e26-7ee106240e8d",
    "color" : "#990099",
    "position" : {
      "x" : 13.708204,
      "y" : 2.618034,
      "z" : 1.618034
    },
    "orientation" : 59
  }, {
    "shape" : "c960eafb-f4ec-49c5-8e26-7ee106240e8d",
    "color" : "#0000CC",
    "position" : {
      "x" : -1.618034,
      "y" : 13.708204,
      "z" : -2.618034
    },
    "orientation" : 27
  }, {
    "shape" : "c960eafb-f4ec-49c5-8e26-7ee106240e8d",
    "color" : "#00CC00",
    "position" : {
      "x" : 1.618034,
      "y" : -8.472136,
      "z" : -11.09017
    },
    "orientation" : 5
  }, {
    "shape" : "c960eafb-f4ec-49c5-8e26-7ee106240e8d",
    "color" : "#990099",
    "position" : {
      "x" : -13.708204,
      "y" : -2.618034,
      "z" : 1.618034
    },
    "orientation" : 29
  }, {
    "shape" : "25af0323-f3b2-4605-91b5-35d8d59d991e",
    "color" : "#FFFF33",
    "position" : {
      "x" : -11.09017,
      "y" : -1.618034,
      "z" : 8.472136
    }
  }, {
    "shape" : "c960eafb-f4ec-49c5-8e26-7ee106240e8d",
    "color" : "#FFFF33",
    "position" : {
      "x" : 6.854102,
      "y" : -5.236068,
      "z" : -11.09017
    },
    "orientation" : 54
  }, {
    "shape" : "c960eafb-f4ec-49c5-8e26-7ee106240e8d",
    "color" : "#00CC00",
    "position" : {
      "x" : -4.236068,
      "y" : -9.472136,
      "z" : -9.472136
    },
    "orientation" : 0
  }, {
    "shape" : "25af0323-f3b2-4605-91b5-35d8d59d991e",
    "color" : "#FF9900",
    "position" : {
      "x" : 9.472136,
      "y" : -9.472136,
      "z" : 4.236068
    }
  }, {
    "shape" : "25af0323-f3b2-4605-91b5-35d8d59d991e",
    "color" : "#FF0033",
    "position" : {
      "x" : 6.854102,
      "y" : 5.236068,
      "z" : 11.09017
    }
  }, {
    "shape" : "25af0323-f3b2-4605-91b5-35d8d59d991e",
    "color" : "#FF0033",
    "position" : {
      "x" : -6.854102,
      "y" : 5.236068,
      "z" : -11.09017
    }
  }, {
    "shape" : "25af0323-f3b2-4605-91b5-35d8d59d991e",
    "color" : "#FF0033",
    "position" : {
      "x" : -2.618034,
      "y" : 1.618034,
      "z" : -13.708204
    }
  }, {
    "shape" : "5de35aa8-c30e-4af1-969d-a1c17ab1c49a",
    "color" : "#FF9900",
    "position" : {
      "x" : 9.472136,
      "y" : -9.472136,
      "z" : 4.236068
    },
    "orientation" : 45
  }, {
    "shape" : "c960eafb-f4ec-49c5-8e26-7ee106240e8d",
    "color" : "#0000CC",
    "position" : {
      "x" : 4.236068,
      "y" : 12.708204,
      "z" : -4.236068
    },
    "orientation" : 22
  }, {
    "shape" : "25af0323-f3b2-4605-91b5-35d8d59d991e",
    "color" : "#FFFF33",
    "position" : {
      "x" : 4.236068,
      "y" : 4.236068,
      "z" : -12.708204
    }
  }, {
    "shape" : "25af0323-f3b2-4605-91b5-35d8d59d991e",
    "color" : "#990099",
    "position" : {
      "x" : 13.708204,
      "y" : 2.618034,
      "z" : 1.618034
    }
  }, {
    "shape" : "25af0323-f3b2-4605-91b5-35d8d59d991e",
    "color" : "#990099",
    "position" : {
      "x" : 9.472136,
      "y" : 9.472136,
      "z" : -4.236068
    }
  }, {
    "shape" : "5de35aa8-c30e-4af1-969d-a1c17ab1c49a",
    "color" : "#990099",
    "position" : {
      "x" : -9.472136,
      "y" : -9.472136,
      "z" : -4.236068
    },
    "orientation" : 0
  }, {
    "shape" : "5de35aa8-c30e-4af1-969d-a1c17ab1c49a",
    "color" : "#00CC00",
    "position" : {
      "x" : 5.236068,
      "y" : 11.09017,
      "z" : 6.854102
    },
    "orientation" : 16
  }, {
    "shape" : "25af0323-f3b2-4605-91b5-35d8d59d991e",
    "color" : "#00CC00",
    "position" : {
      "x" : 5.236068,
      "y" : -11.09017,
      "z" : -6.854102
    }
  }, {
    "shape" : "25af0323-f3b2-4605-91b5-35d8d59d991e",
    "color" : "#FFFF33",
    "position" : {
      "x" : -6.854102,
      "y" : -5.236068,
      "z" : 11.09017
    }
  }, {
    "shape" : "c960eafb-f4ec-49c5-8e26-7ee106240e8d",
    "color" : "#FF0033",
    "position" : {
      "x" : -11.09017,
      "y" : 1.618034,
      "z" : -8.472136
    },
    "orientation" : 3
  }, {
    "shape" : "25af0323-f3b2-4605-91b5-35d8d59d991e",
    "color" : "#00CC00",
    "position" : {
      "x" : -4.236068,
      "y" : 12.708204,
      "z" : 4.236068
    }
  }, {
    "shape" : "c960eafb-f4ec-49c5-8e26-7ee106240e8d",
    "color" : "#990099",
    "position" : {
      "x" : -11.09017,
      "y" : -6.854102,
      "z" : 5.236068
    },
    "orientation" : 55
  }, {
    "shape" : "5de35aa8-c30e-4af1-969d-a1c17ab1c49a",
    "color" : "#FF9900",
    "position" : {
      "x" : -9.472136,
      "y" : 9.472136,
      "z" : 4.236068
    },
    "orientation" : 15
  }, {
    "shape" : "c960eafb-f4ec-49c5-8e26-7ee106240e8d",
    "color" : "#FF9900",
    "position" : {
      "x" : 9.472136,
      "y" : -9.472136,
      "z" : 4.236068
    },
    "orientation" : 47
  }, {
    "shape" : "c960eafb-f4ec-49c5-8e26-7ee106240e8d",
    "color" : "#990099",
    "position" : {
      "x" : -12.708204,
      "y" : -4.236068,
      "z" : -4.236068
    },
    "orientation" : 21
  }, {
    "shape" : "c960eafb-f4ec-49c5-8e26-7ee106240e8d",
    "color" : "#FF0033",
    "position" : {
      "x" : -4.236068,
      "y" : -4.236068,
      "z" : -12.708204
    },
    "orientation" : 38
  }, {
    "shape" : "c960eafb-f4ec-49c5-8e26-7ee106240e8d",
    "color" : "#FFFF33",
    "position" : {
      "x" : 9.472136,
      "y" : 4.236068,
      "z" : -9.472136
    },
    "orientation" : 31
  }, {
    "shape" : "c960eafb-f4ec-49c5-8e26-7ee106240e8d",
    "color" : "#00CC00",
    "position" : {
      "x" : 1.618034,
      "y" : -13.708204,
      "z" : -2.618034
    },
    "orientation" : 57
  }, {
    "shape" : "25af0323-f3b2-4605-91b5-35d8d59d991e",
    "color" : "#00CC00",
    "position" : {
      "x" : -4.236068,
      "y" : 9.472136,
      "z" : 9.472136
    }
  }, {
    "shape" : "c960eafb-f4ec-49c5-8e26-7ee106240e8d",
    "color" : "#FF9900",
    "position" : {
      "x" : -9.472136,
      "y" : 9.472136,
      "z" : 4.236068
    },
    "orientation" : 17
  }, {
    "shape" : "c960eafb-f4ec-49c5-8e26-7ee106240e8d",
    "color" : "#990099",
    "position" : {
      "x" : -8.472136,
      "y" : -11.09017,
      "z" : 1.618034
    },
    "orientation" : 4
  }, {
    "shape" : "5de35aa8-c30e-4af1-969d-a1c17ab1c49a",
    "color" : "#FF0033",
    "position" : {
      "x" : -9.472136,
      "y" : -4.236068,
      "z" : -9.472136
    },
    "orientation" : 2
  }, {
    "shape" : "25af0323-f3b2-4605-91b5-35d8d59d991e",
    "color" : "#990099",
    "position" : {
      "x" : -12.708204,
      "y" : -4.236068,
      "z" : -4.236068
    }
  }, {
    "shape" : "25af0323-f3b2-4605-91b5-35d8d59d991e",
    "color" : "#00CC00",
    "position" : {
      "x" : -4.236068,
      "y" : -12.708204,
      "z" : -4.236068
    }
  }, {
    "shape" : "25af0323-f3b2-4605-91b5-35d8d59d991e",
    "color" : "#0000CC",
    "position" : {
      "x" : 4.236068,
      "y" : 9.472136,
      "z" : -9.472136
    }
  }, {
    "shape" : "25af0323-f3b2-4605-91b5-35d8d59d991e",
    "color" : "#FFFF33",
    "position" : {
      "x" : 9.472136,
      "y" : 4.236068,
      "z" : -9.472136
    }
  }, {
    "shape" : "25af0323-f3b2-4605-91b5-35d8d59d991e",
    "color" : "#00CC00",
    "position" : {
      "x" : 1.618034,
      "y" : -13.708204,
      "z" : -2.618034
    }
  }, {
    "shape" : "c960eafb-f4ec-49c5-8e26-7ee106240e8d",
    "color" : "#0000CC",
    "position" : {
      "x" : -5.236068,
      "y" : 11.09017,
      "z" : -6.854102
    },
    "orientation" : 11
  }, {
    "shape" : "5de35aa8-c30e-4af1-969d-a1c17ab1c49a",
    "color" : "#FF9900",
    "position" : {
      "x" : 8.472136,
      "y" : -11.09017,
      "z" : -1.618034
    },
    "orientation" : 45
  }, {
    "shape" : "5de35aa8-c30e-4af1-969d-a1c17ab1c49a",
    "color" : "#FF0033",
    "position" : {
      "x" : 11.09017,
      "y" : 1.618034,
      "z" : 8.472136
    },
    "orientation" : 47
  }, {
    "shape" : "c960eafb-f4ec-49c5-8e26-7ee106240e8d",
    "color" : "#FFFF33",
    "position" : {
      "x" : 4.236068,
      "y" : 4.236068,
      "z" : -12.708204
    },
    "orientation" : 8
  }, {
    "shape" : "c960eafb-f4ec-49c5-8e26-7ee106240e8d",
    "color" : "#FF0033",
    "position" : {
      "x" : 9.472136,
      "y" : -4.236068,
      "z" : 9.472136
    },
    "orientation" : 46
  }, {
    "shape" : "25af0323-f3b2-4605-91b5-35d8d59d991e",
    "color" : "#00CC00",
    "position" : {
      "x" : 1.618034,
      "y" : 13.708204,
      "z" : 2.618034
    }
  }, {
    "shape" : "c960eafb-f4ec-49c5-8e26-7ee106240e8d",
    "color" : "#FFFF33",
    "position" : {
      "x" : -9.472136,
      "y" : 4.236068,
      "z" : 9.472136
    },
    "orientation" : 16
  }, {
    "shape" : "25af0323-f3b2-4605-91b5-35d8d59d991e",
    "color" : "#FF9900",
    "position" : {
      "x" : -12.708204,
      "y" : 4.236068,
      "z" : 4.236068
    }
  }, {
    "shape" : "c960eafb-f4ec-49c5-8e26-7ee106240e8d",
    "color" : "#00CC00",
    "position" : {
      "x" : 1.618034,
      "y" : 13.708204,
      "z" : 2.618034
    },
    "orientation" : 42
  }, {
    "shape" : "5de35aa8-c30e-4af1-969d-a1c17ab1c49a",
    "color" : "#00CC00",
    "position" : {
      "x" : -4.236068,
      "y" : -9.472136,
      "z" : -9.472136
    },
    "orientation" : 1
  }, {
    "shape" : "5de35aa8-c30e-4af1-969d-a1c17ab1c49a",
    "color" : "#FF0033",
    "position" : {
      "x" : 2.618034,
      "y" : 1.618034,
      "z" : 13.708204
    },
    "orientation" : 47
  }, {
    "shape" : "c960eafb-f4ec-49c5-8e26-7ee106240e8d",
    "color" : "#FF9900",
    "position" : {
      "x" : 11.09017,
      "y" : -6.854102,
      "z" : -5.236068
    },
    "orientation" : 10
  }, {
    "shape" : "25af0323-f3b2-4605-91b5-35d8d59d991e",
    "color" : "#FF9900",
    "position" : {
      "x" : -11.09017,
      "y" : 6.854102,
      "z" : -5.236068
    }
  }, {
    "shape" : "5de35aa8-c30e-4af1-969d-a1c17ab1c49a",
    "color" : "#FFFF33",
    "position" : {
      "x" : 9.472136,
      "y" : 4.236068,
      "z" : -9.472136
    },
    "orientation" : 32
  }, {
    "shape" : "25af0323-f3b2-4605-91b5-35d8d59d991e",
    "color" : "#0000CC",
    "position" : {
      "x" : -1.618034,
      "y" : 13.708204,
      "z" : -2.618034
    }
  }, {
    "shape" : "c960eafb-f4ec-49c5-8e26-7ee106240e8d",
    "color" : "#FFFF33",
    "position" : {
      "x" : 11.09017,
      "y" : -1.618034,
      "z" : -8.472136
    },
    "orientation" : 33
  }, {
    "shape" : "25af0323-f3b2-4605-91b5-35d8d59d991e",
    "color" : "#00CC00",
    "position" : {
      "x" : 1.618034,
      "y" : 8.472136,
      "z" : 11.09017
    }
  }, {
    "shape" : "c960eafb-f4ec-49c5-8e26-7ee106240e8d",
    "color" : "#FF0033",
    "position" : {
      "x" : -6.854102,
      "y" : 5.236068,
      "z" : -11.09017
    },
    "orientation" : 24
  }, {
    "shape" : "c960eafb-f4ec-49c5-8e26-7ee106240e8d",
    "color" : "#0000CC",
    "position" : {
      "x" : 4.236068,
      "y" : -12.708204,
      "z" : 4.236068
    },
    "orientation" : 7
  }, {
    "shape" : "c960eafb-f4ec-49c5-8e26-7ee106240e8d",
    "color" : "#0000CC",
    "position" : {
      "x" : -1.618034,
      "y" : -13.708204,
      "z" : 2.618034
    },
    "orientation" : 12
  }, {
    "shape" : "c960eafb-f4ec-49c5-8e26-7ee106240e8d",
    "color" : "#FFFF33",
    "position" : {
      "x" : 2.618034,
      "y" : -1.618034,
      "z" : -13.708204
    },
    "orientation" : 13
  }, {
    "shape" : "c960eafb-f4ec-49c5-8e26-7ee106240e8d",
    "color" : "#0000CC",
    "position" : {
      "x" : -1.618034,
      "y" : 8.472136,
      "z" : -11.09017
    },
    "orientation" : 35
  }, {
    "shape" : "c960eafb-f4ec-49c5-8e26-7ee106240e8d",
    "color" : "#FF9900",
    "position" : {
      "x" : 8.472136,
      "y" : -11.09017,
      "z" : -1.618034
    },
    "orientation" : 49
  }, {
    "shape" : "25af0323-f3b2-4605-91b5-35d8d59d991e",
    "color" : "#990099",
    "position" : {
      "x" : 11.09017,
      "y" : 6.854102,
      "z" : 5.236068
    }
  }, {
    "shape" : "25af0323-f3b2-4605-91b5-35d8d59d991e",
    "color" : "#FF0033",
    "position" : {
      "x" : 4.236068,
      "y" : -4.236068,
      "z" : 12.708204
    }
  }, {
    "shape" : "5de35aa8-c30e-4af1-969d-a1c17ab1c49a",
    "color" : "#0000CC",
    "position" : {
      "x" : 4.236068,
      "y" : -9.472136,
      "z" : 9.472136
    },
    "orientation" : 46
  }, {
    "shape" : "25af0323-f3b2-4605-91b5-35d8d59d991e",
    "color" : "#0000CC",
    "position" : {
      "x" : 4.236068,
      "y" : 12.708204,
      "z" : -4.236068
    }
  }, {
    "shape" : "25af0323-f3b2-4605-91b5-35d8d59d991e",
    "color" : "#FFFF33",
    "position" : {
      "x" : 11.09017,
      "y" : -1.618034,
      "z" : -8.472136
    }
  }, {
    "shape" : "25af0323-f3b2-4605-91b5-35d8d59d991e",
    "color" : "#FF9900",
    "position" : {
      "x" : -8.472136,
      "y" : 11.09017,
      "z" : -1.618034
    }
  }, {
    "shape" : "25af0323-f3b2-4605-91b5-35d8d59d991e",
    "color" : "#FFFF33",
    "position" : {
      "x" : 6.854102,
      "y" : -5.236068,
      "z" : -11.09017
    }
  }, {
    "shape" : "25af0323-f3b2-4605-91b5-35d8d59d991e",
    "color" : "#FF9900",
    "position" : {
      "x" : 13.708204,
      "y" : -2.618034,
      "z" : -1.618034
    }
  }, {
    "shape" : "c960eafb-f4ec-49c5-8e26-7ee106240e8d",
    "color" : "#FF0033",
    "position" : {
      "x" : 11.09017,
      "y" : 1.618034,
      "z" : 8.472136
    },
    "orientation" : 48
  }, {
    "shape" : "c960eafb-f4ec-49c5-8e26-7ee106240e8d",
    "color" : "#990099",
    "position" : {
      "x" : 9.472136,
      "y" : 9.472136,
      "z" : -4.236068
    },
    "orientation" : 32
  }, {
    "shape" : "c960eafb-f4ec-49c5-8e26-7ee106240e8d",
    "color" : "#FF9900",
    "position" : {
      "x" : -11.09017,
      "y" : 6.854102,
      "z" : -5.236068
    },
    "orientation" : 40
  }, {
    "shape" : "25af0323-f3b2-4605-91b5-35d8d59d991e",
    "color" : "#FF9900",
    "position" : {
      "x" : 11.09017,
      "y" : -6.854102,
      "z" : -5.236068
    }
  }, {
    "shape" : "c960eafb-f4ec-49c5-8e26-7ee106240e8d",
    "color" : "#0000CC",
    "position" : {
      "x" : -5.236068,
      "y" : -11.09017,
      "z" : 6.854102
    },
    "orientation" : 26
  }, {
    "shape" : "25af0323-f3b2-4605-91b5-35d8d59d991e",
    "color" : "#0000CC",
    "position" : {
      "x" : -1.618034,
      "y" : -13.708204,
      "z" : 2.618034
    }
  }, {
    "shape" : "25af0323-f3b2-4605-91b5-35d8d59d991e",
    "color" : "#990099",
    "position" : {
      "x" : 12.708204,
      "y" : 4.236068,
      "z" : -4.236068
    }
  }, {
    "shape" : "c960eafb-f4ec-49c5-8e26-7ee106240e8d",
    "color" : "#0000CC",
    "position" : {
      "x" : -1.618034,
      "y" : -8.472136,
      "z" : 11.09017
    },
    "orientation" : 50
  }, {
    "shape" : "25af0323-f3b2-4605-91b5-35d8d59d991e",
    "color" : "#FFFF33",
    "position" : {
      "x" : -4.236068,
      "y" : 4.236068,
      "z" : 12.708204
    }
  }, {
    "shape" : "c960eafb-f4ec-49c5-8e26-7ee106240e8d",
    "color" : "#FF9900",
    "position" : {
      "x" : 13.708204,
      "y" : -2.618034,
      "z" : -1.618034
    },
    "orientation" : 44
  }, {
    "shape" : "c960eafb-f4ec-49c5-8e26-7ee106240e8d",
    "color" : "#FF9900",
    "position" : {
      "x" : -12.708204,
      "y" : 4.236068,
      "z" : 4.236068
    },
    "orientation" : 6
  }, {
    "shape" : "25af0323-f3b2-4605-91b5-35d8d59d991e",
    "color" : "#00CC00",
    "position" : {
      "x" : 5.236068,
      "y" : 11.09017,
      "z" : 6.854102
    }
  }, {
    "shape" : "25af0323-f3b2-4605-91b5-35d8d59d991e",
    "color" : "#990099",
    "position" : {
      "x" : -9.472136,
      "y" : -9.472136,
      "z" : -4.236068
    }
  }, {
    "shape" : "c960eafb-f4ec-49c5-8e26-7ee106240e8d",
    "color" : "#00CC00",
    "position" : {
      "x" : 1.618034,
      "y" : 8.472136,
      "z" : 11.09017
    },
    "orientation" : 20
  }, {
    "shape" : "25af0323-f3b2-4605-91b5-35d8d59d991e",
    "color" : "#990099",
    "position" : {
      "x" : -13.708204,
      "y" : -2.618034,
      "z" : 1.618034
    }
  }, {
    "shape" : "5de35aa8-c30e-4af1-969d-a1c17ab1c49a",
    "color" : "#FF9900",
    "position" : {
      "x" : 13.708204,
      "y" : -2.618034,
      "z" : -1.618034
    },
    "orientation" : 45
  }, {
    "shape" : "c960eafb-f4ec-49c5-8e26-7ee106240e8d",
    "color" : "#FF0033",
    "position" : {
      "x" : 4.236068,
      "y" : -4.236068,
      "z" : 12.708204
    },
    "orientation" : 23
  }, {
    "shape" : "c960eafb-f4ec-49c5-8e26-7ee106240e8d",
    "color" : "#FFFF33",
    "position" : {
      "x" : -6.854102,
      "y" : -5.236068,
      "z" : 11.09017
    },
    "orientation" : 9
  }, {
    "shape" : "5de35aa8-c30e-4af1-969d-a1c17ab1c49a",
    "color" : "#00CC00",
    "position" : {
      "x" : -4.236068,
      "y" : 9.472136,
      "z" : 9.472136
    },
    "orientation" : 16
  }, {
    "shape" : "c960eafb-f4ec-49c5-8e26-7ee106240e8d",
    "color" : "#FF9900",
    "position" : {
      "x" : 12.708204,
      "y" : -4.236068,
      "z" : 4.236068
    },
    "orientation" : 36
  }, {
    "shape" : "c960eafb-f4ec-49c5-8e26-7ee106240e8d",
    "color" : "#FF0033",
    "position" : {
      "x" : 6.854102,
      "y" : 5.236068,
      "z" : 11.09017
    },
    "orientation" : 39
  }, {
    "shape" : "c960eafb-f4ec-49c5-8e26-7ee106240e8d",
    "color" : "#00CC00",
    "position" : {
      "x" : 5.236068,
      "y" : 11.09017,
      "z" : 6.854102
    },
    "orientation" : 56
  }, {
    "shape" : "c960eafb-f4ec-49c5-8e26-7ee106240e8d",
    "color" : "#00CC00",
    "position" : {
      "x" : -4.236068,
      "y" : 12.708204,
      "z" : 4.236068
    },
    "orientation" : 37
  }, {
    "shape" : "c960eafb-f4ec-49c5-8e26-7ee106240e8d",
    "color" : "#FF9900",
    "position" : {
      "x" : -8.472136,
      "y" : 11.09017,
      "z" : -1.618034
    },
    "orientation" : 19
  }, {
    "shape" : "25af0323-f3b2-4605-91b5-35d8d59d991e",
    "color" : "#00CC00",
    "position" : {
      "x" : 1.618034,
      "y" : -8.472136,
      "z" : -11.09017
    }
  }, {
    "shape" : "25af0323-f3b2-4605-91b5-35d8d59d991e",
    "color" : "#990099",
    "position" : {
      "x" : 8.472136,
      "y" : 11.09017,
      "z" : 1.618034
    }
  }, {
    "shape" : "25af0323-f3b2-4605-91b5-35d8d59d991e",
    "color" : "#0000CC",
    "position" : {
      "x" : -1.618034,
      "y" : 8.472136,
      "z" : -11.09017
    }
  }, {
