{
  "polygons" : "true",
  "field" : "golden",
  "symmetry" : "icosahedral",
  "orientations" : [ [ 1.0, 0.0, 0.0, 0.0, 0.0, 1.0, 0.0, 0.0, 0.0, 0.0, 1.0, 0.0, 0.0, 0.0, 0.0, 1.0 ], [ 0.0, 0.0, 1.0, 0.0, 1.0, 0.0, 0.0, 0.0, 0.0, 1.0, 0.0, 0.0, 0.0, 0.0, 0.0, 1.0 ], [ 0.0, 1.0, 0.0, 0.0, 0.0, 0.0, 1.0, 0.0, 1.0, 0.0, 0.0, 0.0, 0.0, 0.0, 0.0, 1.0 ], [ 0.809017, 0.309017, 0.5, 0.0, 0.309017, 0.5, -0.809017, 0.0, -0.5, 0.809017, 0.309017, 0.0, 0.0, 0.0, 0.0, 1.0 ], [ -0.5, 0.809017, 0.309017, 0.0, 0.809017, 0.309017, 0.5, 0.0, 0.309017, 0.5, -0.809017, 0.0, 0.0, 0.0, 0.0, 1.0 ], [ 0.309017, 0.5, -0.809017, 0.0, -0.5, 0.809017, 0.309017, 0.0, 0.809017, 0.309017, 0.5, 0.0, 0.0, 0.0, 0.0, 1.0 ], [ 0.5, 0.809017, 0.309017, 0.0, 0.809017, -0.309017, -0.5, 0.0, -0.309017, 0.5, -0.809017, 0.0, 0.0, 0.0, 0.0, 1.0 ], [ -0.309017, 0.5, -0.809017, 0.0, 0.5, 0.809017, 0.309017, 0.0, 0.809017, -0.309017, -0.5, 0.0, 0.0, 0.0, 0.0, 1.0 ], [ 0.809017, -0.309017, -0.5, 0.0, -0.309017, 0.5, -0.809017, 0.0, 0.5, 0.809017, 0.309017, 0.0, 0.0, 0.0, 0.0, 1.0 ], [ 0.5, 0.809017, -0.309017, 0.0, 0.809017, -0.309017, 0.5, 0.0, 0.309017, -0.5, -0.809017, 0.0, 0.0, 0.0, 0.0, 1.0 ], [ 0.309017, -0.5, -0.809017, 0.0, 0.5, 0.809017, -0.309017, 0.0, 0.809017, -0.309017, 0.5, 0.0, 0.0, 0.0, 0.0, 1.0 ], [ 0.809017, -0.309017, 0.5, 0.0, 0.309017, -0.5, -0.809017, 0.0, 0.5, 0.809017, -0.309017, 0.0, 0.0, 0.0, 0.0, 1.0 ], [ 0.809017, 0.309017, -0.5, 0.0, 0.309017, 0.5, 0.809017, 0.0, 0.5, -0.809017, 0.309017, 0.0, 0.0, 0.0, 0.0, 1.0 ], [ 0.5, -0.809017, 0.309017, 0.0, 0.809017, 0.309017, -0.5, 0.0, 0.309017, 0.5, 0.809017, 0.0, 0.0, 0.0, 0.0, 1.0 ], [ 0.309017, 0.5, 0.809017, 0.0, 0.5, -0.809017, 0.309017, 0.0, 0.809017, 0.309017, -0.5, 0.0, 0.0, 0.0, 0.0, 1.0 ], [ 1.0, 0.0, 0.0, 0.0, 0.0, -1.0, 0.0, 0.0, 0.0, 0.0, -1.0, 0.0, 0.0, 0.0, 0.0, 1.0 ], [ 0.0, 0.0, 1.0, 0.0, -1.0, 0.0, 0.0, 0.0, 0.0, -1.0, 0.0, 0.0, 0.0, 0.0, 0.0, 1.0 ], [ 0.0, 1.0, 0.0, 0.0, 0.0, 0.0, -1.0, 0.0, -1.0, 0.0, 0.0, 0.0, 0.0, 0.0, 0.0, 1.0 ], [ 0.809017, 0.309017, 0.5, 0.0, -0.309017, -0.5, 0.809017, 0.0, 0.5, -0.809017, -0.309017, 0.0, 0.0, 0.0, 0.0, 1.0 ], [ -0.5, 0.809017, 0.309017, 0.0, -0.809017, -0.309017, -0.5, 0.0, -0.309017, -0.5, 0.809017, 0.0, 0.0, 0.0, 0.0, 1.0 ], [ 0.309017, 0.5, -0.809017, 0.0, 0.5, -0.809017, -0.309017, 0.0, -0.809017, -0.309017, -0.5, 0.0, 0.0, 0.0, 0.0, 1.0 ], [ 0.5, 0.809017, 0.309017, 0.0, -0.809017, 0.309017, 0.5, 0.0, 0.309017, -0.5, 0.809017, 0.0, 0.0, 0.0, 0.0, 1.0 ], [ -0.309017, 0.5, -0.809017, 0.0, -0.5, -0.809017, -0.309017, 0.0, -0.809017, 0.309017, 0.5, 0.0, 0.0, 0.0, 0.0, 1.0 ], [ 0.809017, -0.309017, -0.5, 0.0, 0.309017, -0.5, 0.809017, 0.0, -0.5, -0.809017, -0.309017, 0.0, 0.0, 0.0, 0.0, 1.0 ], [ 0.5, 0.809017, -0.309017, 0.0, -0.809017, 0.309017, -0.5, 0.0, -0.309017, 0.5, 0.809017, 0.0, 0.0, 0.0, 0.0, 1.0 ], [ 0.309017, -0.5, -0.809017, 0.0, -0.5, -0.809017, 0.309017, 0.0, -0.809017, 0.309017, -0.5, 0.0, 0.0, 0.0, 0.0, 1.0 ], [ 0.809017, -0.309017, 0.5, 0.0, -0.309017, 0.5, 0.809017, 0.0, -0.5, -0.809017, 0.309017, 0.0, 0.0, 0.0, 0.0, 1.0 ], [ 0.809017, 0.309017, -0.5, 0.0, -0.309017, -0.5, -0.809017, 0.0, -0.5, 0.809017, -0.309017, 0.0, 0.0, 0.0, 0.0, 1.0 ], [ 0.5, -0.809017, 0.309017, 0.0, -0.809017, -0.309017, 0.5, 0.0, -0.309017, -0.5, -0.809017, 0.0, 0.0, 0.0, 0.0, 1.0 ], [ 0.309017, 0.5, 0.809017, 0.0, -0.5, 0.809017, -0.309017, 0.0, -0.809017, -0.309017, 0.5, 0.0, 0.0, 0.0, 0.0, 1.0 ], [ -1.0, 0.0, 0.0, 0.0, 0.0, -1.0, 0.0, 0.0, 0.0, 0.0, 1.0, 0.0, 0.0, 0.0, 0.0, 1.0 ], [ 0.0, 0.0, -1.0, 0.0, -1.0, 0.0, 0.0, 0.0, 0.0, 1.0, 0.0, 0.0, 0.0, 0.0, 0.0, 1.0 ], [ 0.0, -1.0, 0.0, 0.0, 0.0, 0.0, -1.0, 0.0, 1.0, 0.0, 0.0, 0.0, 0.0, 0.0, 0.0, 1.0 ], [ -0.809017, -0.309017, -0.5, 0.0, -0.309017, -0.5, 0.809017, 0.0, -0.5, 0.809017, 0.309017, 0.0, 0.0, 0.0, 0.0, 1.0 ], [ 0.5, -0.809017, -0.309017, 0.0, -0.809017, -0.309017, -0.5, 0.0, 0.309017, 0.5, -0.809017, 0.0, 0.0, 0.0, 0.0, 1.0 ], [ -0.309017, -0.5, 0.809017, 0.0, 0.5, -0.809017, -0.309017, 0.0, 0.809017, 0.309017, 0.5, 0.0, 0.0, 0.0, 0.0, 1.0 ], [ -0.5, -0.809017, -0.309017, 0.0, -0.809017, 0.309017, 0.5, 0.0, -0.309017, 0.5, -0.809017, 0.0, 0.0, 0.0, 0.0, 1.0 ], [ 0.309017, -0.5, 0.809017, 0.0, -0.5, -0.809017, -0.309017, 0.0, 0.809017, -0.309017, -0.5, 0.0, 0.0, 0.0, 0.0, 1.0 ], [ -0.809017, 0.309017, 0.5, 0.0, 0.309017, -0.5, 0.809017, 0.0, 0.5, 0.809017, 0.309017, 0.0, 0.0, 0.0, 0.0, 1.0 ], [ -0.5, -0.809017, 0.309017, 0.0, -0.809017, 0.309017, -0.5, 0.0, 0.309017, -0.5, -0.809017, 0.0, 0.0, 0.0, 0.0, 1.0 ], [ -0.309017, 0.5, 0.809017, 0.0, -0.5, -0.809017, 0.309017, 0.0, 0.809017, -0.309017, 0.5, 0.0, 0.0, 0.0, 0.0, 1.0 ], [ -0.809017, 0.309017, -0.5, 0.0, -0.309017, 0.5, 0.809017, 0.0, 0.5, 0.809017, -0.309017, 0.0, 0.0, 0.0, 0.0, 1.0 ], [ -0.809017, -0.309017, 0.5, 0.0, -0.309017, -0.5, -0.809017, 0.0, 0.5, -0.809017, 0.309017, 0.0, 0.0, 0.0, 0.0, 1.0 ], [ -0.5, 0.809017, -0.309017, 0.0, -0.809017, -0.309017, 0.5, 0.0, 0.309017, 0.5, 0.809017, 0.0, 0.0, 0.0, 0.0, 1.0 ], [ -0.309017, -0.5, -0.809017, 0.0, -0.5, 0.809017, -0.309017, 0.0, 0.809017, 0.309017, -0.5, 0.0, 0.0, 0.0, 0.0, 1.0 ], [ -1.0, 0.0, 0.0, 0.0, 0.0, 1.0, 0.0, 0.0, 0.0, 0.0, -1.0, 0.0, 0.0, 0.0, 0.0, 1.0 ], [ 0.0, 0.0, -1.0, 0.0, 1.0, 0.0, 0.0, 0.0, 0.0, -1.0, 0.0, 0.0, 0.0, 0.0, 0.0, 1.0 ], [ 0.0, -1.0, 0.0, 0.0, 0.0, 0.0, 1.0, 0.0, -1.0, 0.0, 0.0, 0.0, 0.0, 0.0, 0.0, 1.0 ], [ -0.809017, -0.309017, -0.5, 0.0, 0.309017, 0.5, -0.809017, 0.0, 0.5, -0.809017, -0.309017, 0.0, 0.0, 0.0, 0.0, 1.0 ], [ 0.5, -0.809017, -0.309017, 0.0, 0.809017, 0.309017, 0.5, 0.0, -0.309017, -0.5, 0.809017, 0.0, 0.0, 0.0, 0.0, 1.0 ], [ -0.309017, -0.5, 0.809017, 0.0, -0.5, 0.809017, 0.309017, 0.0, -0.809017, -0.309017, -0.5, 0.0, 0.0, 0.0, 0.0, 1.0 ], [ -0.5, -0.809017, -0.309017, 0.0, 0.809017, -0.309017, -0.5, 0.0, 0.309017, -0.5, 0.809017, 0.0, 0.0, 0.0, 0.0, 1.0 ], [ 0.309017, -0.5, 0.809017, 0.0, 0.5, 0.809017, 0.309017, 0.0, -0.809017, 0.309017, 0.5, 0.0, 0.0, 0.0, 0.0, 1.0 ], [ -0.809017, 0.309017, 0.5, 0.0, -0.309017, 0.5, -0.809017, 0.0, -0.5, -0.809017, -0.309017, 0.0, 0.0, 0.0, 0.0, 1.0 ], [ -0.5, -0.809017, 0.309017, 0.0, 0.809017, -0.309017, 0.5, 0.0, -0.309017, 0.5, 0.809017, 0.0, 0.0, 0.0, 0.0, 1.0 ], [ -0.309017, 0.5, 0.809017, 0.0, 0.5, 0.809017, -0.309017, 0.0, -0.809017, 0.309017, -0.5, 0.0, 0.0, 0.0, 0.0, 1.0 ], [ -0.809017, 0.309017, -0.5, 0.0, 0.309017, -0.5, -0.809017, 0.0, -0.5, -0.809017, 0.309017, 0.0, 0.0, 0.0, 0.0, 1.0 ], [ -0.809017, -0.309017, 0.5, 0.0, 0.309017, 0.5, 0.809017, 0.0, -0.5, 0.809017, -0.309017, 0.0, 0.0, 0.0, 0.0, 1.0 ], [ -0.5, 0.809017, -0.309017, 0.0, 0.809017, 0.309017, -0.5, 0.0, -0.309017, -0.5, -0.809017, 0.0, 0.0, 0.0, 0.0, 1.0 ], [ -0.309017, -0.5, -0.809017, 0.0, 0.5, -0.809017, 0.309017, 0.0, -0.809017, -0.309017, 0.5, 0.0, 0.0, 0.0, 0.0, 1.0 ] ],
  "lights" : {
    "directionalLights" : [ {
      "direction" : [ 1.0, -1.0, -1.0 ],
      "color" : "#EBEBE4"
    }, {
      "direction" : [ -1.0, 0.0, 0.0 ],
      "color" : "#E4E4EB"
    }, {
      "direction" : [ 0.0, 0.0, -1.0 ],
      "color" : "#1E1E1E"
    } ],
    "backgroundColor" : "#AFC8DC",
    "ambientColor" : "#292929"
  },
  "camera" : {
    "width" : 156.08047,
    "position" : {
      "x" : 226.74379,
      "y" : 163.3054,
      "z" : 205.47813
    },
    "perspective" : true,
    "nearClipDistance" : 0.86711365,
    "fieldOfView" : 0.44262892,
    "upDirectionRV" : {
      "x" : -0.67566377,
      "y" : 0.010636059,
      "z" : 0.7371362,
      "zero" : false
    },
    "viewDistance" : 346.84546,
    "lookDirectionRV" : {
      "x" : -0.65373147,
      "y" : -0.47083047,
      "z" : -0.59241986,
      "zero" : false
    },
    "lookAtPointRV" : {
      "x" : 0.0,
      "y" : 0.0,
      "z" : 0.0,
      "zero" : true
    },
    "stereo" : false,
    "upDirection" : {
      "x" : -0.67566377,
      "y" : 0.010636059,
      "z" : 0.7371362
    },
    "farClipDistance" : 693.69073,
    "lookAtPoint" : {
      "x" : 0.0,
      "y" : 0.0,
      "z" : 0.0
    },
    "lookDirection" : {
      "x" : -0.65373147,
      "y" : -0.47083047,
      "z" : -0.59241986
    }
  },
  "embedding" : [ 1.0, 0.0, 0.0, 0.0, 0.0, 1.0, 0.0, 0.0, 0.0, 0.0, 1.0, 0.0, 0.0, 0.0, 0.0, 1.0 ],
  "shapes" : [ {
    "id" : "7102318f-12dc-42c1-8961-03608765e5bd",
    "orbit" : "blue",
    "orbitC" : "[[0,0,1],[0,0,1]]",
    "length" : "[\"0\",\"1\",\"1\"]",
    "name" : "b2",
    "vertices" : [ {
      "x" : 12.708204,
      "y" : 0.309017,
      "z" : 0.19098301
    }, {
      "x" : 12.708204,
      "y" : 0.309017,
      "z" : -0.19098301
    }, {
      "x" : 1.0,
      "y" : 0.309017,
      "z" : -0.19098301
    }, {
      "x" : 1.0,
      "y" : 0.309017,
      "z" : 0.19098301
    }, {
      "x" : 12.708204,
      "y" : -0.309017,
      "z" : 0.19098301
    }, {
      "x" : 1.0,
      "y" : -0.309017,
      "z" : 0.19098301
    }, {
      "x" : 1.0,
      "y" : -0.309017,
      "z" : -0.19098301
    }, {
      "x" : 12.708204,
      "y" : -0.309017,
      "z" : -0.19098301
    }, {
      "x" : 13.708204,
      "y" : 0.0,
      "z" : 0.0
    } ],
    "faces" : [ {
      "vertices" : [ 1, 7, 6, 2 ]
    }, {
      "vertices" : [ 0, 1, 2, 3 ]
    }, {
      "vertices" : [ 4, 5, 6, 7 ]
    }, {
      "vertices" : [ 0, 3, 5, 4 ]
    } ]
  }, {
    "id" : "99217ef9-0373-4ed5-aa95-319bd2982968",
    "orbit" : "blue",
    "orbitC" : "[[0,0,1],[0,0,1]]",
    "length" : "[\"1\",\"0\",\"1\"]",
    "name" : "b1",
    "vertices" : [ {
      "x" : 7.472136,
      "y" : 0.309017,
      "z" : 0.19098301
    }, {
      "x" : 7.472136,
      "y" : 0.309017,
      "z" : -0.19098301
    }, {
      "x" : 1.0,
      "y" : 0.309017,
      "z" : -0.19098301
    }, {
      "x" : 1.0,
      "y" : 0.309017,
      "z" : 0.19098301
    }, {
      "x" : 7.472136,
      "y" : -0.309017,
      "z" : 0.19098301
    }, {
      "x" : 1.0,
      "y" : -0.309017,
      "z" : 0.19098301
    }, {
      "x" : 1.0,
      "y" : -0.309017,
      "z" : -0.19098301
    }, {
      "x" : 7.472136,
      "y" : -0.309017,
      "z" : -0.19098301
    }, {
      "x" : 8.472136,
      "y" : 0.0,
      "z" : 0.0
    } ],
    "faces" : [ {
      "vertices" : [ 1, 7, 6, 2 ]
    }, {
      "vertices" : [ 0, 1, 2, 3 ]
    }, {
      "vertices" : [ 4, 5, 6, 7 ]
    }, {
      "vertices" : [ 0, 3, 5, 4 ]
    } ]
  }, {
    "id" : "cacc24ff-adb7-4151-92b7-ac1f813a7892",
    "name" : "ball",
    "vertices" : [ {
      "x" : 0.309017,
      "y" : -0.809017,
      "z" : 0.618034
    }, {
      "x" : 0.809017,
      "y" : -0.618034,
      "z" : 0.309017
    }, {
      "x" : 0.618034,
      "y" : -0.309017,
      "z" : 0.809017
    }, {
      "x" : 1.0,
      "y" : 0.309017,
      "z" : 0.19098301
    }, {
      "x" : 0.809017,
      "y" : 0.618034,
      "z" : 0.309017
    }, {
      "x" : 0.618034,
      "y" : 0.309017,
      "z" : 0.809017
    }, {
      "x" : 0.809017,
      "y" : 0.0,
      "z" : 0.690983
    }, {
      "x" : 0.19098301,
      "y" : -1.0,
      "z" : 0.309017
    }, {
      "x" : -0.19098301,
      "y" : -1.0,
      "z" : 0.309017
    }, {
      "x" : -0.19098301,
      "y" : -1.0,
      "z" : -0.309017
    }, {
      "x" : 0.19098301,
      "y" : -1.0,
      "z" : -0.309017
    }, {
      "x" : 1.0,
      "y" : -0.309017,
      "z" : -0.19098301
    }, {
      "x" : 0.809017,
      "y" : -0.618034,
      "z" : -0.309017
    }, {
      "x" : 0.618034,
      "y" : -0.309017,
      "z" : -0.809017
    }, {
      "x" : 0.809017,
      "y" : 0.0,
      "z" : -0.690983
    }, {
      "x" : 0.0,
      "y" : 0.690983,
      "z" : -0.809017
    }, {
      "x" : 0.309017,
      "y" : 0.809017,
      "z" : -0.618034
    }, {
      "x" : 0.618034,
      "y" : 0.309017,
      "z" : -0.809017
    }, {
      "x" : 0.309017,
      "y" : 0.19098301,
      "z" : -1.0
    }, {
      "x" : 1.0,
      "y" : 0.309017,
      "z" : -0.19098301
    }, {
      "x" : -0.309017,
      "y" : -0.809017,
      "z" : 0.618034
    }, {
      "x" : 0.0,
      "y" : -0.690983,
      "z" : 0.809017
    }, {
      "x" : 0.809017,
      "y" : 0.618034,
      "z" : -0.309017
    }, {
      "x" : 0.690983,
      "y" : 0.809017,
      "z" : 0.0
    }, {
      "x" : -0.690983,
      "y" : 0.809017,
      "z" : 0.0
    }, {
      "x" : -0.809017,
      "y" : 0.618034,
      "z" : 0.309017
    }, {
      "x" : -0.309017,
      "y" : 0.809017,
      "z" : 0.618034
    }, {
      "x" : -0.19098301,
      "y" : 1.0,
      "z" : 0.309017
    }, {
      "x" : 0.309017,
      "y" : -0.19098301,
      "z" : -1.0
    }, {
      "x" : 0.19098301,
      "y" : 1.0,
      "z" : 0.309017
    }, {
      "x" : 0.309017,
      "y" : 0.809017,
      "z" : 0.618034
    }, {
      "x" : -0.809017,
      "y" : -0.618034,
      "z" : 0.309017
    }, {
      "x" : -0.690983,
      "y" : -0.809017,
      "z" : 0.0
    }, {
      "x" : 0.0,
      "y" : 0.690983,
      "z" : 0.809017
    }, {
      "x" : 0.309017,
      "y" : -0.809017,
      "z" : -0.618034
    }, {
      "x" : 0.0,
      "y" : -0.690983,
      "z" : -0.809017
    }, {
      "x" : -1.0,
      "y" : 0.309017,
      "z" : 0.19098301
    }, {
      "x" : -0.809017,
      "y" : 0.0,
      "z" : 0.690983
    }, {
      "x" : -0.618034,
      "y" : 0.309017,
      "z" : 0.809017
    }, {
      "x" : 1.0,
      "y" : -0.309017,
      "z" : 0.19098301
    }, {
      "x" : -0.309017,
      "y" : -0.809017,
      "z" : -0.618034
    }, {
      "x" : -1.0,
      "y" : 0.309017,
      "z" : -0.19098301
    }, {
      "x" : -1.0,
      "y" : -0.309017,
      "z" : -0.19098301
    }, {
      "x" : -1.0,
      "y" : -0.309017,
      "z" : 0.19098301
    }, {
      "x" : 0.19098301,
      "y" : 1.0,
      "z" : -0.309017
    }, {
      "x" : -0.809017,
      "y" : 0.618034,
      "z" : -0.309017
    }, {
      "x" : -0.19098301,
      "y" : 1.0,
      "z" : -0.309017
    }, {
      "x" : -0.309017,
      "y" : 0.809017,
      "z" : -0.618034
    }, {
      "x" : -0.618034,
      "y" : -0.309017,
      "z" : 0.809017
    }, {
      "x" : 0.309017,
      "y" : 0.19098301,
      "z" : 1.0
    }, {
      "x" : -0.309017,
      "y" : 0.19098301,
      "z" : -1.0
    }, {
      "x" : -0.309017,
      "y" : 0.19098301,
      "z" : 1.0
    }, {
      "x" : -0.309017,
      "y" : -0.19098301,
      "z" : 1.0
    }, {
      "x" : 0.309017,
      "y" : -0.19098301,
      "z" : 1.0
    }, {
      "x" : 0.690983,
      "y" : -0.809017,
      "z" : 0.0
    }, {
      "x" : -0.809017,
      "y" : 0.0,
      "z" : -0.690983
    }, {
      "x" : -0.618034,
      "y" : -0.309017,
      "z" : -0.809017
    }, {
      "x" : -0.309017,
      "y" : -0.19098301,
      "z" : -1.0
    }, {
      "x" : -0.618034,
      "y" : 0.309017,
      "z" : -0.809017
    }, {
      "x" : -0.809017,
      "y" : -0.618034,
      "z" : -0.309017
    } ],
    "faces" : [ {
      "vertices" : [ 9, 40, 35, 34, 10 ]
    }, {
      "vertices" : [ 0, 1, 2 ]
    }, {
      "vertices" : [ 33, 51, 49 ]
    }, {
      "vertices" : [ 25, 36, 37, 38 ]
    }, {
      "vertices" : [ 41, 55, 42 ]
    }, {
      "vertices" : [ 9, 32, 59, 40 ]
    }, {
      "vertices" : [ 20, 21, 52, 48 ]
    }, {
      "vertices" : [ 26, 33, 30, 29, 27 ]
    }, {
      "vertices" : [ 3, 4, 5, 6 ]
    }, {
      "vertices" : [ 27, 29, 44, 46 ]
    }, {
      "vertices" : [ 50, 57, 56, 55, 58 ]
    }, {
      "vertices" : [ 26, 38, 51, 33 ]
    }, {
      "vertices" : [ 45, 47, 58 ]
    }, {
      "vertices" : [ 18, 28, 57, 50 ]
    }, {
      "vertices" : [ 40, 59, 56 ]
    }, {
      "vertices" : [ 31, 48, 37, 43 ]
    }, {
      "vertices" : [ 7, 8, 9, 10 ]
    }, {
      "vertices" : [ 36, 41, 42, 43 ]
    }, {
      "vertices" : [ 24, 46, 47, 45 ]
    }, {
      "vertices" : [ 4, 30, 5 ]
    }, {
      "vertices" : [ 15, 47, 46, 44, 16 ]
    }, {
      "vertices" : [ 15, 50, 58, 47 ]
    }, {
      "vertices" : [ 24, 45, 41, 36, 25 ]
    }, {
      "vertices" : [ 11, 14, 19 ]
    }, {
      "vertices" : [ 3, 6, 39 ]
    }, {
      "vertices" : [ 1, 39, 6, 2 ]
    }, {
      "vertices" : [ 8, 32, 9 ]
    }, {
      "vertices" : [ 11, 12, 13, 14 ]
    }, {
      "vertices" : [ 16, 22, 17 ]
    }, {
      "vertices" : [ 0, 21, 20, 8, 7 ]
    }, {
      "vertices" : [ 12, 34, 13 ]
    }, {
      "vertices" : [ 35, 40, 56, 57 ]
    }, {
      "vertices" : [ 0, 7, 54, 1 ]
    }, {
      "vertices" : [ 15, 16, 17, 18 ]
    }, {
      "vertices" : [ 3, 19, 22, 23, 4 ]
    }, {
      "vertices" : [ 7, 10, 54 ]
    }, {
      "vertices" : [ 41, 45, 58, 55 ]
    }, {
      "vertices" : [ 3, 39, 11, 19 ]
    }, {
      "vertices" : [ 14, 17, 22, 19 ]
    }, {
      "vertices" : [ 0, 2, 53, 21 ]
    }, {
      "vertices" : [ 49, 51, 52, 53 ]
    }, {
      "vertices" : [ 31, 43, 42, 59, 32 ]
    }, {
      "vertices" : [ 15, 18, 50 ]
    }, {
      "vertices" : [ 42, 55, 56, 59 ]
    }, {
      "vertices" : [ 4, 23, 29, 30 ]
    }, {
      "vertices" : [ 25, 38, 26 ]
    }, {
      "vertices" : [ 13, 28, 18, 17, 14 ]
    }, {
      "vertices" : [ 8, 20, 31, 32 ]
    }, {
      "vertices" : [ 23, 44, 29 ]
    }, {
      "vertices" : [ 24, 27, 46 ]
    }, {
      "vertices" : [ 37, 48, 52, 51, 38 ]
    }, {
      "vertices" : [ 20, 48, 31 ]
    }, {
      "vertices" : [ 24, 25, 26, 27 ]
    }, {
      "vertices" : [ 16, 44, 23, 22 ]
    }, {
      "vertices" : [ 13, 34, 35, 28 ]
    }, {
      "vertices" : [ 10, 34, 12, 54 ]
    }, {
      "vertices" : [ 2, 6, 5, 49, 53 ]
    }, {
      "vertices" : [ 36, 43, 37 ]
    }, {
      "vertices" : [ 5, 30, 33, 49 ]
    }, {
      "vertices" : [ 1, 54, 12, 11, 39 ]
    }, {
      "vertices" : [ 28, 35, 57 ]
    }, {
      "vertices" : [ 21, 53, 52 ]
    } ]
  }, {
    "id" : "fa653293-3d69-428f-b108-57733e747640",
    "orbit" : "blue",
    "orbitC" : "[[0,0,1],[0,0,1]]",
    "length" : "[\"-1\",\"1\",\"1\"]",
    "name" : "b0",
    "vertices" : [ {
      "x" : 4.236068,
      "y" : 0.309017,
      "z" : 0.19098301
    }, {
      "x" : 4.236068,
      "y" : 0.309017,
      "z" : -0.19098301
    }, {
      "x" : 1.0,
      "y" : 0.309017,
      "z" : -0.19098301
    }, {
      "x" : 1.0,
      "y" : 0.309017,
      "z" : 0.19098301
    }, {
      "x" : 4.236068,
      "y" : -0.309017,
      "z" : 0.19098301
    }, {
      "x" : 1.0,
      "y" : -0.309017,
      "z" : 0.19098301
    }, {
      "x" : 1.0,
      "y" : -0.309017,
      "z" : -0.19098301
    }, {
      "x" : 4.236068,
      "y" : -0.309017,
      "z" : -0.19098301
    }, {
      "x" : 5.236068,
      "y" : 0.0,
      "z" : 0.0
    } ],
    "faces" : [ {
      "vertices" : [ 1, 7, 6, 2 ]
    }, {
      "vertices" : [ 0, 1, 2, 3 ]
    }, {
      "vertices" : [ 4, 5, 6, 7 ]
    }, {
      "vertices" : [ 0, 3, 5, 4 ]
    } ]
  } ],
  "instances" : [ {
    "shape" : "7102318f-12dc-42c1-8961-03608765e5bd",
    "color" : "#008EC2",
    "position" : {
      "x" : 22.18034,
      "y" : -17.944271,
      "z" : 24.798374
    },
    "orientation" : 21
  }, {
    "shape" : "99217ef9-0373-4ed5-aa95-319bd2982968",
    "color" : "#008EC2",
    "position" : {
      "x" : 22.18034,
      "y" : -17.944271,
      "z" : -11.09017
    },
    "orientation" : 6
  }, {
    "shape" : "cacc24ff-adb7-4151-92b7-ac1f813a7892",
    "color" : "#F2F2F2",
    "position" : {
      "x" : 6.854102,
      "y" : -29.034441,
      "z" : -6.854102
    }
  }, {
    "shape" : "cacc24ff-adb7-4151-92b7-ac1f813a7892",
    "color" : "#F2F2F2",
    "position" : {
      "x" : -24.798374,
      "y" : -8.472136,
      "z" : 17.944271
    }
  }, {
    "shape" : "cacc24ff-adb7-4151-92b7-ac1f813a7892",
    "color" : "#F2F2F2",
    "position" : {
      "x" : 13.708204,
      "y" : 17.944271,
      "z" : 24.798374
    }
  }, {
    "shape" : "99217ef9-0373-4ed5-aa95-319bd2982968",
    "color" : "#008EC2",
    "position" : {
      "x" : 4.236068,
      "y" : -11.09017,
      "z" : 35.888542
    },
    "orientation" : 25
  }, {
    "shape" : "cacc24ff-adb7-4151-92b7-ac1f813a7892",
    "color" : "#F2F2F2",
    "position" : {
      "x" : -17.944271,
      "y" : -11.09017,
      "z" : -22.18034
    }
  }, {
    "shape" : "99217ef9-0373-4ed5-aa95-319bd2982968",
    "color" : "#008EC2",
    "position" : {
      "x" : -22.18034,
      "y" : -17.944271,
      "z" : -11.09017
    },
    "orientation" : 22
  }, {
    "shape" : "cacc24ff-adb7-4151-92b7-ac1f813a7892",
    "color" : "#F2F2F2",
    "position" : {
      "x" : -29.034441,
      "y" : 6.854102,
      "z" : -6.854102
    }
  }, {
    "shape" : "7102318f-12dc-42c1-8961-03608765e5bd",
    "color" : "#008EC2",
    "position" : {
      "x" : 0.0,
      "y" : -17.944271,
      "z" : -11.09017
    },
    "orientation" : 39
  }, {
    "shape" : "99217ef9-0373-4ed5-aa95-319bd2982968",
    "color" : "#008EC2",
    "position" : {
      "x" : 11.09017,
      "y" : 35.888542,
      "z" : -4.236068
    },
    "orientation" : 24
  }, {
    "shape" : "99217ef9-0373-4ed5-aa95-319bd2982968",
    "color" : "#008EC2",
    "position" : {
      "x" : 17.944271,
      "y" : 24.798374,
      "z" : -22.18034
    },
    "orientation" : 36
  }, {
    "shape" : "99217ef9-0373-4ed5-aa95-319bd2982968",
    "color" : "#008EC2",
    "position" : {
      "x" : 0.0,
      "y" : -17.944271,
      "z" : 33.27051
    },
    "orientation" : 56
  }, {
    "shape" : "7102318f-12dc-42c1-8961-03608765e5bd",
    "color" : "#008EC2",
    "position" : {
      "x" : 17.944271,
      "y" : 33.27051,
      "z" : 0.0
    },
    "orientation" : 1
  }, {
    "shape" : "99217ef9-0373-4ed5-aa95-319bd2982968",
    "color" : "#008EC2",
    "position" : {
      "x" : -31.652475,
      "y" : 2.618034,
      "z" : 0.0
    },
    "orientation" : 10
  }, {
    "shape" : "cacc24ff-adb7-4151-92b7-ac1f813a7892",
    "color" : "#F2F2F2",
    "position" : {
      "x" : 0.0,
      "y" : 17.944271,
      "z" : 24.798374
    }
  }, {
    "shape" : "99217ef9-0373-4ed5-aa95-319bd2982968",
    "color" : "#008EC2",
    "position" : {
      "x" : 17.944271,
      "y" : 24.798374,
      "z" : 22.18034
    },
    "orientation" : 47
  }, {
    "shape" : "7102318f-12dc-42c1-8961-03608765e5bd",
    "color" : "#008EC2",
    "position" : {
      "x" : 33.27051,
      "y" : 0.0,
      "z" : 17.944271
    },
    "orientation" : 0
  }, {
    "shape" : "7102318f-12dc-42c1-8961-03608765e5bd",
    "color" : "#008EC2",
    "position" : {
      "x" : 0.0,
      "y" : -17.944271,
      "z" : 11.09017
    },
    "orientation" : 2
  }, {
    "shape" : "cacc24ff-adb7-4151-92b7-ac1f813a7892",
    "color" : "#F2F2F2",
    "position" : {
      "x" : 22.18034,
      "y" : -17.944271,
      "z" : 11.09017
    }
  }, {
    "shape" : "7102318f-12dc-42c1-8961-03608765e5bd",
    "color" : "#008EC2",
    "position" : {
      "x" : 24.798374,
      "y" : 22.18034,
      "z" : 17.944271
    },
    "orientation" : 10
  }, {
    "shape" : "99217ef9-0373-4ed5-aa95-319bd2982968",
    "color" : "#008EC2",
    "position" : {
      "x" : 11.09017,
      "y" : 22.18034,
      "z" : 17.944271
    },
    "orientation" : 52
  }, {
    "shape" : "cacc24ff-adb7-4151-92b7-ac1f813a7892",
    "color" : "#F2F2F2",
    "position" : {
      "x" : 0.0,
      "y" : 17.944271,
      "z" : -11.09017
    }
  }, {
    "shape" : "7102318f-12dc-42c1-8961-03608765e5bd",
    "color" : "#008EC2",
    "position" : {
      "x" : -11.09017,
      "y" : 0.0,
      "z" : 17.944271
    },
    "orientation" : 10
  }, {
    "shape" : "99217ef9-0373-4ed5-aa95-319bd2982968",
    "color" : "#008EC2",
    "position" : {
      "x" : -11.09017,
      "y" : -22.18034,
      "z" : 17.944271
    },
    "orientation" : 22
  }, {
    "shape" : "99217ef9-0373-4ed5-aa95-319bd2982968",
    "color" : "#008EC2",
    "position" : {
      "x" : -4.236068,
      "y" : 33.27051,
      "z" : 0.0
    },
    "orientation" : 38
  }, {
    "shape" : "7102318f-12dc-42c1-8961-03608765e5bd",
    "color" : "#008EC2",
    "position" : {
      "x" : 11.09017,
      "y" : 0.0,
      "z" : 17.944271
    },
    "orientation" : 21
  }, {
    "shape" : "99217ef9-0373-4ed5-aa95-319bd2982968",
    "color" : "#008EC2",
    "position" : {
      "x" : 22.18034,
      "y" : -17.944271,
      "z" : 11.09017
    },
    "orientation" : 36
  }, {
    "shape" : "cacc24ff-adb7-4151-92b7-ac1f813a7892",
    "color" : "#F2F2F2",
    "position" : {
      "x" : 46.978714,
      "y" : 0.0,
      "z" : 17.944271
    }
  }, {
    "shape" : "99217ef9-0373-4ed5-aa95-319bd2982968",
    "color" : "#008EC2",
    "position" : {
      "x" : 6.854102,
      "y" : -6.854102,
      "z" : -29.034441
    },
    "orientation" : 22
  }, {
    "shape" : "cacc24ff-adb7-4151-92b7-ac1f813a7892",
    "color" : "#F2F2F2",
    "position" : {
      "x" : -29.034441,
      "y" : 29.034441,
      "z" : 29.034441
    }
  }, {
    "shape" : "99217ef9-0373-4ed5-aa95-319bd2982968",
    "color" : "#008EC2",
    "position" : {
      "x" : -6.854102,
      "y" : 6.854102,
      "z" : -29.034441
    },
    "orientation" : 52
  }, {
    "shape" : "7102318f-12dc-42c1-8961-03608765e5bd",
    "color" : "#008EC2",
    "position" : {
      "x" : -11.09017,
      "y" : -35.888542,
      "z" : -4.236068
    },
    "orientation" : 39
  }, {
    "shape" : "cacc24ff-adb7-4151-92b7-ac1f813a7892",
    "color" : "#F2F2F2",
    "position" : {
      "x" : -17.944271,
      "y" : 24.798374,
      "z" : 0.0
    }
  }, {
    "shape" : "99217ef9-0373-4ed5-aa95-319bd2982968",
    "color" : "#008EC2",
    "position" : {
      "x" : 2.618034,
      "y" : 0.0,
      "z" : 31.652475
    },
    "orientation" : 24
  }, {
    "shape" : "99217ef9-0373-4ed5-aa95-319bd2982968",
    "color" : "#008EC2",
    "position" : {
      "x" : -6.854102,
      "y" : 29.034441,
      "z" : -6.854102
    },
    "orientation" : 51
  }, {
    "shape" : "fa653293-3d69-428f-b108-57733e747640",
    "color" : "#008EC2",
    "position" : {
      "x" : -15.326238,
      "y" : -29.034441,
      "z" : 6.854102
    },
    "orientation" : 51
  }, {
    "shape" : "99217ef9-0373-4ed5-aa95-319bd2982968",
    "color" : "#008EC2",
    "position" : {
      "x" : -17.944271,
      "y" : -24.798374,
      "z" : 22.18034
    },
    "orientation" : 47
  }, {
    "shape" : "99217ef9-0373-4ed5-aa95-319bd2982968",
    "color" : "#008EC2",
    "position" : {
      "x" : -22.18034,
      "y" : -17.944271,
      "z" : 24.798374
    },
    "orientation" : 0
  }, {
    "shape" : "cacc24ff-adb7-4151-92b7-ac1f813a7892",
    "color" : "#F2F2F2",
    "position" : {
      "x" : -29.034441,
      "y" : -6.854102,
      "z" : 6.854102
    }
  }, {
    "shape" : "cacc24ff-adb7-4151-92b7-ac1f813a7892",
    "color" : "#F2F2F2",
    "position" : {
      "x" : -17.944271,
      "y" : 11.09017,
      "z" : -22.18034
    }
  }, {
    "shape" : "99217ef9-0373-4ed5-aa95-319bd2982968",
    "color" : "#008EC2",
    "position" : {
      "x" : 11.09017,
      "y" : -22.18034,
      "z" : 17.944271
    },
    "orientation" : 7
  }, {
    "shape" : "99217ef9-0373-4ed5-aa95-319bd2982968",
    "color" : "#008EC2",
    "position" : {
      "x" : -4.236068,
      "y" : -33.27051,
      "z" : 0.0
    },
    "orientation" : 53
  }, {
    "shape" : "cacc24ff-adb7-4151-92b7-ac1f813a7892",
    "color" : "#F2F2F2",
    "position" : {
      "x" : 29.034441,
      "y" : -6.854102,
      "z" : -15.326238
    }
  }, {
    "shape" : "99217ef9-0373-4ed5-aa95-319bd2982968",
    "color" : "#008EC2",
    "position" : {
      "x" : 11.09017,
      "y" : -22.18034,
      "z" : -17.944271
    },
    "orientation" : 26
  }, {
    "shape" : "99217ef9-0373-4ed5-aa95-319bd2982968",
    "color" : "#008EC2",
    "position" : {
      "x" : -24.798374,
      "y" : -22.18034,
      "z" : 17.944271
    },
    "orientation" : 1
  }, {
    "shape" : "99217ef9-0373-4ed5-aa95-319bd2982968",
    "color" : "#008EC2",
    "position" : {
      "x" : -22.18034,
      "y" : 17.944271,
      "z" : -11.09017
    },
    "orientation" : 55
  }, {
    "shape" : "99217ef9-0373-4ed5-aa95-319bd2982968",
    "color" : "#008EC2",
    "position" : {
      "x" : 22.18034,
      "y" : -17.944271,
      "z" : 24.798374
    },
    "orientation" : 52
  }, {
    "shape" : "cacc24ff-adb7-4151-92b7-ac1f813a7892",
    "color" : "#F2F2F2",
    "position" : {
      "x" : -17.944271,
      "y" : -46.978714,
      "z" : 0.0
    }
  }, {
    "shape" : "99217ef9-0373-4ed5-aa95-319bd2982968",
    "color" : "#008EC2",
    "position" : {
      "x" : 13.708204,
      "y" : -26.416409,
      "z" : -11.09017
    },
    "orientation" : 41
  }, {
    "shape" : "99217ef9-0373-4ed5-aa95-319bd2982968",
    "color" : "#008EC2",
    "position" : {
      "x" : 6.854102,
      "y" : 6.854102,
      "z" : 29.034441
    },
    "orientation" : 39
  }, {
    "shape" : "cacc24ff-adb7-4151-92b7-ac1f813a7892",
    "color" : "#F2F2F2",
    "position" : {
      "x" : 2.618034,
      "y" : 0.0,
      "z" : -31.652475
    }
  }, {
    "shape" : "99217ef9-0373-4ed5-aa95-319bd2982968",
    "color" : "#008EC2",
    "position" : {
      "x" : 29.034441,
      "y" : 6.854102,
      "z" : 15.326238
    },
    "orientation" : 26
  }, {
    "shape" : "99217ef9-0373-4ed5-aa95-319bd2982968",
    "color" : "#008EC2",
    "position" : {
      "x" : -24.798374,
      "y" : -13.708204,
      "z" : -17.944271
    },
    "orientation" : 16
  }, {
    "shape" : "cacc24ff-adb7-4151-92b7-ac1f813a7892",
    "color" : "#F2F2F2",
    "position" : {
      "x" : -46.978714,
      "y" : 0.0,
      "z" : 17.944271
    }
  }, {
    "shape" : "cacc24ff-adb7-4151-92b7-ac1f813a7892",
    "color" : "#F2F2F2",
    "position" : {
      "x" : -4.236068,
      "y" : -11.09017,
      "z" : -35.888542
    }
  }, {
    "shape" : "99217ef9-0373-4ed5-aa95-319bd2982968",
    "color" : "#008EC2",
    "position" : {
      "x" : -24.798374,
      "y" : 0.0,
      "z" : -17.944271
    },
    "orientation" : 45
  }, {
    "shape" : "cacc24ff-adb7-4151-92b7-ac1f813a7892",
    "color" : "#F2F2F2",
    "position" : {
      "x" : -33.27051,
      "y" : 0.0,
      "z" : -17.944271
    }
  }, {
    "shape" : "7102318f-12dc-42c1-8961-03608765e5bd",
    "color" : "#008EC2",
    "position" : {
      "x" : 0.0,
      "y" : 17.944271,
      "z" : 11.09017
    },
    "orientation" : 38
  }, {
    "shape" : "cacc24ff-adb7-4151-92b7-ac1f813a7892",
    "color" : "#F2F2F2",
    "position" : {
      "x" : 13.708204,
      "y" : 17.944271,
      "z" : -24.798374
    }
  }, {
    "shape" : "99217ef9-0373-4ed5-aa95-319bd2982968",
    "color" : "#008EC2",
    "position" : {
      "x" : 17.944271,
      "y" : -11.09017,
      "z" : -22.18034
    },
    "orientation" : 24
  }, {
    "shape" : "99217ef9-0373-4ed5-aa95-319bd2982968",
    "color" : "#008EC2",
    "position" : {
      "x" : 0.0,
      "y" : 4.236068,
      "z" : -33.27051
    },
    "orientation" : 6
  }, {
    "shape" : "99217ef9-0373-4ed5-aa95-319bd2982968",
    "color" : "#008EC2",
    "position" : {
      "x" : -24.798374,
      "y" : 0.0,
      "z" : 17.944271
    },
    "orientation" : 16
  }, {
    "shape" : "cacc24ff-adb7-4151-92b7-ac1f813a7892",
    "color" : "#F2F2F2",
    "position" : {
      "x" : 11.09017,
      "y" : 22.18034,
      "z" : -17.944271
    }
  }, {
    "shape" : "cacc24ff-adb7-4151-92b7-ac1f813a7892",
    "color" : "#F2F2F2",
    "position" : {
      "x" : 6.854102,
      "y" : 6.854102,
      "z" : 29.034441
    }
  }, {
    "shape" : "fa653293-3d69-428f-b108-57733e747640",
    "color" : "#008EC2",
    "position" : {
      "x" : 0.0,
      "y" : -4.236068,
      "z" : 33.27051
    },
    "orientation" : 54
  }, {
    "shape" : "fa653293-3d69-428f-b108-57733e747640",
    "color" : "#008EC2",
    "position" : {
      "x" : -15.326238,
      "y" : 29.034441,
      "z" : -6.854102
    },
    "orientation" : 36
  }, {
    "shape" : "cacc24ff-adb7-4151-92b7-ac1f813a7892",
    "color" : "#F2F2F2",
    "position" : {
      "x" : -17.944271,
      "y" : -24.798374,
      "z" : 22.18034
    }
  }, {
    "shape" : "99217ef9-0373-4ed5-aa95-319bd2982968",
    "color" : "#008EC2",
    "position" : {
      "x" : 24.798374,
      "y" : -8.472136,
      "z" : -17.944271
    },
    "orientation" : 53
  }, {
    "shape" : "99217ef9-0373-4ed5-aa95-319bd2982968",
    "color" : "#008EC2",
    "position" : {
      "x" : 29.034441,
      "y" : -6.854102,
      "z" : -6.854102
    },
    "orientation" : 10
  }, {
    "shape" : "99217ef9-0373-4ed5-aa95-319bd2982968",
    "color" : "#008EC2",
    "position" : {
      "x" : 11.09017,
      "y" : -13.708204,
      "z" : -26.416409
    },
    "orientation" : 54
  }, {
    "shape" : "99217ef9-0373-4ed5-aa95-319bd2982968",
    "color" : "#008EC2",
    "position" : {
      "x" : -15.326238,
      "y" : -29.034441,
      "z" : 6.854102
    },
    "orientation" : 24
  }, {
    "shape" : "7102318f-12dc-42c1-8961-03608765e5bd",
    "color" : "#008EC2",
    "position" : {
      "x" : -35.888542,
      "y" : 4.236068,
      "z" : 11.09017
    },
    "orientation" : 41
  }, {
    "shape" : "99217ef9-0373-4ed5-aa95-319bd2982968",
    "color" : "#008EC2",
    "position" : {
      "x" : 22.18034,
      "y" : -17.944271,
      "z" : 11.09017
    },
    "orientation" : 37
  }, {
    "shape" : "cacc24ff-adb7-4151-92b7-ac1f813a7892",
    "color" : "#F2F2F2",
    "position" : {
      "x" : -17.944271,
      "y" : -33.27051,
      "z" : 0.0
    }
  }, {
    "shape" : "99217ef9-0373-4ed5-aa95-319bd2982968",
    "color" : "#008EC2",
    "position" : {
      "x" : 4.236068,
      "y" : 11.09017,
      "z" : 35.888542
    },
    "orientation" : 36
  }, {
    "shape" : "99217ef9-0373-4ed5-aa95-319bd2982968",
    "color" : "#008EC2",
    "position" : {
      "x" : -15.326238,
      "y" : -29.034441,
      "z" : -6.854102
    },
    "orientation" : 40
  }, {
    "shape" : "7102318f-12dc-42c1-8961-03608765e5bd",
    "color" : "#008EC2",
    "position" : {
      "x" : -11.09017,
      "y" : 0.0,
      "z" : 17.944271
    },
    "orientation" : 51
  }, {
    "shape" : "7102318f-12dc-42c1-8961-03608765e5bd",
    "color" : "#008EC2",
    "position" : {
      "x" : 4.236068,
      "y" : 11.09017,
      "z" : -35.888542
    },
    "orientation" : 55
  }, {
    "shape" : "99217ef9-0373-4ed5-aa95-319bd2982968",
    "color" : "#008EC2",
    "position" : {
      "x" : -6.854102,
      "y" : 15.326238,
      "z" : -29.034441
    },
    "orientation" : 25
  }, {
    "shape" : "cacc24ff-adb7-4151-92b7-ac1f813a7892",
    "color" : "#F2F2F2",
    "position" : {
      "x" : 0.0,
      "y" : 4.236068,
      "z" : -33.27051
    }
  }, {
    "shape" : "cacc24ff-adb7-4151-92b7-ac1f813a7892",
    "color" : "#F2F2F2",
    "position" : {
      "x" : 17.944271,
      "y" : -33.27051,
      "z" : 0.0
    }
  }, {
    "shape" : "7102318f-12dc-42c1-8961-03608765e5bd",
    "color" : "#008EC2",
    "position" : {
      "x" : -22.18034,
      "y" : -17.944271,
      "z" : -24.798374
    },
    "orientation" : 36
  }, {
    "shape" : "99217ef9-0373-4ed5-aa95-319bd2982968",
    "color" : "#008EC2",
    "position" : {
      "x" : -26.416409,
      "y" : -11.09017,
      "z" : -13.708204
    },
    "orientation" : 21
  }, {
    "shape" : "fa653293-3d69-428f-b108-57733e747640",
    "color" : "#008EC2",
    "position" : {
      "x" : 11.09017,
      "y" : 13.708204,
      "z" : -26.416409
    },
    "orientation" : 9
  }, {
    "shape" : "99217ef9-0373-4ed5-aa95-319bd2982968",
    "color" : "#008EC2",
    "position" : {
      "x" : 22.18034,
      "y" : -17.944271,
      "z" : -24.798374
    },
    "orientation" : 45
  }, {
    "shape" : "99217ef9-0373-4ed5-aa95-319bd2982968",
    "color" : "#008EC2",
    "position" : {
      "x" : 26.416409,
      "y" : 11.09017,
      "z" : 13.708204
    },
    "orientation" : 25
  }, {
    "shape" : "cacc24ff-adb7-4151-92b7-ac1f813a7892",
    "color" : "#F2F2F2",
    "position" : {
      "x" : -17.944271,
      "y" : -24.798374,
      "z" : -22.18034
    }
  }, {
    "shape" : "99217ef9-0373-4ed5-aa95-319bd2982968",
    "color" : "#008EC2",
    "position" : {
      "x" : -4.236068,
      "y" : 11.09017,
      "z" : 35.888542
    },
    "orientation" : 55
  }, {
    "shape" : "99217ef9-0373-4ed5-aa95-319bd2982968",
    "color" : "#008EC2",
    "position" : {
      "x" : 6.854102,
      "y" : -15.326238,
      "z" : 29.034441
    },
    "orientation" : 41
  }, {
    "shape" : "fa653293-3d69-428f-b108-57733e747640",
    "color" : "#008EC2",
    "position" : {
      "x" : 2.618034,
      "y" : 0.0,
      "z" : -31.652475
    },
    "orientation" : 36
  }, {
    "shape" : "cacc24ff-adb7-4151-92b7-ac1f813a7892",
    "color" : "#F2F2F2",
    "position" : {
      "x" : -11.09017,
      "y" : -35.888542,
      "z" : -4.236068
    }
  }, {
    "shape" : "99217ef9-0373-4ed5-aa95-319bd2982968",
    "color" : "#008EC2",
    "position" : {
      "x" : 29.034441,
      "y" : -6.854102,
      "z" : 15.326238
    },
    "orientation" : 9
  }, {
    "shape" : "99217ef9-0373-4ed5-aa95-319bd2982968",
    "color" : "#008EC2",
    "position" : {
      "x" : 6.854102,
      "y" : 15.326238,
      "z" : 29.034441
    },
    "orientation" : 40
  }, {
    "shape" : "cacc24ff-adb7-4151-92b7-ac1f813a7892",
    "color" : "#F2F2F2",
    "position" : {
      "x" : 11.09017,
      "y" : 22.18034,
      "z" : 17.944271
    }
  }, {
    "shape" : "fa653293-3d69-428f-b108-57733e747640",
    "color" : "#008EC2",
    "position" : {
      "x" : -6.854102,
      "y" : -15.326238,
      "z" : 29.034441
    },
    "orientation" : 22
  }, {
    "shape" : "99217ef9-0373-4ed5-aa95-319bd2982968",
    "color" : "#008EC2",
    "position" : {
      "x" : 13.708204,
      "y" : 26.416409,
      "z" : -11.09017
    },
    "orientation" : 22
  }, {
    "shape" : "99217ef9-0373-4ed5-aa95-319bd2982968",
    "color" : "#008EC2",
    "position" : {
      "x" : 17.944271,
      "y" : 24.798374,
      "z" : -13.708204
    },
    "orientation" : 47
  }, {
    "shape" : "99217ef9-0373-4ed5-aa95-319bd2982968",
    "color" : "#008EC2",
    "position" : {
      "x" : 24.798374,
      "y" : 8.472136,
      "z" : 17.944271
    },
    "orientation" : 38
  }, {
    "shape" : "99217ef9-0373-4ed5-aa95-319bd2982968",
    "color" : "#008EC2",
    "position" : {
      "x" : -13.708204,
      "y" : 26.416409,
      "z" : -11.09017
    },
    "orientation" : 11
  }, {
    "shape" : "cacc24ff-adb7-4151-92b7-ac1f813a7892",
    "color" : "#F2F2F2",
    "position" : {
      "x" : -24.798374,
      "y" : -8.472136,
      "z" : -17.944271
    }
  }, {
    "shape" : "7102318f-12dc-42c1-8961-03608765e5bd",
    "color" : "#008EC2",
    "position" : {
      "x" : 0.0,
      "y" : -17.944271,
      "z" : -11.09017
    },
