{
  "polygons" : "true",
  "field" : "golden",
  "symmetry" : "icosahedral",
  "orientations" : [ [ 1.0, 0.0, 0.0, 0.0, 0.0, 1.0, 0.0, 0.0, 0.0, 0.0, 1.0, 0.0, 0.0, 0.0, 0.0, 1.0 ], [ 0.0, 0.0, 1.0, 0.0, 1.0, 0.0, 0.0, 0.0, 0.0, 1.0, 0.0, 0.0, 0.0, 0.0, 0.0, 1.0 ], [ 0.0, 1.0, 0.0, 0.0, 0.0, 0.0, 1.0, 0.0, 1.0, 0.0, 0.0, 0.0, 0.0, 0.0, 0.0, 1.0 ], [ 0.809017, 0.309017, 0.5, 0.0, 0.309017, 0.5, -0.809017, 0.0, -0.5, 0.809017, 0.309017, 0.0, 0.0, 0.0, 0.0, 1.0 ], [ -0.5, 0.809017, 0.309017, 0.0, 0.809017, 0.309017, 0.5, 0.0, 0.309017, 0.5, -0.809017, 0.0, 0.0, 0.0, 0.0, 1.0 ], [ 0.309017, 0.5, -0.809017, 0.0, -0.5, 0.809017, 0.309017, 0.0, 0.809017, 0.309017, 0.5, 0.0, 0.0, 0.0, 0.0, 1.0 ], [ 0.5, 0.809017, 0.309017, 0.0, 0.809017, -0.309017, -0.5, 0.0, -0.309017, 0.5, -0.809017, 0.0, 0.0, 0.0, 0.0, 1.0 ], [ -0.309017, 0.5, -0.809017, 0.0, 0.5, 0.809017, 0.309017, 0.0, 0.809017, -0.309017, -0.5, 0.0, 0.0, 0.0, 0.0, 1.0 ], [ 0.809017, -0.309017, -0.5, 0.0, -0.309017, 0.5, -0.809017, 0.0, 0.5, 0.809017, 0.309017, 0.0, 0.0, 0.0, 0.0, 1.0 ], [ 0.5, 0.809017, -0.309017, 0.0, 0.809017, -0.309017, 0.5, 0.0, 0.309017, -0.5, -0.809017, 0.0, 0.0, 0.0, 0.0, 1.0 ], [ 0.309017, -0.5, -0.809017, 0.0, 0.5, 0.809017, -0.309017, 0.0, 0.809017, -0.309017, 0.5, 0.0, 0.0, 0.0, 0.0, 1.0 ], [ 0.809017, -0.309017, 0.5, 0.0, 0.309017, -0.5, -0.809017, 0.0, 0.5, 0.809017, -0.309017, 0.0, 0.0, 0.0, 0.0, 1.0 ], [ 0.809017, 0.309017, -0.5, 0.0, 0.309017, 0.5, 0.809017, 0.0, 0.5, -0.809017, 0.309017, 0.0, 0.0, 0.0, 0.0, 1.0 ], [ 0.5, -0.809017, 0.309017, 0.0, 0.809017, 0.309017, -0.5, 0.0, 0.309017, 0.5, 0.809017, 0.0, 0.0, 0.0, 0.0, 1.0 ], [ 0.309017, 0.5, 0.809017, 0.0, 0.5, -0.809017, 0.309017, 0.0, 0.809017, 0.309017, -0.5, 0.0, 0.0, 0.0, 0.0, 1.0 ], [ 1.0, 0.0, 0.0, 0.0, 0.0, -1.0, 0.0, 0.0, 0.0, 0.0, -1.0, 0.0, 0.0, 0.0, 0.0, 1.0 ], [ 0.0, 0.0, 1.0, 0.0, -1.0, 0.0, 0.0, 0.0, 0.0, -1.0, 0.0, 0.0, 0.0, 0.0, 0.0, 1.0 ], [ 0.0, 1.0, 0.0, 0.0, 0.0, 0.0, -1.0, 0.0, -1.0, 0.0, 0.0, 0.0, 0.0, 0.0, 0.0, 1.0 ], [ 0.809017, 0.309017, 0.5, 0.0, -0.309017, -0.5, 0.809017, 0.0, 0.5, -0.809017, -0.309017, 0.0, 0.0, 0.0, 0.0, 1.0 ], [ -0.5, 0.809017, 0.309017, 0.0, -0.809017, -0.309017, -0.5, 0.0, -0.309017, -0.5, 0.809017, 0.0, 0.0, 0.0, 0.0, 1.0 ], [ 0.309017, 0.5, -0.809017, 0.0, 0.5, -0.809017, -0.309017, 0.0, -0.809017, -0.309017, -0.5, 0.0, 0.0, 0.0, 0.0, 1.0 ], [ 0.5, 0.809017, 0.309017, 0.0, -0.809017, 0.309017, 0.5, 0.0, 0.309017, -0.5, 0.809017, 0.0, 0.0, 0.0, 0.0, 1.0 ], [ -0.309017, 0.5, -0.809017, 0.0, -0.5, -0.809017, -0.309017, 0.0, -0.809017, 0.309017, 0.5, 0.0, 0.0, 0.0, 0.0, 1.0 ], [ 0.809017, -0.309017, -0.5, 0.0, 0.309017, -0.5, 0.809017, 0.0, -0.5, -0.809017, -0.309017, 0.0, 0.0, 0.0, 0.0, 1.0 ], [ 0.5, 0.809017, -0.309017, 0.0, -0.809017, 0.309017, -0.5, 0.0, -0.309017, 0.5, 0.809017, 0.0, 0.0, 0.0, 0.0, 1.0 ], [ 0.309017, -0.5, -0.809017, 0.0, -0.5, -0.809017, 0.309017, 0.0, -0.809017, 0.309017, -0.5, 0.0, 0.0, 0.0, 0.0, 1.0 ], [ 0.809017, -0.309017, 0.5, 0.0, -0.309017, 0.5, 0.809017, 0.0, -0.5, -0.809017, 0.309017, 0.0, 0.0, 0.0, 0.0, 1.0 ], [ 0.809017, 0.309017, -0.5, 0.0, -0.309017, -0.5, -0.809017, 0.0, -0.5, 0.809017, -0.309017, 0.0, 0.0, 0.0, 0.0, 1.0 ], [ 0.5, -0.809017, 0.309017, 0.0, -0.809017, -0.309017, 0.5, 0.0, -0.309017, -0.5, -0.809017, 0.0, 0.0, 0.0, 0.0, 1.0 ], [ 0.309017, 0.5, 0.809017, 0.0, -0.5, 0.809017, -0.309017, 0.0, -0.809017, -0.309017, 0.5, 0.0, 0.0, 0.0, 0.0, 1.0 ], [ -1.0, 0.0, 0.0, 0.0, 0.0, -1.0, 0.0, 0.0, 0.0, 0.0, 1.0, 0.0, 0.0, 0.0, 0.0, 1.0 ], [ 0.0, 0.0, -1.0, 0.0, -1.0, 0.0, 0.0, 0.0, 0.0, 1.0, 0.0, 0.0, 0.0, 0.0, 0.0, 1.0 ], [ 0.0, -1.0, 0.0, 0.0, 0.0, 0.0, -1.0, 0.0, 1.0, 0.0, 0.0, 0.0, 0.0, 0.0, 0.0, 1.0 ], [ -0.809017, -0.309017, -0.5, 0.0, -0.309017, -0.5, 0.809017, 0.0, -0.5, 0.809017, 0.309017, 0.0, 0.0, 0.0, 0.0, 1.0 ], [ 0.5, -0.809017, -0.309017, 0.0, -0.809017, -0.309017, -0.5, 0.0, 0.309017, 0.5, -0.809017, 0.0, 0.0, 0.0, 0.0, 1.0 ], [ -0.309017, -0.5, 0.809017, 0.0, 0.5, -0.809017, -0.309017, 0.0, 0.809017, 0.309017, 0.5, 0.0, 0.0, 0.0, 0.0, 1.0 ], [ -0.5, -0.809017, -0.309017, 0.0, -0.809017, 0.309017, 0.5, 0.0, -0.309017, 0.5, -0.809017, 0.0, 0.0, 0.0, 0.0, 1.0 ], [ 0.309017, -0.5, 0.809017, 0.0, -0.5, -0.809017, -0.309017, 0.0, 0.809017, -0.309017, -0.5, 0.0, 0.0, 0.0, 0.0, 1.0 ], [ -0.809017, 0.309017, 0.5, 0.0, 0.309017, -0.5, 0.809017, 0.0, 0.5, 0.809017, 0.309017, 0.0, 0.0, 0.0, 0.0, 1.0 ], [ -0.5, -0.809017, 0.309017, 0.0, -0.809017, 0.309017, -0.5, 0.0, 0.309017, -0.5, -0.809017, 0.0, 0.0, 0.0, 0.0, 1.0 ], [ -0.309017, 0.5, 0.809017, 0.0, -0.5, -0.809017, 0.309017, 0.0, 0.809017, -0.309017, 0.5, 0.0, 0.0, 0.0, 0.0, 1.0 ], [ -0.809017, 0.309017, -0.5, 0.0, -0.309017, 0.5, 0.809017, 0.0, 0.5, 0.809017, -0.309017, 0.0, 0.0, 0.0, 0.0, 1.0 ], [ -0.809017, -0.309017, 0.5, 0.0, -0.309017, -0.5, -0.809017, 0.0, 0.5, -0.809017, 0.309017, 0.0, 0.0, 0.0, 0.0, 1.0 ], [ -0.5, 0.809017, -0.309017, 0.0, -0.809017, -0.309017, 0.5, 0.0, 0.309017, 0.5, 0.809017, 0.0, 0.0, 0.0, 0.0, 1.0 ], [ -0.309017, -0.5, -0.809017, 0.0, -0.5, 0.809017, -0.309017, 0.0, 0.809017, 0.309017, -0.5, 0.0, 0.0, 0.0, 0.0, 1.0 ], [ -1.0, 0.0, 0.0, 0.0, 0.0, 1.0, 0.0, 0.0, 0.0, 0.0, -1.0, 0.0, 0.0, 0.0, 0.0, 1.0 ], [ 0.0, 0.0, -1.0, 0.0, 1.0, 0.0, 0.0, 0.0, 0.0, -1.0, 0.0, 0.0, 0.0, 0.0, 0.0, 1.0 ], [ 0.0, -1.0, 0.0, 0.0, 0.0, 0.0, 1.0, 0.0, -1.0, 0.0, 0.0, 0.0, 0.0, 0.0, 0.0, 1.0 ], [ -0.809017, -0.309017, -0.5, 0.0, 0.309017, 0.5, -0.809017, 0.0, 0.5, -0.809017, -0.309017, 0.0, 0.0, 0.0, 0.0, 1.0 ], [ 0.5, -0.809017, -0.309017, 0.0, 0.809017, 0.309017, 0.5, 0.0, -0.309017, -0.5, 0.809017, 0.0, 0.0, 0.0, 0.0, 1.0 ], [ -0.309017, -0.5, 0.809017, 0.0, -0.5, 0.809017, 0.309017, 0.0, -0.809017, -0.309017, -0.5, 0.0, 0.0, 0.0, 0.0, 1.0 ], [ -0.5, -0.809017, -0.309017, 0.0, 0.809017, -0.309017, -0.5, 0.0, 0.309017, -0.5, 0.809017, 0.0, 0.0, 0.0, 0.0, 1.0 ], [ 0.309017, -0.5, 0.809017, 0.0, 0.5, 0.809017, 0.309017, 0.0, -0.809017, 0.309017, 0.5, 0.0, 0.0, 0.0, 0.0, 1.0 ], [ -0.809017, 0.309017, 0.5, 0.0, -0.309017, 0.5, -0.809017, 0.0, -0.5, -0.809017, -0.309017, 0.0, 0.0, 0.0, 0.0, 1.0 ], [ -0.5, -0.809017, 0.309017, 0.0, 0.809017, -0.309017, 0.5, 0.0, -0.309017, 0.5, 0.809017, 0.0, 0.0, 0.0, 0.0, 1.0 ], [ -0.309017, 0.5, 0.809017, 0.0, 0.5, 0.809017, -0.309017, 0.0, -0.809017, 0.309017, -0.5, 0.0, 0.0, 0.0, 0.0, 1.0 ], [ -0.809017, 0.309017, -0.5, 0.0, 0.309017, -0.5, -0.809017, 0.0, -0.5, -0.809017, 0.309017, 0.0, 0.0, 0.0, 0.0, 1.0 ], [ -0.809017, -0.309017, 0.5, 0.0, 0.309017, 0.5, 0.809017, 0.0, -0.5, 0.809017, -0.309017, 0.0, 0.0, 0.0, 0.0, 1.0 ], [ -0.5, 0.809017, -0.309017, 0.0, 0.809017, 0.309017, -0.5, 0.0, -0.309017, -0.5, -0.809017, 0.0, 0.0, 0.0, 0.0, 1.0 ], [ -0.309017, -0.5, -0.809017, 0.0, 0.5, -0.809017, 0.309017, 0.0, -0.809017, -0.309017, 0.5, 0.0, 0.0, 0.0, 0.0, 1.0 ] ],
  "lights" : {
    "directionalLights" : [ {
      "direction" : [ 1.0, -1.0, -1.0 ],
      "color" : "#EBEBE4"
    }, {
      "direction" : [ -1.0, 0.0, 0.0 ],
      "color" : "#E4E4EB"
    }, {
      "direction" : [ 0.0, 0.0, -1.0 ],
      "color" : "#1E1E1E"
    } ],
    "ambientColor" : "#292929",
    "backgroundColor" : "#AFC8DC"
  },
  "camera" : {
    "width" : 77.50728,
    "position" : {
      "x" : -143.99475,
      "y" : 48.352856,
      "z" : 85.39038
    },
    "fieldOfView" : 0.4426289,
    "viewDistance" : 172.23839,
    "upDirectionRV" : {
      "x" : 0.1792657,
      "y" : 0.9830109,
      "z" : 0.039465338,
      "zero" : false
    },
    "lookDirectionRV" : {
      "x" : 0.83602005,
      "y" : -0.23428492,
      "z" : -0.49576858,
      "zero" : false
    },
    "lookAtPointRV" : {
      "x" : 0.0,
      "y" : 8.0,
      "z" : 0.0,
      "zero" : false
    },
    "perspective" : true,
    "nearClipDistance" : 0.430596,
    "stereo" : false,
    "lookAtPoint" : {
      "x" : 0.0,
      "y" : 8.0,
      "z" : 0.0
    },
    "upDirection" : {
      "x" : 0.1792657,
      "y" : 0.9830109,
      "z" : 0.039465338
    },
    "lookDirection" : {
      "x" : 0.83602005,
      "y" : -0.23428492,
      "z" : -0.49576858
    },
    "farClipDistance" : 344.47687
  },
  "embedding" : [ 1.0, 0.0, 0.0, 0.0, 0.0, 1.0, 0.0, 0.0, 0.0, 0.0, 1.0, 0.0, 0.0, 0.0, 0.0, 1.0 ],
  "shapes" : [ {
    "id" : "86b04be3-e0cd-4a6a-b564-f387e8e10db7",
    "name" : "ball",
    "vertices" : [ {
      "x" : 0.309017,
      "y" : -0.809017,
      "z" : 0.618034
    }, {
      "x" : 0.809017,
      "y" : -0.618034,
      "z" : 0.309017
    }, {
      "x" : 0.618034,
      "y" : -0.309017,
      "z" : 0.809017
    }, {
      "x" : 1.0,
      "y" : 0.309017,
      "z" : 0.19098301
    }, {
      "x" : 0.809017,
      "y" : 0.618034,
      "z" : 0.309017
    }, {
      "x" : 0.618034,
      "y" : 0.309017,
      "z" : 0.809017
    }, {
      "x" : 0.809017,
      "y" : 0.0,
      "z" : 0.690983
    }, {
      "x" : 0.19098301,
      "y" : -1.0,
      "z" : 0.309017
    }, {
      "x" : -0.19098301,
      "y" : -1.0,
      "z" : 0.309017
    }, {
      "x" : -0.19098301,
      "y" : -1.0,
      "z" : -0.309017
    }, {
      "x" : 0.19098301,
      "y" : -1.0,
      "z" : -0.309017
    }, {
      "x" : 1.0,
      "y" : -0.309017,
      "z" : -0.19098301
    }, {
      "x" : 0.809017,
      "y" : -0.618034,
      "z" : -0.309017
    }, {
      "x" : 0.618034,
      "y" : -0.309017,
      "z" : -0.809017
    }, {
      "x" : 0.809017,
      "y" : 0.0,
      "z" : -0.690983
    }, {
      "x" : 0.0,
      "y" : 0.690983,
      "z" : -0.809017
    }, {
      "x" : 0.309017,
      "y" : 0.809017,
      "z" : -0.618034
    }, {
      "x" : 0.618034,
      "y" : 0.309017,
      "z" : -0.809017
    }, {
      "x" : 0.309017,
      "y" : 0.19098301,
      "z" : -1.0
    }, {
      "x" : 1.0,
      "y" : 0.309017,
      "z" : -0.19098301
    }, {
      "x" : -0.309017,
      "y" : -0.809017,
      "z" : 0.618034
    }, {
      "x" : 0.0,
      "y" : -0.690983,
      "z" : 0.809017
    }, {
      "x" : 0.809017,
      "y" : 0.618034,
      "z" : -0.309017
    }, {
      "x" : 0.690983,
      "y" : 0.809017,
      "z" : 0.0
    }, {
      "x" : -0.690983,
      "y" : 0.809017,
      "z" : 0.0
    }, {
      "x" : -0.809017,
      "y" : 0.618034,
      "z" : 0.309017
    }, {
      "x" : -0.309017,
      "y" : 0.809017,
      "z" : 0.618034
    }, {
      "x" : -0.19098301,
      "y" : 1.0,
      "z" : 0.309017
    }, {
      "x" : 0.309017,
      "y" : -0.19098301,
      "z" : -1.0
    }, {
      "x" : 0.19098301,
      "y" : 1.0,
      "z" : 0.309017
    }, {
      "x" : 0.309017,
      "y" : 0.809017,
      "z" : 0.618034
    }, {
      "x" : -0.809017,
      "y" : -0.618034,
      "z" : 0.309017
    }, {
      "x" : -0.690983,
      "y" : -0.809017,
      "z" : 0.0
    }, {
      "x" : 0.0,
      "y" : 0.690983,
      "z" : 0.809017
    }, {
      "x" : 0.309017,
      "y" : -0.809017,
      "z" : -0.618034
    }, {
      "x" : 0.0,
      "y" : -0.690983,
      "z" : -0.809017
    }, {
      "x" : -1.0,
      "y" : 0.309017,
      "z" : 0.19098301
    }, {
      "x" : -0.809017,
      "y" : 0.0,
      "z" : 0.690983
    }, {
      "x" : -0.618034,
      "y" : 0.309017,
      "z" : 0.809017
    }, {
      "x" : 1.0,
      "y" : -0.309017,
      "z" : 0.19098301
    }, {
      "x" : -0.309017,
      "y" : -0.809017,
      "z" : -0.618034
    }, {
      "x" : -1.0,
      "y" : 0.309017,
      "z" : -0.19098301
    }, {
      "x" : -1.0,
      "y" : -0.309017,
      "z" : -0.19098301
    }, {
      "x" : -1.0,
      "y" : -0.309017,
      "z" : 0.19098301
    }, {
      "x" : 0.19098301,
      "y" : 1.0,
      "z" : -0.309017
    }, {
      "x" : -0.809017,
      "y" : 0.618034,
      "z" : -0.309017
    }, {
      "x" : -0.19098301,
      "y" : 1.0,
      "z" : -0.309017
    }, {
      "x" : -0.309017,
      "y" : 0.809017,
      "z" : -0.618034
    }, {
      "x" : -0.618034,
      "y" : -0.309017,
      "z" : 0.809017
    }, {
      "x" : 0.309017,
      "y" : 0.19098301,
      "z" : 1.0
    }, {
      "x" : -0.309017,
      "y" : 0.19098301,
      "z" : -1.0
    }, {
      "x" : -0.309017,
      "y" : 0.19098301,
      "z" : 1.0
    }, {
      "x" : -0.309017,
      "y" : -0.19098301,
      "z" : 1.0
    }, {
      "x" : 0.309017,
      "y" : -0.19098301,
      "z" : 1.0
    }, {
      "x" : 0.690983,
      "y" : -0.809017,
      "z" : 0.0
    }, {
      "x" : -0.809017,
      "y" : 0.0,
      "z" : -0.690983
    }, {
      "x" : -0.618034,
      "y" : -0.309017,
      "z" : -0.809017
    }, {
      "x" : -0.309017,
      "y" : -0.19098301,
      "z" : -1.0
    }, {
      "x" : -0.618034,
      "y" : 0.309017,
      "z" : -0.809017
    }, {
      "x" : -0.809017,
      "y" : -0.618034,
      "z" : -0.309017
    } ],
    "faces" : [ {
      "vertices" : [ 9, 40, 35, 34, 10 ]
    }, {
      "vertices" : [ 0, 1, 2 ]
    }, {
      "vertices" : [ 33, 51, 49 ]
    }, {
      "vertices" : [ 25, 36, 37, 38 ]
    }, {
      "vertices" : [ 41, 55, 42 ]
    }, {
      "vertices" : [ 9, 32, 59, 40 ]
    }, {
      "vertices" : [ 20, 21, 52, 48 ]
    }, {
      "vertices" : [ 26, 33, 30, 29, 27 ]
    }, {
      "vertices" : [ 3, 4, 5, 6 ]
    }, {
      "vertices" : [ 27, 29, 44, 46 ]
    }, {
      "vertices" : [ 50, 57, 56, 55, 58 ]
    }, {
      "vertices" : [ 26, 38, 51, 33 ]
    }, {
      "vertices" : [ 45, 47, 58 ]
    }, {
      "vertices" : [ 18, 28, 57, 50 ]
    }, {
      "vertices" : [ 40, 59, 56 ]
    }, {
      "vertices" : [ 31, 48, 37, 43 ]
    }, {
      "vertices" : [ 7, 8, 9, 10 ]
    }, {
      "vertices" : [ 36, 41, 42, 43 ]
    }, {
      "vertices" : [ 24, 46, 47, 45 ]
    }, {
      "vertices" : [ 4, 30, 5 ]
    }, {
      "vertices" : [ 15, 47, 46, 44, 16 ]
    }, {
      "vertices" : [ 15, 50, 58, 47 ]
    }, {
      "vertices" : [ 24, 45, 41, 36, 25 ]
    }, {
      "vertices" : [ 11, 14, 19 ]
    }, {
      "vertices" : [ 3, 6, 39 ]
    }, {
      "vertices" : [ 1, 39, 6, 2 ]
    }, {
      "vertices" : [ 8, 32, 9 ]
    }, {
      "vertices" : [ 11, 12, 13, 14 ]
    }, {
      "vertices" : [ 16, 22, 17 ]
    }, {
      "vertices" : [ 0, 21, 20, 8, 7 ]
    }, {
      "vertices" : [ 12, 34, 13 ]
    }, {
      "vertices" : [ 35, 40, 56, 57 ]
    }, {
      "vertices" : [ 0, 7, 54, 1 ]
    }, {
      "vertices" : [ 15, 16, 17, 18 ]
    }, {
      "vertices" : [ 3, 19, 22, 23, 4 ]
    }, {
      "vertices" : [ 7, 10, 54 ]
    }, {
      "vertices" : [ 41, 45, 58, 55 ]
    }, {
      "vertices" : [ 3, 39, 11, 19 ]
    }, {
      "vertices" : [ 14, 17, 22, 19 ]
    }, {
      "vertices" : [ 0, 2, 53, 21 ]
    }, {
      "vertices" : [ 49, 51, 52, 53 ]
    }, {
      "vertices" : [ 31, 43, 42, 59, 32 ]
    }, {
      "vertices" : [ 15, 18, 50 ]
    }, {
      "vertices" : [ 42, 55, 56, 59 ]
    }, {
      "vertices" : [ 4, 23, 29, 30 ]
    }, {
      "vertices" : [ 25, 38, 26 ]
    }, {
      "vertices" : [ 13, 28, 18, 17, 14 ]
    }, {
      "vertices" : [ 8, 20, 31, 32 ]
    }, {
      "vertices" : [ 23, 44, 29 ]
    }, {
      "vertices" : [ 24, 27, 46 ]
    }, {
      "vertices" : [ 37, 48, 52, 51, 38 ]
    }, {
      "vertices" : [ 20, 48, 31 ]
    }, {
      "vertices" : [ 24, 25, 26, 27 ]
    }, {
      "vertices" : [ 16, 44, 23, 22 ]
    }, {
      "vertices" : [ 13, 34, 35, 28 ]
    }, {
      "vertices" : [ 10, 34, 12, 54 ]
    }, {
      "vertices" : [ 2, 6, 5, 49, 53 ]
    }, {
      "vertices" : [ 36, 43, 37 ]
    }, {
      "vertices" : [ 5, 30, 33, 49 ]
    }, {
      "vertices" : [ 1, 54, 12, 11, 39 ]
    }, {
      "vertices" : [ 28, 35, 57 ]
    }, {
      "vertices" : [ 21, 53, 52 ]
    } ]
  }, {
    "id" : "e38f5514-d2d8-47ef-a0d9-ae6f1a836550",
    "orbit" : "green",
    "orbitC" : "[[2,-1,1],[5,-3,1]]",
    "length" : "[-1,1,1]",
    "name" : "g0",
    "vertices" : [ {
      "x" : 5.1405764,
      "y" : 1.7725425,
      "z" : -0.868034
    }, {
      "x" : 6.163119,
      "y" : 1.809017,
      "z" : -1.0
    }, {
      "x" : 5.1405764,
      "y" : 1.7725425,
      "z" : -0.48606798
    }, {
      "x" : 4.9495935,
      "y" : 2.0815594,
      "z" : -0.98606795
    }, {
      "x" : 4.9495935,
      "y" : 2.0815594,
      "z" : -0.60410196
    }, {
      "x" : 0.809017,
      "y" : 0.618034,
      "z" : 0.309017
    }, {
      "x" : 1.0,
      "y" : 0.309017,
      "z" : 0.19098301
    }, {
      "x" : 1.9045085,
      "y" : 0.5364745,
      "z" : -0.013932022
    }, {
      "x" : 5.854102,
      "y" : 2.309017,
      "z" : -1.190983
    }, {
      "x" : 6.045085,
      "y" : 2.0,
      "z" : -1.309017
    }, {
      "x" : 6.045085,
      "y" : 2.0,
      "z" : -0.690983
    }, {
      "x" : 5.854102,
      "y" : 2.309017,
      "z" : -0.809017
    }, {
      "x" : 1.7135255,
      "y" : 0.8454915,
      "z" : -0.13196601
    }, {
      "x" : 0.690983,
      "y" : 0.809017,
      "z" : 0.0
    }, {
      "x" : 1.9045085,
      "y" : 0.5364745,
      "z" : -0.39589804
    }, {
      "x" : 1.7135255,
      "y" : 0.8454915,
      "z" : -0.51393205
    }, {
      "x" : 0.809017,
      "y" : 0.618034,
      "z" : -0.309017
    }, {
      "x" : 1.0,
      "y" : 0.309017,
      "z" : -0.19098301
    }, {
      "x" : 6.854102,
      "y" : 2.618034,
      "z" : -1.0
    } ],
    "faces" : [ {
      "vertices" : [ 0, 14, 15, 3 ]
    }, {
      "vertices" : [ 3, 15, 12, 4 ]
    }, {
      "vertices" : [ 0, 1, 2 ]
    }, {
      "vertices" : [ 12, 15, 13 ]
    }, {
      "vertices" : [ 0, 9, 1 ]
    }, {
      "vertices" : [ 0, 3, 9 ]
    }, {
      "vertices" : [ 13, 15, 16 ]
    }, {
      "vertices" : [ 6, 17, 14, 7 ]
    }, {
      "vertices" : [ 1, 10, 2 ]
    }, {
      "vertices" : [ 5, 6, 7 ]
    }, {
      "vertices" : [ 3, 8, 9 ]
    }, {
      "vertices" : [ 0, 2, 7, 14 ]
    }, {
      "vertices" : [ 5, 7, 12 ]
    }, {
      "vertices" : [ 2, 4, 12, 7 ]
    }, {
      "vertices" : [ 3, 4, 11, 8 ]
    }, {
      "vertices" : [ 2, 10, 11, 4 ]
    }, {
      "vertices" : [ 5, 12, 13 ]
    }, {
      "vertices" : [ 14, 17, 16, 15 ]
    } ]
  }, {
    "id" : "f3bbb2b8-6064-4465-a090-e05ad1cfa9da",
    "orbit" : "blue",
    "orbitC" : "[[0,0,1],[0,0,1]]",
    "length" : "[-1,1,1]",
    "name" : "b0",
    "vertices" : [ {
      "x" : 4.236068,
      "y" : 0.309017,
      "z" : 0.19098301
    }, {
      "x" : 4.236068,
      "y" : 0.309017,
      "z" : -0.19098301
    }, {
      "x" : 1.0,
      "y" : 0.309017,
      "z" : -0.19098301
    }, {
      "x" : 1.0,
      "y" : 0.309017,
      "z" : 0.19098301
    }, {
      "x" : 4.236068,
      "y" : -0.309017,
      "z" : 0.19098301
    }, {
      "x" : 1.0,
      "y" : -0.309017,
      "z" : 0.19098301
    }, {
      "x" : 1.0,
      "y" : -0.309017,
      "z" : -0.19098301
    }, {
      "x" : 4.236068,
      "y" : -0.309017,
      "z" : -0.19098301
    }, {
      "x" : 5.236068,
      "y" : 0.0,
      "z" : 0.0
    } ],
    "faces" : [ {
      "vertices" : [ 1, 7, 6, 2 ]
    }, {
      "vertices" : [ 0, 1, 2, 3 ]
    }, {
      "vertices" : [ 4, 5, 6, 7 ]
    }, {
      "vertices" : [ 0, 3, 5, 4 ]
    } ]
  }, {
    "id" : "c5f26f7a-d669-4a51-ba92-dc080212dd53",
    "orbit" : "blue",
    "orbitC" : "[[0,0,1],[0,0,1]]",
    "length" : "[-2,2,1]",
    "name" : " :-2 +2*phi",
    "vertices" : [ {
      "x" : 9.472136,
      "y" : 0.309017,
      "z" : 0.19098301
    }, {
      "x" : 9.472136,
      "y" : 0.309017,
      "z" : -0.19098301
    }, {
      "x" : 1.0,
      "y" : 0.309017,
      "z" : -0.19098301
    }, {
      "x" : 1.0,
      "y" : 0.309017,
      "z" : 0.19098301
    }, {
      "x" : 9.472136,
      "y" : -0.309017,
      "z" : 0.19098301
    }, {
      "x" : 1.0,
      "y" : -0.309017,
      "z" : 0.19098301
    }, {
      "x" : 1.0,
      "y" : -0.309017,
      "z" : -0.19098301
    }, {
      "x" : 9.472136,
      "y" : -0.309017,
      "z" : -0.19098301
    }, {
      "x" : 10.472136,
      "y" : 0.0,
      "z" : 0.0
    } ],
    "faces" : [ {
      "vertices" : [ 1, 7, 6, 2 ]
    }, {
      "vertices" : [ 0, 1, 2, 3 ]
    }, {
      "vertices" : [ 4, 5, 6, 7 ]
    }, {
      "vertices" : [ 0, 3, 5, 4 ]
    } ]
  }, {
    "id" : "d0345684-59e2-4f0a-a5ee-b86f4de0f58e",
    "orbit" : "green",
    "orbitC" : "[[2,-1,1],[5,-3,1]]",
    "length" : "[-2,2,1]",
    "name" : " :-2 +2*phi",
    "vertices" : [ {
      "x" : 11.9946785,
      "y" : 4.3905764,
      "z" : -1.868034
    }, {
      "x" : 13.0172205,
      "y" : 4.427051,
      "z" : -2.0
    }, {
      "x" : 11.9946785,
      "y" : 4.3905764,
      "z" : -1.486068
    }, {
      "x" : 11.803696,
      "y" : 4.6995935,
      "z" : -1.986068
    }, {
      "x" : 11.803696,
      "y" : 4.6995935,
      "z" : -1.604102
    }, {
      "x" : 0.809017,
      "y" : 0.618034,
      "z" : 0.309017
    }, {
      "x" : 1.0,
      "y" : 0.309017,
      "z" : 0.19098301
    }, {
      "x" : 1.9045085,
      "y" : 0.5364745,
      "z" : -0.013932022
    }, {
      "x" : 12.708204,
      "y" : 4.927051,
      "z" : -2.190983
    }, {
      "x" : 12.899187,
      "y" : 4.618034,
      "z" : -2.309017
    }, {
      "x" : 12.899187,
      "y" : 4.618034,
      "z" : -1.690983
    }, {
      "x" : 12.708204,
      "y" : 4.927051,
      "z" : -1.809017
    }, {
      "x" : 1.7135255,
      "y" : 0.8454915,
      "z" : -0.13196601
    }, {
      "x" : 0.690983,
      "y" : 0.809017,
      "z" : 0.0
    }, {
      "x" : 1.9045085,
      "y" : 0.5364745,
      "z" : -0.39589804
    }, {
      "x" : 1.7135255,
      "y" : 0.8454915,
      "z" : -0.51393205
    }, {
      "x" : 0.809017,
      "y" : 0.618034,
      "z" : -0.309017
    }, {
      "x" : 1.0,
      "y" : 0.309017,
      "z" : -0.19098301
    }, {
      "x" : 13.708204,
      "y" : 5.236068,
      "z" : -2.0
    } ],
    "faces" : [ {
      "vertices" : [ 0, 14, 15, 3 ]
    }, {
      "vertices" : [ 3, 15, 12, 4 ]
    }, {
      "vertices" : [ 0, 1, 2 ]
    }, {
      "vertices" : [ 12, 15, 13 ]
    }, {
      "vertices" : [ 0, 9, 1 ]
    }, {
      "vertices" : [ 0, 3, 9 ]
    }, {
      "vertices" : [ 13, 15, 16 ]
    }, {
      "vertices" : [ 6, 17, 14, 7 ]
    }, {
      "vertices" : [ 1, 10, 2 ]
    }, {
      "vertices" : [ 5, 6, 7 ]
    }, {
      "vertices" : [ 3, 8, 9 ]
    }, {
      "vertices" : [ 0, 2, 7, 14 ]
    }, {
      "vertices" : [ 5, 7, 12 ]
    }, {
      "vertices" : [ 2, 4, 12, 7 ]
    }, {
      "vertices" : [ 3, 4, 11, 8 ]
    }, {
      "vertices" : [ 2, 10, 11, 4 ]
    }, {
      "vertices" : [ 5, 12, 13 ]
    }, {
      "vertices" : [ 14, 17, 16, 15 ]
    } ]
  } ],
  "instances" : [ {
    "shape" : "86b04be3-e0cd-4a6a-b564-f387e8e10db7",
    "color" : "#F2F2F2",
    "position" : {
      "x" : -5.236068,
      "y" : -10.472136,
      "z" : -15.708204
    }
  }, {
    "shape" : "e38f5514-d2d8-47ef-a0d9-ae6f1a836550",
    "color" : "#00993F",
    "position" : {
      "x" : -5.236068,
      "y" : 10.472136,
      "z" : 26.18034
    },
    "orientation" : 8
  }, {
    "shape" : "e38f5514-d2d8-47ef-a0d9-ae6f1a836550",
    "color" : "#00993F",
    "position" : {
      "x" : 0.0,
      "y" : 15.708204,
      "z" : 15.708204
    },
    "orientation" : 36
  }, {
    "shape" : "f3bbb2b8-6064-4465-a090-e05ad1cfa9da",
    "color" : "#008EC2",
    "position" : {
      "x" : 5.236068,
      "y" : 20.944271,
      "z" : 20.944271
    },
    "orientation" : 16
  }, {
    "shape" : "c5f26f7a-d669-4a51-ba92-dc080212dd53",
    "color" : "#008EC2",
    "position" : {
      "x" : 0.0,
      "y" : 10.472136,
      "z" : -10.472136
    },
    "orientation" : 2
  }, {
    "shape" : "e38f5514-d2d8-47ef-a0d9-ae6f1a836550",
    "color" : "#00993F",
    "position" : {
      "x" : 0.0,
      "y" : 10.472136,
      "z" : 0.0
    },
    "orientation" : 36
  }, {
    "shape" : "86b04be3-e0cd-4a6a-b564-f387e8e10db7",
    "color" : "#F2F2F2",
    "position" : {
      "x" : 5.236068,
      "y" : 15.708204,
      "z" : 20.944271
    }
  }, {
    "shape" : "e38f5514-d2d8-47ef-a0d9-ae6f1a836550",
    "color" : "#00993F",
    "position" : {
      "x" : 0.0,
      "y" : 0.0,
      "z" : -20.944271
    },
    "orientation" : 22
  }, {
    "shape" : "e38f5514-d2d8-47ef-a0d9-ae6f1a836550",
    "color" : "#00993F",
    "position" : {
      "x" : 0.0,
      "y" : 5.236068,
      "z" : -15.708204
    },
    "orientation" : 22
  }, {
    "shape" : "c5f26f7a-d669-4a51-ba92-dc080212dd53",
    "color" : "#008EC2",
    "position" : {
      "x" : -5.236068,
      "y" : 15.708204,
      "z" : 20.944271
    },
    "orientation" : 0
  }, {
    "shape" : "86b04be3-e0cd-4a6a-b564-f387e8e10db7",
    "color" : "#F2F2F2",
    "position" : {
      "x" : -5.236068,
      "y" : -5.236068,
      "z" : -10.472136
    }
  }, {
    "shape" : "d0345684-59e2-4f0a-a5ee-b86f4de0f58e",
    "color" : "#00993F",
    "position" : {
      "x" : 5.236068,
      "y" : -5.236068,
      "z" : -10.472136
    },
    "orientation" : 7
  }, {
    "shape" : "86b04be3-e0cd-4a6a-b564-f387e8e10db7",
    "color" : "#F2F2F2",
    "position" : {
      "x" : 5.236068,
      "y" : 10.472136,
      "z" : 15.708204
    }
  }, {
    "shape" : "c5f26f7a-d669-4a51-ba92-dc080212dd53",
    "color" : "#008EC2",
    "position" : {
      "x" : -5.236068,
      "y" : 5.236068,
      "z" : 0.0
    },
    "orientation" : 0
  }, {
    "shape" : "e38f5514-d2d8-47ef-a0d9-ae6f1a836550",
    "color" : "#00993F",
    "position" : {
      "x" : 0.0,
      "y" : 10.472136,
      "z" : 0.0
    },
    "orientation" : 21
  }, {
    "shape" : "86b04be3-e0cd-4a6a-b564-f387e8e10db7",
    "color" : "#F2F2F2",
    "position" : {
      "x" : 0.0,
      "y" : 0.0,
      "z" : 0.0
    }
  }, {
    "shape" : "e38f5514-d2d8-47ef-a0d9-ae6f1a836550",
    "color" : "#00993F",
    "position" : {
      "x" : -5.236068,
      "y" : -5.236068,
      "z" : 10.472136
    },
    "orientation" : 37
  }, {
    "shape" : "d0345684-59e2-4f0a-a5ee-b86f4de0f58e",
    "color" : "#00993F",
    "position" : {
      "x" : -5.236068,
      "y" : -5.236068,
      "z" : 10.472136
    },
    "orientation" : 52
  }, {
    "shape" : "86b04be3-e0cd-4a6a-b564-f387e8e10db7",
    "color" : "#F2F2F2",
    "position" : {
      "x" : -5.236068,
      "y" : 10.472136,
      "z" : 26.18034
    }
  }, {
    "shape" : "e38f5514-d2d8-47ef-a0d9-ae6f1a836550",
    "color" : "#00993F",
    "position" : {
      "x" : 5.236068,
      "y" : 5.236068,
      "z" : 10.472136
    },
    "orientation" : 7
  }, {
    "shape" : "e38f5514-d2d8-47ef-a0d9-ae6f1a836550",
    "color" : "#00993F",
    "position" : {
      "x" : 0.0,
      "y" : 10.472136,
      "z" : 10.472136
    },
    "orientation" : 7
  }, {
    "shape" : "e38f5514-d2d8-47ef-a0d9-ae6f1a836550",
    "color" : "#00993F",
    "position" : {
      "x" : 5.236068,
      "y" : -5.236068,
      "z" : -10.472136
    },
    "orientation" : 37
  }, {
    "shape" : "86b04be3-e0cd-4a6a-b564-f387e8e10db7",
    "color" : "#F2F2F2",
    "position" : {
      "x" : 0.0,
      "y" : 10.472136,
      "z" : 31.416409
    }
  }, {
    "shape" : "c5f26f7a-d669-4a51-ba92-dc080212dd53",
    "color" : "#008EC2",
    "position" : {
      "x" : 0.0,
      "y" : 0.0,
      "z" : 0.0
    },
    "orientation" : 2
  }, {
    "shape" : "c5f26f7a-d669-4a51-ba92-dc080212dd53",
    "color" : "#008EC2",
    "position" : {
      "x" : -5.236068,
      "y" : 5.236068,
      "z" : 0.0
    },
    "orientation" : 2
  }, {
    "shape" : "e38f5514-d2d8-47ef-a0d9-ae6f1a836550",
    "color" : "#00993F",
    "position" : {
      "x" : 0.0,
      "y" : 15.708204,
      "z" : 15.708204
    },
    "orientation" : 21
  }, {
    "shape" : "e38f5514-d2d8-47ef-a0d9-ae6f1a836550",
    "color" : "#00993F",
    "position" : {
      "x" : -5.236068,
      "y" : 5.236068,
      "z" : -10.472136
    },
    "orientation" : 21
  }, {
    "shape" : "86b04be3-e0cd-4a6a-b564-f387e8e10db7",
    "color" : "#F2F2F2",
    "position" : {
      "x" : 0.0,
      "y" : 0.0,
      "z" : 10.472136
    }
  }, {
    "shape" : "86b04be3-e0cd-4a6a-b564-f387e8e10db7",
    "color" : "#F2F2F2",
    "position" : {
      "x" : -5.236068,
      "y" : -5.236068,
      "z" : 10.472136
    }
  }, {
    "shape" : "86b04be3-e0cd-4a6a-b564-f387e8e10db7",
    "color" : "#F2F2F2",
    "position" : {
      "x" : 5.236068,
      "y" : -5.236068,
      "z" : 10.472136
    }
  }, {
    "shape" : "e38f5514-d2d8-47ef-a0d9-ae6f1a836550",
    "color" : "#00993F",
    "position" : {
      "x" : 0.0,
      "y" : 10.472136,
      "z" : 10.472136
    },
    "orientation" : 36
  }, {
    "shape" : "e38f5514-d2d8-47ef-a0d9-ae6f1a836550",
    "color" : "#00993F",
    "position" : {
      "x" : -5.236068,
      "y" : 10.472136,
      "z" : 15.708204
    },
    "orientation" : 7
  }, {
    "shape" : "e38f5514-d2d8-47ef-a0d9-ae6f1a836550",
    "color" : "#00993F",
    "position" : {
      "x" : 0.0,
      "y" : 20.944271,
      "z" : 20.944271
    },
    "orientation" : 21
  }, {
    "shape" : "e38f5514-d2d8-47ef-a0d9-ae6f1a836550",
    "color" : "#00993F",
    "position" : {
      "x" : 0.0,
      "y" : 15.708204,
      "z" : 26.18034
    },
    "orientation" : 37
  }, {
    "shape" : "e38f5514-d2d8-47ef-a0d9-ae6f1a836550",
    "color" : "#00993F",
    "position" : {
      "x" : -5.236068,
      "y" : 5.236068,
      "z" : 0.0
    },
    "orientation" : 21
  }, {
    "shape" : "86b04be3-e0cd-4a6a-b564-f387e8e10db7",
    "color" : "#F2F2F2",
    "position" : {
      "x" : 0.0,
      "y" : 15.708204,
      "z" : 15.708204
    }
  }, {
    "shape" : "86b04be3-e0cd-4a6a-b564-f387e8e10db7",
    "color" : "#F2F2F2",
    "position" : {
      "x" : 0.0,
      "y" : 0.0,
      "z" : -20.944271
    }
  }, {
    "shape" : "c5f26f7a-d669-4a51-ba92-dc080212dd53",
    "color" : "#008EC2",
    "position" : {
      "x" : 5.236068,
      "y" : 5.236068,
      "z" : -10.472136
    },
    "orientation" : 2
  }, {
    "shape" : "86b04be3-e0cd-4a6a-b564-f387e8e10db7",
    "color" : "#F2F2F2",
    "position" : {
      "x" : 0.0,
      "y" : 20.944271,
      "z" : 20.944271
    }
  }, {
    "shape" : "e38f5514-d2d8-47ef-a0d9-ae6f1a836550",
    "color" : "#00993F",
    "position" : {
      "x" : 0.0,
      "y" : 10.472136,
      "z" : -10.472136
    },
    "orientation" : 22
  }, {
    "shape" : "86b04be3-e0cd-4a6a-b564-f387e8e10db7",
    "color" : "#F2F2F2",
    "position" : {
      "x" : 5.236068,
      "y" : 5.236068,
      "z" : 10.472136
    }
  }, {
    "shape" : "e38f5514-d2d8-47ef-a0d9-ae6f1a836550",
    "color" : "#00993F",
    "position" : {
      "x" : -5.236068,
      "y" : 15.708204,
      "z" : 20.944271
    },
    "orientation" : 8
  }, {
    "shape" : "e38f5514-d2d8-47ef-a0d9-ae6f1a836550",
    "color" : "#00993F",
    "position" : {
      "x" : 5.236068,
      "y" : 5.236068,
      "z" : 10.472136
    },
    "orientation" : 36
  }, {
    "shape" : "e38f5514-d2d8-47ef-a0d9-ae6f1a836550",
    "color" : "#00993F",
    "position" : {
      "x" : -5.236068,
      "y" : -5.236068,
      "z" : -10.472136
    },
    "orientation" : 22
  }, {
    "shape" : "c5f26f7a-d669-4a51-ba92-dc080212dd53",
    "color" : "#008EC2",
    "position" : {
      "x" : -5.236068,
      "y" : 10.472136,
      "z" : 15.708204
    },
    "orientation" : 0
  }, {
    "shape" : "86b04be3-e0cd-4a6a-b564-f387e8e10db7",
    "color" : "#F2F2F2",
    "position" : {
      "x" : -5.236068,
      "y" : 5.236068,
      "z" : 0.0
    }
  }, {
    "shape" : "86b04be3-e0cd-4a6a-b564-f387e8e10db7",
    "color" : "#F2F2F2",
    "position" : {
      "x" : 0.0,
      "y" : 5.236068,
      "z" : -15.708204
    }
  }, {
    "shape" : "c5f26f7a-d669-4a51-ba92-dc080212dd53",
    "color" : "#008EC2",
    "position" : {
      "x" : 0.0,
      "y" : 0.0,
      "z" : -10.472136
    },
    "orientation" : 2
  }, {
    "shape" : "86b04be3-e0cd-4a6a-b564-f387e8e10db7",
    "color" : "#F2F2F2",
    "position" : {
      "x" : -5.236068,
      "y" : 5.236068,
      "z" : 10.472136
    }
  }, {
    "shape" : "86b04be3-e0cd-4a6a-b564-f387e8e10db7",
    "color" : "#F2F2F2",
    "position" : {
      "x" : 0.0,
      "y" : 0.0,
      "z" : -10.472136
    }
  }, {
    "shape" : "c5f26f7a-d669-4a51-ba92-dc080212dd53",
    "color" : "#008EC2",
    "position" : {
      "x" : 0.0,
      "y" : 10.472136,
      "z" : 10.472136
    },
    "orientation" : 16
  }, {
    "shape" : "c5f26f7a-d669-4a51-ba92-dc080212dd53",
    "color" : "#008EC2",
    "position" : {
      "x" : -5.236068,
      "y" : 5.236068,
      "z" : 10.472136
    },
    "orientation" : 0
  }, {
    "shape" : "86b04be3-e0cd-4a6a-b564-f387e8e10db7",
    "color" : "#F2F2F2",
    "position" : {
      "x" : 0.0,
      "y" : 10.472136,
      "z" : -10.472136
    }
  }, {
    "shape" : "e38f5514-d2d8-47ef-a0d9-ae6f1a836550",
    "color" : "#00993F",
    "position" : {
      "x" : 5.236068,
      "y" : 10.472136,
      "z" : 26.18034
    },
    "orientation" : 38
  }, {
    "shape" : "86b04be3-e0cd-4a6a-b564-f387e8e10db7",
    "color" : "#F2F2F2",
    "position" : {
      "x" : 5.236068,
      "y" : 5.236068,
      "z" : 0.0
    }
  }, {
    "shape" : "e38f5514-d2d8-47ef-a0d9-ae6f1a836550",
    "color" : "#00993F",
    "position" : {
      "x" : 5.236068,
      "y" : 5.236068,
      "z" : 0.0
    },
    "orientation" : 36
  }, {
    "shape" : "d0345684-59e2-4f0a-a5ee-b86f4de0f58e",
    "color" : "#00993F",
    "position" : {
      "x" : -5.236068,
      "y" : -5.236068,
      "z" : -10.472136
    },
    "orientation" : 7
  }, {
    "shape" : "86b04be3-e0cd-4a6a-b564-f387e8e10db7",
    "color" : "#F2F2F2",
    "position" : {
      "x" : -5.236068,
      "y" : -10.472136,
      "z" : 15.708204
    }
  }, {
    "shape" : "f3bbb2b8-6064-4465-a090-e05ad1cfa9da",
    "color" : "#008EC2",
    "position" : {
      "x" : 0.0,
      "y" : 20.944271,
      "z" : 20.944271
    },
    "orientation" : 45
  }, {
    "shape" : "86b04be3-e0cd-4a6a-b564-f387e8e10db7",
    "color" : "#F2F2F2",
    "position" : {
      "x" : 0.0,
      "y" : -5.236068,
      "z" : -26.18034
    }
  }, {
    "shape" : "e38f5514-d2d8-47ef-a0d9-ae6f1a836550",
    "color" : "#00993F",
    "position" : {
      "x" : 0.0,
      "y" : 10.472136,
      "z" : -10.472136
    },
    "orientation" : 36
  }, {
    "shape" : "86b04be3-e0cd-4a6a-b564-f387e8e10db7",
    "color" : "#F2F2F2",
    "position" : {
      "x" : 5.236068,
      "y" : 5.236068,
      "z" : -10.472136
    }
  }, {
    "shape" : "86b04be3-e0cd-4a6a-b564-f387e8e10db7",
    "color" : "#F2F2F2",
    "position" : {
      "x" : -5.236068,
      "y" : 5.236068,
      "z" : -10.472136
    }
  }, {
    "shape" : "86b04be3-e0cd-4a6a-b564-f387e8e10db7",
    "color" : "#F2F2F2",
    "position" : {
      "x" : 0.0,
      "y" : 10.472136,
      "z" : 0.0
    }
  }, {
    "shape" : "e38f5514-d2d8-47ef-a0d9-ae6f1a836550",
    "color" : "#00993F",
    "position" : {
      "x" : 0.0,
      "y" : 10.472136,
      "z" : -10.472136
    },
    "orientation" : 21
  }, {
    "shape" : "86b04be3-e0cd-4a6a-b564-f387e8e10db7",
    "color" : "#F2F2F2",
    "position" : {
      "x" : 5.236068,
      "y" : -5.236068,
      "z" : -10.472136
    }
  }, {
    "shape" : "86b04be3-e0cd-4a6a-b564-f387e8e10db7",
    "color" : "#F2F2F2",
    "position" : {
      "x" : 5.236068,
      "y" : -10.472136,
      "z" : -5.236068
    }
  }, {
    "shape" : "e38f5514-d2d8-47ef-a0d9-ae6f1a836550",
    "color" : "#00993F",
    "position" : {
      "x" : 5.236068,
      "y" : 5.236068,
      "z" : -10.472136
    },
    "orientation" : 36
  }, {
    "shape" : "f3bbb2b8-6064-4465-a090-e05ad1cfa9da",
    "color" : "#008EC2",
    "position" : {
      "x" : 0.0,
      "y" : 20.944271,
      "z" : 20.944271
    },
    "orientation" : 0
  }, {
    "shape" : "e38f5514-d2d8-47ef-a0d9-ae6f1a836550",
    "color" : "#00993F",
    "position" : {
      "x" : 5.236068,
      "y" : 15.708204,
      "z" : 20.944271
    },
    "orientation" : 37
  }, {
    "shape" : "c5f26f7a-d669-4a51-ba92-dc080212dd53",
    "color" : "#008EC2",
    "position" : {
      "x" : 0.0,
      "y" : 10.472136,
      "z" : -10.472136
    },
    "orientation" : 16
  }, {
    "shape" : "e38f5514-d2d8-47ef-a0d9-ae6f1a836550",
    "color" : "#00993F",
    "position" : {
      "x" : 5.236068,
      "y" : -5.236068,
      "z" : 10.472136
    },
    "orientation" : 22
  }, {
    "shape" : "c5f26f7a-d669-4a51-ba92-dc080212dd53",
    "color" : "#008EC2",
    "position" : {
      "x" : -5.236068,
      "y" : 5.236068,
      "z" : 10.472136
    },
    "orientation" : 16
  }, {
    "shape" : "86b04be3-e0cd-4a6a-b564-f387e8e10db7",
    "color" : "#F2F2F2",
    "position" : {
      "x" : 0.0,
      "y" : 10.472136,
      "z" : 10.472136
    }
  }, {
    "shape" : "e38f5514-d2d8-47ef-a0d9-ae6f1a836550",
    "color" : "#00993F",
    "position" : {
      "x" : -5.236068,
      "y" : 5.236068,
      "z" : 10.472136
    },
    "orientation" : 21
  }, {
    "shape" : "c5f26f7a-d669-4a51-ba92-dc080212dd53",
    "color" : "#008EC2",
    "position" : {
      "x" : 5.236068,
      "y" : 5.236068,
      "z" : -10.472136
    },
    "orientation" : 16
  }, {
    "shape" : "f3bbb2b8-6064-4465-a090-e05ad1cfa9da",
    "color" : "#008EC2",
    "position" : {
      "x" : -5.236068,
      "y" : 20.944271,
      "z" : 20.944271
    },
    "orientation" : 16
  }, {
    "shape" : "c5f26f7a-d669-4a51-ba92-dc080212dd53",
    "color" : "#008EC2",
    "position" : {
      "x" : -5.236068,
      "y" : 5.236068,
      "z" : -10.472136
    },
    "orientation" : 0
  }, {
    "shape" : "e38f5514-d2d8-47ef-a0d9-ae6f1a836550",
    "color" : "#00993F",
    "position" : {
      "x" : -5.236068,
      "y" : 15.708204,
      "z" : 20.944271
    },
    "orientation" : 37
  }, {
    "shape" : "e38f5514-d2d8-47ef-a0d9-ae6f1a836550",
    "color" : "#00993F",
    "position" : {
      "x" : 0.0,
      "y" : 15.708204,
      "z" : 15.708204
    },
    "orientation" : 7
  }, {
    "shape" : "86b04be3-e0cd-4a6a-b564-f387e8e10db7",
    "color" : "#F2F2F2",
    "position" : {
      "x" : -5.236068,
      "y" : 20.944271,
      "z" : 20.944271
    }
  }, {
    "shape" : "86b04be3-e0cd-4a6a-b564-f387e8e10db7",
    "color" : "#F2F2F2",
    "position" : {
      "x" : 5.236068,
      "y" : -10.472136,
      "z" : 5.236068
    }
  }, {
    "shape" : "86b04be3-e0cd-4a6a-b564-f387e8e10db7",
    "color" : "#F2F2F2",
    "position" : {
      "x" : 0.0,
      "y" : 15.708204,
      "z" : 26.18034
    }
  }, {
    "shape" : "c5f26f7a-d669-4a51-ba92-dc080212dd53",
    "color" : "#008EC2",
    "position" : {
      "x" : -5.236068,
      "y" : 10.472136,
      "z" : 26.18034
    },
    "orientation" : 0
  }, {
    "shape" : "c5f26f7a-d669-4a51-ba92-dc080212dd53",
