{
  "field" : "golden",
  "symmetry" : "icosahedral",
  "orientations" : [ [ 1.0, 0.0, 0.0, 0.0, 0.0, 1.0, 0.0, 0.0, 0.0, 0.0, 1.0, 0.0, 0.0, 0.0, 0.0, 1.0 ], [ 0.0, 0.0, 1.0, 0.0, 1.0, 0.0, 0.0, 0.0, 0.0, 1.0, 0.0, 0.0, 0.0, 0.0, 0.0, 1.0 ], [ 0.0, 1.0, 0.0, 0.0, 0.0, 0.0, 1.0, 0.0, 1.0, 0.0, 0.0, 0.0, 0.0, 0.0, 0.0, 1.0 ], [ 0.809017, 0.309017, 0.5, 0.0, 0.309017, 0.5, -0.809017, 0.0, -0.5, 0.809017, 0.309017, 0.0, 0.0, 0.0, 0.0, 1.0 ], [ -0.5, 0.809017, 0.309017, 0.0, 0.809017, 0.309017, 0.5, 0.0, 0.309017, 0.5, -0.809017, 0.0, 0.0, 0.0, 0.0, 1.0 ], [ 0.309017, 0.5, -0.809017, 0.0, -0.5, 0.809017, 0.309017, 0.0, 0.809017, 0.309017, 0.5, 0.0, 0.0, 0.0, 0.0, 1.0 ], [ 0.5, 0.809017, 0.309017, 0.0, 0.809017, -0.309017, -0.5, 0.0, -0.309017, 0.5, -0.809017, 0.0, 0.0, 0.0, 0.0, 1.0 ], [ -0.309017, 0.5, -0.809017, 0.0, 0.5, 0.809017, 0.309017, 0.0, 0.809017, -0.309017, -0.5, 0.0, 0.0, 0.0, 0.0, 1.0 ], [ 0.809017, -0.309017, -0.5, 0.0, -0.309017, 0.5, -0.809017, 0.0, 0.5, 0.809017, 0.309017, 0.0, 0.0, 0.0, 0.0, 1.0 ], [ 0.5, 0.809017, -0.309017, 0.0, 0.809017, -0.309017, 0.5, 0.0, 0.309017, -0.5, -0.809017, 0.0, 0.0, 0.0, 0.0, 1.0 ], [ 0.309017, -0.5, -0.809017, 0.0, 0.5, 0.809017, -0.309017, 0.0, 0.809017, -0.309017, 0.5, 0.0, 0.0, 0.0, 0.0, 1.0 ], [ 0.809017, -0.309017, 0.5, 0.0, 0.309017, -0.5, -0.809017, 0.0, 0.5, 0.809017, -0.309017, 0.0, 0.0, 0.0, 0.0, 1.0 ], [ 0.809017, 0.309017, -0.5, 0.0, 0.309017, 0.5, 0.809017, 0.0, 0.5, -0.809017, 0.309017, 0.0, 0.0, 0.0, 0.0, 1.0 ], [ 0.5, -0.809017, 0.309017, 0.0, 0.809017, 0.309017, -0.5, 0.0, 0.309017, 0.5, 0.809017, 0.0, 0.0, 0.0, 0.0, 1.0 ], [ 0.309017, 0.5, 0.809017, 0.0, 0.5, -0.809017, 0.309017, 0.0, 0.809017, 0.309017, -0.5, 0.0, 0.0, 0.0, 0.0, 1.0 ], [ 1.0, 0.0, 0.0, 0.0, 0.0, -1.0, 0.0, 0.0, 0.0, 0.0, -1.0, 0.0, 0.0, 0.0, 0.0, 1.0 ], [ 0.0, 0.0, 1.0, 0.0, -1.0, 0.0, 0.0, 0.0, 0.0, -1.0, 0.0, 0.0, 0.0, 0.0, 0.0, 1.0 ], [ 0.0, 1.0, 0.0, 0.0, 0.0, 0.0, -1.0, 0.0, -1.0, 0.0, 0.0, 0.0, 0.0, 0.0, 0.0, 1.0 ], [ 0.809017, 0.309017, 0.5, 0.0, -0.309017, -0.5, 0.809017, 0.0, 0.5, -0.809017, -0.309017, 0.0, 0.0, 0.0, 0.0, 1.0 ], [ -0.5, 0.809017, 0.309017, 0.0, -0.809017, -0.309017, -0.5, 0.0, -0.309017, -0.5, 0.809017, 0.0, 0.0, 0.0, 0.0, 1.0 ], [ 0.309017, 0.5, -0.809017, 0.0, 0.5, -0.809017, -0.309017, 0.0, -0.809017, -0.309017, -0.5, 0.0, 0.0, 0.0, 0.0, 1.0 ], [ 0.5, 0.809017, 0.309017, 0.0, -0.809017, 0.309017, 0.5, 0.0, 0.309017, -0.5, 0.809017, 0.0, 0.0, 0.0, 0.0, 1.0 ], [ -0.309017, 0.5, -0.809017, 0.0, -0.5, -0.809017, -0.309017, 0.0, -0.809017, 0.309017, 0.5, 0.0, 0.0, 0.0, 0.0, 1.0 ], [ 0.809017, -0.309017, -0.5, 0.0, 0.309017, -0.5, 0.809017, 0.0, -0.5, -0.809017, -0.309017, 0.0, 0.0, 0.0, 0.0, 1.0 ], [ 0.5, 0.809017, -0.309017, 0.0, -0.809017, 0.309017, -0.5, 0.0, -0.309017, 0.5, 0.809017, 0.0, 0.0, 0.0, 0.0, 1.0 ], [ 0.309017, -0.5, -0.809017, 0.0, -0.5, -0.809017, 0.309017, 0.0, -0.809017, 0.309017, -0.5, 0.0, 0.0, 0.0, 0.0, 1.0 ], [ 0.809017, -0.309017, 0.5, 0.0, -0.309017, 0.5, 0.809017, 0.0, -0.5, -0.809017, 0.309017, 0.0, 0.0, 0.0, 0.0, 1.0 ], [ 0.809017, 0.309017, -0.5, 0.0, -0.309017, -0.5, -0.809017, 0.0, -0.5, 0.809017, -0.309017, 0.0, 0.0, 0.0, 0.0, 1.0 ], [ 0.5, -0.809017, 0.309017, 0.0, -0.809017, -0.309017, 0.5, 0.0, -0.309017, -0.5, -0.809017, 0.0, 0.0, 0.0, 0.0, 1.0 ], [ 0.309017, 0.5, 0.809017, 0.0, -0.5, 0.809017, -0.309017, 0.0, -0.809017, -0.309017, 0.5, 0.0, 0.0, 0.0, 0.0, 1.0 ], [ -1.0, 0.0, 0.0, 0.0, 0.0, -1.0, 0.0, 0.0, 0.0, 0.0, 1.0, 0.0, 0.0, 0.0, 0.0, 1.0 ], [ 0.0, 0.0, -1.0, 0.0, -1.0, 0.0, 0.0, 0.0, 0.0, 1.0, 0.0, 0.0, 0.0, 0.0, 0.0, 1.0 ], [ 0.0, -1.0, 0.0, 0.0, 0.0, 0.0, -1.0, 0.0, 1.0, 0.0, 0.0, 0.0, 0.0, 0.0, 0.0, 1.0 ], [ -0.809017, -0.309017, -0.5, 0.0, -0.309017, -0.5, 0.809017, 0.0, -0.5, 0.809017, 0.309017, 0.0, 0.0, 0.0, 0.0, 1.0 ], [ 0.5, -0.809017, -0.309017, 0.0, -0.809017, -0.309017, -0.5, 0.0, 0.309017, 0.5, -0.809017, 0.0, 0.0, 0.0, 0.0, 1.0 ], [ -0.309017, -0.5, 0.809017, 0.0, 0.5, -0.809017, -0.309017, 0.0, 0.809017, 0.309017, 0.5, 0.0, 0.0, 0.0, 0.0, 1.0 ], [ -0.5, -0.809017, -0.309017, 0.0, -0.809017, 0.309017, 0.5, 0.0, -0.309017, 0.5, -0.809017, 0.0, 0.0, 0.0, 0.0, 1.0 ], [ 0.309017, -0.5, 0.809017, 0.0, -0.5, -0.809017, -0.309017, 0.0, 0.809017, -0.309017, -0.5, 0.0, 0.0, 0.0, 0.0, 1.0 ], [ -0.809017, 0.309017, 0.5, 0.0, 0.309017, -0.5, 0.809017, 0.0, 0.5, 0.809017, 0.309017, 0.0, 0.0, 0.0, 0.0, 1.0 ], [ -0.5, -0.809017, 0.309017, 0.0, -0.809017, 0.309017, -0.5, 0.0, 0.309017, -0.5, -0.809017, 0.0, 0.0, 0.0, 0.0, 1.0 ], [ -0.309017, 0.5, 0.809017, 0.0, -0.5, -0.809017, 0.309017, 0.0, 0.809017, -0.309017, 0.5, 0.0, 0.0, 0.0, 0.0, 1.0 ], [ -0.809017, 0.309017, -0.5, 0.0, -0.309017, 0.5, 0.809017, 0.0, 0.5, 0.809017, -0.309017, 0.0, 0.0, 0.0, 0.0, 1.0 ], [ -0.809017, -0.309017, 0.5, 0.0, -0.309017, -0.5, -0.809017, 0.0, 0.5, -0.809017, 0.309017, 0.0, 0.0, 0.0, 0.0, 1.0 ], [ -0.5, 0.809017, -0.309017, 0.0, -0.809017, -0.309017, 0.5, 0.0, 0.309017, 0.5, 0.809017, 0.0, 0.0, 0.0, 0.0, 1.0 ], [ -0.309017, -0.5, -0.809017, 0.0, -0.5, 0.809017, -0.309017, 0.0, 0.809017, 0.309017, -0.5, 0.0, 0.0, 0.0, 0.0, 1.0 ], [ -1.0, 0.0, 0.0, 0.0, 0.0, 1.0, 0.0, 0.0, 0.0, 0.0, -1.0, 0.0, 0.0, 0.0, 0.0, 1.0 ], [ 0.0, 0.0, -1.0, 0.0, 1.0, 0.0, 0.0, 0.0, 0.0, -1.0, 0.0, 0.0, 0.0, 0.0, 0.0, 1.0 ], [ 0.0, -1.0, 0.0, 0.0, 0.0, 0.0, 1.0, 0.0, -1.0, 0.0, 0.0, 0.0, 0.0, 0.0, 0.0, 1.0 ], [ -0.809017, -0.309017, -0.5, 0.0, 0.309017, 0.5, -0.809017, 0.0, 0.5, -0.809017, -0.309017, 0.0, 0.0, 0.0, 0.0, 1.0 ], [ 0.5, -0.809017, -0.309017, 0.0, 0.809017, 0.309017, 0.5, 0.0, -0.309017, -0.5, 0.809017, 0.0, 0.0, 0.0, 0.0, 1.0 ], [ -0.309017, -0.5, 0.809017, 0.0, -0.5, 0.809017, 0.309017, 0.0, -0.809017, -0.309017, -0.5, 0.0, 0.0, 0.0, 0.0, 1.0 ], [ -0.5, -0.809017, -0.309017, 0.0, 0.809017, -0.309017, -0.5, 0.0, 0.309017, -0.5, 0.809017, 0.0, 0.0, 0.0, 0.0, 1.0 ], [ 0.309017, -0.5, 0.809017, 0.0, 0.5, 0.809017, 0.309017, 0.0, -0.809017, 0.309017, 0.5, 0.0, 0.0, 0.0, 0.0, 1.0 ], [ -0.809017, 0.309017, 0.5, 0.0, -0.309017, 0.5, -0.809017, 0.0, -0.5, -0.809017, -0.309017, 0.0, 0.0, 0.0, 0.0, 1.0 ], [ -0.5, -0.809017, 0.309017, 0.0, 0.809017, -0.309017, 0.5, 0.0, -0.309017, 0.5, 0.809017, 0.0, 0.0, 0.0, 0.0, 1.0 ], [ -0.309017, 0.5, 0.809017, 0.0, 0.5, 0.809017, -0.309017, 0.0, -0.809017, 0.309017, -0.5, 0.0, 0.0, 0.0, 0.0, 1.0 ], [ -0.809017, 0.309017, -0.5, 0.0, 0.309017, -0.5, -0.809017, 0.0, -0.5, -0.809017, 0.309017, 0.0, 0.0, 0.0, 0.0, 1.0 ], [ -0.809017, -0.309017, 0.5, 0.0, 0.309017, 0.5, 0.809017, 0.0, -0.5, 0.809017, -0.309017, 0.0, 0.0, 0.0, 0.0, 1.0 ], [ -0.5, 0.809017, -0.309017, 0.0, 0.809017, 0.309017, -0.5, 0.0, -0.309017, -0.5, -0.809017, 0.0, 0.0, 0.0, 0.0, 1.0 ], [ -0.309017, -0.5, -0.809017, 0.0, 0.5, -0.809017, 0.309017, 0.0, -0.809017, -0.309017, 0.5, 0.0, 0.0, 0.0, 0.0, 1.0 ] ],
  "lights" : {
    "directionalLights" : [ {
      "direction" : {
        "x" : 1.0,
        "y" : -1.0,
        "z" : -1.0
      },
      "color" : "#EBEBE4"
    }, {
      "direction" : {
        "x" : -1.0,
        "y" : 0.0,
        "z" : 0.0
      },
      "color" : "#E4E4EB"
    }, {
      "direction" : {
        "x" : 0.0,
        "y" : 0.0,
        "z" : -1.0
      },
      "color" : "#1E1E1E"
    } ],
    "ambientColor" : "#292929",
    "backgroundColor" : "#AFC8DC"
  },
  "camera" : {
    "position" : {
      "x" : 184.85529,
      "y" : 184.85529,
      "z" : -184.85529
    },
    "width" : 144.0805,
    "perspective" : false,
    "fieldOfView" : 0.4426291,
    "lookAtPoint" : {
      "x" : 0.0,
      "y" : 0.0,
      "z" : 0.0
    },
    "viewDistance" : 320.17874,
    "farClipDistance" : 640.35693,
    "nearClipDistance" : 0.80044717,
    "lookDirection" : {
      "x" : -0.57735026,
      "y" : -0.57735026,
      "z" : 0.57735026
    },
    "stereo" : false,
    "upDirection" : {
      "x" : 0.0,
      "y" : -0.7071068,
      "z" : -0.7071068
    }
  },
  "embedding" : [ 1.0, 0.0, 0.0, 0.0, 0.0, 1.0, 0.0, 0.0, 0.0, 0.0, 1.0, 0.0, 0.0, 0.0, 0.0, 1.0 ],
  "shapes" : [ {
    "id" : "09c8efba-20b6-4a2e-9458-a3abf0a6d8f9",
    "vertices" : [ {
      "x" : -24.961336,
      "y" : 8.431557,
      "z" : -16.396446
    }, {
      "x" : -25.061335,
      "y" : 8.031556,
      "z" : -16.496447
    }, {
      "x" : -0.45507246,
      "y" : 0.04057971,
      "z" : -0.5478261
    }, {
      "x" : -0.35507247,
      "y" : 0.4405797,
      "z" : -0.4478261
    }, {
      "x" : -24.828003,
      "y" : 8.164889,
      "z" : -16.796446
    }, {
      "x" : -24.728003,
      "y" : 8.56489,
      "z" : -16.696445
    }, {
      "x" : -0.5884058,
      "y" : 0.3072464,
      "z" : -0.14782609
    }, {
      "x" : -0.6884058,
      "y" : -0.09275363,
      "z" : -0.24782608
    } ],
    "faces" : [ {
      "vertices" : [ 2, 3, 6 ]
    }, {
      "vertices" : [ 2, 6, 7 ]
    }, {
      "vertices" : [ 0, 5, 4 ]
    }, {
      "vertices" : [ 0, 4, 1 ]
    }, {
      "vertices" : [ 2, 4, 5 ]
    }, {
      "vertices" : [ 2, 5, 3 ]
    }, {
      "vertices" : [ 0, 6, 3 ]
    }, {
      "vertices" : [ 0, 3, 5 ]
    }, {
      "vertices" : [ 0, 1, 7 ]
    }, {
      "vertices" : [ 0, 7, 6 ]
    }, {
      "vertices" : [ 1, 4, 2 ]
    }, {
      "vertices" : [ 1, 2, 7 ]
    } ]
  }, {
    "id" : "a59f5a7a-249d-44c2-b6ed-d7686253b71e",
    "vertices" : [ {
      "x" : -0.26666668,
      "y" : -16.495554,
      "z" : -8.064444
    }, {
      "x" : 0.13333334,
      "y" : -16.395554,
      "z" : -7.9644437
    }, {
      "x" : 0.26666668,
      "y" : -0.44871795,
      "z" : -0.4076923
    }, {
      "x" : -0.13333334,
      "y" : -0.548718,
      "z" : -0.50769234
    }, {
      "x" : 0.26666668,
      "y" : -16.16222,
      "z" : -8.264443
    }, {
      "x" : -0.13333334,
      "y" : -16.26222,
      "z" : -8.364444
    }, {
      "x" : -0.26666668,
      "y" : -0.78205127,
      "z" : -0.20769231
    }, {
      "x" : 0.13333334,
      "y" : -0.6820513,
      "z" : -0.10769231
    } ],
    "faces" : [ {
      "vertices" : [ 2, 3, 6 ]
    }, {
      "vertices" : [ 2, 6, 7 ]
    }, {
      "vertices" : [ 0, 5, 4 ]
    }, {
      "vertices" : [ 0, 4, 1 ]
    }, {
      "vertices" : [ 2, 4, 5 ]
    }, {
      "vertices" : [ 2, 5, 3 ]
    }, {
      "vertices" : [ 0, 6, 3 ]
    }, {
      "vertices" : [ 0, 3, 5 ]
    }, {
      "vertices" : [ 0, 1, 7 ]
    }, {
      "vertices" : [ 0, 7, 6 ]
    }, {
      "vertices" : [ 1, 4, 2 ]
    }, {
      "vertices" : [ 1, 2, 7 ]
    } ]
  }, {
    "id" : "2cef92b5-2b69-4340-8209-f583c2852a6c",
    "vertices" : [ {
      "x" : -25.011646,
      "y" : -16.46332,
      "z" : -0.26666668
    }, {
      "x" : -24.911646,
      "y" : -16.36332,
      "z" : 0.13333334
    }, {
      "x" : -0.4047619,
      "y" : -0.48095238,
      "z" : 0.26666668
    }, {
      "x" : -0.50476193,
      "y" : -0.5809524,
      "z" : -0.13333334
    }, {
      "x" : -24.678312,
      "y" : -16.663319,
      "z" : 0.26666668
    }, {
      "x" : -24.778313,
      "y" : -16.763319,
      "z" : -0.13333334
    }, {
      "x" : -0.7380952,
      "y" : -0.2809524,
      "z" : -0.26666668
    }, {
      "x" : -0.63809526,
      "y" : -0.18095239,
      "z" : 0.13333334
    } ],
    "faces" : [ {
      "vertices" : [ 2, 3, 6 ]
    }, {
      "vertices" : [ 2, 6, 7 ]
    }, {
      "vertices" : [ 0, 5, 4 ]
    }, {
      "vertices" : [ 0, 4, 1 ]
    }, {
      "vertices" : [ 2, 4, 5 ]
    }, {
      "vertices" : [ 2, 5, 3 ]
    }, {
      "vertices" : [ 0, 6, 3 ]
    }, {
      "vertices" : [ 0, 3, 5 ]
    }, {
      "vertices" : [ 0, 1, 7 ]
    }, {
      "vertices" : [ 0, 7, 6 ]
    }, {
      "vertices" : [ 1, 4, 2 ]
    }, {
      "vertices" : [ 1, 2, 7 ]
    } ]
  }, {
    "id" : "29e0957b-e600-40f1-876b-c2c951044078",
    "vertices" : [ {
      "x" : -0.26666668,
      "y" : 8.149914,
      "z" : -24.916409
    }, {
      "x" : 0.13333334,
      "y" : 8.049913,
      "z" : -24.816408
    }, {
      "x" : 0.26666668,
      "y" : 0.32222223,
      "z" : -0.5
    }, {
      "x" : -0.13333334,
      "y" : 0.42222223,
      "z" : -0.6
    }, {
      "x" : 0.26666668,
      "y" : 8.349914,
      "z" : -24.583075
    }, {
      "x" : -0.13333334,
      "y" : 8.449914,
      "z" : -24.683075
    }, {
      "x" : -0.26666668,
      "y" : 0.12222222,
      "z" : -0.8333333
    }, {
      "x" : 0.13333334,
      "y" : 0.022222223,
      "z" : -0.73333335
    } ],
    "faces" : [ {
      "vertices" : [ 2, 3, 6 ]
    }, {
      "vertices" : [ 2, 6, 7 ]
    }, {
      "vertices" : [ 0, 5, 4 ]
    }, {
      "vertices" : [ 0, 4, 1 ]
    }, {
      "vertices" : [ 2, 4, 5 ]
    }, {
      "vertices" : [ 2, 5, 3 ]
    }, {
      "vertices" : [ 0, 6, 3 ]
    }, {
      "vertices" : [ 0, 3, 5 ]
    }, {
      "vertices" : [ 0, 1, 7 ]
    }, {
      "vertices" : [ 0, 7, 6 ]
    }, {
      "vertices" : [ 1, 4, 2 ]
    }, {
      "vertices" : [ 1, 2, 7 ]
    } ]
  }, {
    "id" : "46991007-d22c-49e3-ab37-bc0592859a98",
    "vertices" : [ {
      "x" : 0.309017,
      "y" : -0.809017,
      "z" : 0.618034
    }, {
      "x" : 0.809017,
      "y" : -0.618034,
      "z" : 0.309017
    }, {
      "x" : 0.618034,
      "y" : -0.309017,
      "z" : 0.809017
    }, {
      "x" : 1.0,
      "y" : 0.309017,
      "z" : 0.19098301
    }, {
      "x" : 0.809017,
      "y" : 0.618034,
      "z" : 0.309017
    }, {
      "x" : 0.618034,
      "y" : 0.309017,
      "z" : 0.809017
    }, {
      "x" : 0.809017,
      "y" : 0.0,
      "z" : 0.690983
    }, {
      "x" : 0.19098301,
      "y" : -1.0,
      "z" : 0.309017
    }, {
      "x" : -0.19098301,
      "y" : -1.0,
      "z" : 0.309017
    }, {
      "x" : -0.19098301,
      "y" : -1.0,
      "z" : -0.309017
    }, {
      "x" : 0.19098301,
      "y" : -1.0,
      "z" : -0.309017
    }, {
      "x" : 1.0,
      "y" : -0.309017,
      "z" : -0.19098301
    }, {
      "x" : 0.809017,
      "y" : -0.618034,
      "z" : -0.309017
    }, {
      "x" : 0.618034,
      "y" : -0.309017,
      "z" : -0.809017
    }, {
      "x" : 0.809017,
      "y" : 0.0,
      "z" : -0.690983
    }, {
      "x" : 0.0,
      "y" : 0.690983,
      "z" : -0.809017
    }, {
      "x" : 0.309017,
      "y" : 0.809017,
      "z" : -0.618034
    }, {
      "x" : 0.618034,
      "y" : 0.309017,
      "z" : -0.809017
    }, {
      "x" : 0.309017,
      "y" : 0.19098301,
      "z" : -1.0
    }, {
      "x" : 1.0,
      "y" : 0.309017,
      "z" : -0.19098301
    }, {
      "x" : -0.309017,
      "y" : -0.809017,
      "z" : 0.618034
    }, {
      "x" : 0.0,
      "y" : -0.690983,
      "z" : 0.809017
    }, {
      "x" : 0.809017,
      "y" : 0.618034,
      "z" : -0.309017
    }, {
      "x" : 0.690983,
      "y" : 0.809017,
      "z" : 0.0
    }, {
      "x" : -0.690983,
      "y" : 0.809017,
      "z" : 0.0
    }, {
      "x" : -0.809017,
      "y" : 0.618034,
      "z" : 0.309017
    }, {
      "x" : -0.309017,
      "y" : 0.809017,
      "z" : 0.618034
    }, {
      "x" : -0.19098301,
      "y" : 1.0,
      "z" : 0.309017
    }, {
      "x" : 0.309017,
      "y" : -0.19098301,
      "z" : -1.0
    }, {
      "x" : 0.19098301,
      "y" : 1.0,
      "z" : 0.309017
    }, {
      "x" : 0.309017,
      "y" : 0.809017,
      "z" : 0.618034
    }, {
      "x" : -0.809017,
      "y" : -0.618034,
      "z" : 0.309017
    }, {
      "x" : -0.690983,
      "y" : -0.809017,
      "z" : 0.0
    }, {
      "x" : 0.0,
      "y" : 0.690983,
      "z" : 0.809017
    }, {
      "x" : 0.309017,
      "y" : -0.809017,
      "z" : -0.618034
    }, {
      "x" : 0.0,
      "y" : -0.690983,
      "z" : -0.809017
    }, {
      "x" : -1.0,
      "y" : 0.309017,
      "z" : 0.19098301
    }, {
      "x" : -0.809017,
      "y" : 0.0,
      "z" : 0.690983
    }, {
      "x" : -0.618034,
      "y" : 0.309017,
      "z" : 0.809017
    }, {
      "x" : 1.0,
      "y" : -0.309017,
      "z" : 0.19098301
    }, {
      "x" : -0.309017,
      "y" : -0.809017,
      "z" : -0.618034
    }, {
      "x" : -1.0,
      "y" : 0.309017,
      "z" : -0.19098301
    }, {
      "x" : -1.0,
      "y" : -0.309017,
      "z" : -0.19098301
    }, {
      "x" : -1.0,
      "y" : -0.309017,
      "z" : 0.19098301
    }, {
      "x" : 0.19098301,
      "y" : 1.0,
      "z" : -0.309017
    }, {
      "x" : -0.809017,
      "y" : 0.618034,
      "z" : -0.309017
    }, {
      "x" : -0.19098301,
      "y" : 1.0,
      "z" : -0.309017
    }, {
      "x" : -0.309017,
      "y" : 0.809017,
      "z" : -0.618034
    }, {
      "x" : -0.618034,
      "y" : -0.309017,
      "z" : 0.809017
    }, {
      "x" : 0.309017,
      "y" : 0.19098301,
      "z" : 1.0
    }, {
      "x" : -0.309017,
      "y" : 0.19098301,
      "z" : -1.0
    }, {
      "x" : -0.309017,
      "y" : 0.19098301,
      "z" : 1.0
    }, {
      "x" : -0.309017,
      "y" : -0.19098301,
      "z" : 1.0
    }, {
      "x" : 0.309017,
      "y" : -0.19098301,
      "z" : 1.0
    }, {
      "x" : 0.690983,
      "y" : -0.809017,
      "z" : 0.0
    }, {
      "x" : -0.809017,
      "y" : 0.0,
      "z" : -0.690983
    }, {
      "x" : -0.618034,
      "y" : -0.309017,
      "z" : -0.809017
    }, {
      "x" : -0.309017,
      "y" : -0.19098301,
      "z" : -1.0
    }, {
      "x" : -0.618034,
      "y" : 0.309017,
      "z" : -0.809017
    }, {
      "x" : -0.809017,
      "y" : -0.618034,
      "z" : -0.309017
    } ],
    "faces" : [ {
      "vertices" : [ 9, 40, 35 ]
    }, {
      "vertices" : [ 9, 35, 34 ]
    }, {
      "vertices" : [ 9, 34, 10 ]
    }, {
      "vertices" : [ 0, 1, 2 ]
    }, {
      "vertices" : [ 33, 51, 49 ]
    }, {
      "vertices" : [ 25, 36, 37 ]
    }, {
      "vertices" : [ 25, 37, 38 ]
    }, {
      "vertices" : [ 41, 55, 42 ]
    }, {
      "vertices" : [ 9, 32, 59 ]
    }, {
      "vertices" : [ 9, 59, 40 ]
    }, {
      "vertices" : [ 20, 21, 52 ]
    }, {
      "vertices" : [ 20, 52, 48 ]
    }, {
      "vertices" : [ 26, 33, 30 ]
    }, {
      "vertices" : [ 26, 30, 29 ]
    }, {
      "vertices" : [ 26, 29, 27 ]
    }, {
      "vertices" : [ 3, 4, 5 ]
    }, {
      "vertices" : [ 3, 5, 6 ]
    }, {
      "vertices" : [ 27, 29, 44 ]
    }, {
      "vertices" : [ 27, 44, 46 ]
    }, {
      "vertices" : [ 50, 57, 56 ]
    }, {
      "vertices" : [ 50, 56, 55 ]
    }, {
      "vertices" : [ 50, 55, 58 ]
    }, {
      "vertices" : [ 26, 38, 51 ]
    }, {
      "vertices" : [ 26, 51, 33 ]
    }, {
      "vertices" : [ 45, 47, 58 ]
    }, {
      "vertices" : [ 18, 28, 57 ]
    }, {
      "vertices" : [ 18, 57, 50 ]
    }, {
      "vertices" : [ 40, 59, 56 ]
    }, {
      "vertices" : [ 31, 48, 37 ]
    }, {
      "vertices" : [ 31, 37, 43 ]
    }, {
      "vertices" : [ 7, 8, 9 ]
    }, {
      "vertices" : [ 7, 9, 10 ]
    }, {
      "vertices" : [ 36, 41, 42 ]
    }, {
      "vertices" : [ 36, 42, 43 ]
    }, {
      "vertices" : [ 24, 46, 47 ]
    }, {
      "vertices" : [ 24, 47, 45 ]
    }, {
      "vertices" : [ 4, 30, 5 ]
    }, {
      "vertices" : [ 15, 47, 46 ]
    }, {
      "vertices" : [ 15, 46, 44 ]
    }, {
      "vertices" : [ 15, 44, 16 ]
    }, {
      "vertices" : [ 15, 50, 58 ]
    }, {
      "vertices" : [ 15, 58, 47 ]
    }, {
      "vertices" : [ 24, 45, 41 ]
    }, {
      "vertices" : [ 24, 41, 36 ]
    }, {
      "vertices" : [ 24, 36, 25 ]
    }, {
      "vertices" : [ 11, 14, 19 ]
    }, {
      "vertices" : [ 3, 6, 39 ]
    }, {
      "vertices" : [ 1, 39, 6 ]
    }, {
      "vertices" : [ 1, 6, 2 ]
    }, {
      "vertices" : [ 8, 32, 9 ]
    }, {
      "vertices" : [ 11, 12, 13 ]
    }, {
      "vertices" : [ 11, 13, 14 ]
    }, {
      "vertices" : [ 16, 22, 17 ]
    }, {
      "vertices" : [ 0, 21, 20 ]
    }, {
      "vertices" : [ 0, 20, 8 ]
    }, {
      "vertices" : [ 0, 8, 7 ]
    }, {
      "vertices" : [ 12, 34, 13 ]
    }, {
      "vertices" : [ 35, 40, 56 ]
    }, {
      "vertices" : [ 35, 56, 57 ]
    }, {
      "vertices" : [ 0, 7, 54 ]
    }, {
      "vertices" : [ 0, 54, 1 ]
    }, {
      "vertices" : [ 15, 16, 17 ]
    }, {
      "vertices" : [ 15, 17, 18 ]
    }, {
      "vertices" : [ 3, 19, 22 ]
    }, {
      "vertices" : [ 3, 22, 23 ]
    }, {
      "vertices" : [ 3, 23, 4 ]
    }, {
      "vertices" : [ 7, 10, 54 ]
    }, {
      "vertices" : [ 41, 45, 58 ]
    }, {
      "vertices" : [ 41, 58, 55 ]
    }, {
      "vertices" : [ 3, 39, 11 ]
    }, {
      "vertices" : [ 3, 11, 19 ]
    }, {
      "vertices" : [ 14, 17, 22 ]
    }, {
      "vertices" : [ 14, 22, 19 ]
    }, {
      "vertices" : [ 0, 2, 53 ]
    }, {
      "vertices" : [ 0, 53, 21 ]
    }, {
      "vertices" : [ 49, 51, 52 ]
    }, {
      "vertices" : [ 49, 52, 53 ]
    }, {
      "vertices" : [ 31, 43, 42 ]
    }, {
      "vertices" : [ 31, 42, 59 ]
    }, {
      "vertices" : [ 31, 59, 32 ]
    }, {
      "vertices" : [ 15, 18, 50 ]
    }, {
      "vertices" : [ 42, 55, 56 ]
    }, {
      "vertices" : [ 42, 56, 59 ]
    }, {
      "vertices" : [ 4, 23, 29 ]
    }, {
      "vertices" : [ 4, 29, 30 ]
    }, {
      "vertices" : [ 25, 38, 26 ]
    }, {
      "vertices" : [ 13, 28, 18 ]
    }, {
      "vertices" : [ 13, 18, 17 ]
    }, {
      "vertices" : [ 13, 17, 14 ]
    }, {
      "vertices" : [ 8, 20, 31 ]
    }, {
      "vertices" : [ 8, 31, 32 ]
    }, {
      "vertices" : [ 23, 44, 29 ]
    }, {
      "vertices" : [ 24, 27, 46 ]
    }, {
      "vertices" : [ 37, 48, 52 ]
    }, {
      "vertices" : [ 37, 52, 51 ]
    }, {
      "vertices" : [ 37, 51, 38 ]
    }, {
      "vertices" : [ 20, 48, 31 ]
    }, {
      "vertices" : [ 24, 25, 26 ]
    }, {
      "vertices" : [ 24, 26, 27 ]
    }, {
      "vertices" : [ 16, 44, 23 ]
    }, {
      "vertices" : [ 16, 23, 22 ]
    }, {
      "vertices" : [ 13, 34, 35 ]
    }, {
      "vertices" : [ 13, 35, 28 ]
    }, {
      "vertices" : [ 10, 34, 12 ]
    }, {
      "vertices" : [ 10, 12, 54 ]
    }, {
      "vertices" : [ 2, 6, 5 ]
    }, {
      "vertices" : [ 2, 5, 49 ]
    }, {
      "vertices" : [ 2, 49, 53 ]
    }, {
      "vertices" : [ 36, 43, 37 ]
    }, {
      "vertices" : [ 5, 30, 33 ]
    }, {
      "vertices" : [ 5, 33, 49 ]
    }, {
      "vertices" : [ 1, 54, 12 ]
    }, {
      "vertices" : [ 1, 12, 11 ]
    }, {
      "vertices" : [ 1, 11, 39 ]
    }, {
      "vertices" : [ 28, 35, 57 ]
    }, {
      "vertices" : [ 21, 53, 52 ]
    } ]
  } ],
  "instances" : [ {
    "shape" : "09c8efba-20b6-4a2e-9458-a3abf0a6d8f9",
    "color" : "#FFFFFF",
    "position" : {
      "x" : 0.0,
      "y" : 16.944271,
      "z" : 8.472136
    },
    "orientation" : 46
  }, {
    "shape" : "a59f5a7a-249d-44c2-b6ed-d7686253b71e",
    "color" : "#CC9900",
    "position" : {
      "x" : 0.0,
      "y" : -8.472136,
      "z" : 25.416409
    },
    "orientation" : 17
  }, {
    "shape" : "2cef92b5-2b69-4340-8209-f583c2852a6c",
    "color" : "#FFFFFF",
    "position" : {
      "x" : -16.944271,
      "y" : 25.416409,
      "z" : 8.472136
    },
    "orientation" : 46
  }, {
    "shape" : "29e0957b-e600-40f1-876b-c2c951044078",
    "color" : "#FFFFFF",
    "position" : {
      "x" : -8.472136,
      "y" : 0.0,
      "z" : -16.944271
    },
    "orientation" : 46
  }, {
    "shape" : "a59f5a7a-249d-44c2-b6ed-d7686253b71e",
    "color" : "#CC9900",
    "position" : {
      "x" : -25.416409,
      "y" : 0.0,
      "z" : 8.472136
    },
    "orientation" : 46
  }, {
    "shape" : "46991007-d22c-49e3-ab37-bc0592859a98",
    "color" : "#FFFFFF",
    "position" : {
      "x" : 0.0,
      "y" : 8.472136,
      "z" : -25.416409
    }
  }, {
    "shape" : "29e0957b-e600-40f1-876b-c2c951044078",
    "color" : "#FFFFFF",
    "position" : {
      "x" : -8.472136,
      "y" : -25.416409,
      "z" : 0.0
    },
    "orientation" : 46
  }, {
    "shape" : "2cef92b5-2b69-4340-8209-f583c2852a6c",
    "color" : "#FFFFFF",
    "position" : {
      "x" : 25.416409,
      "y" : 0.0,
      "z" : -8.472136
    },
    "orientation" : 17
  }, {
    "shape" : "a59f5a7a-249d-44c2-b6ed-d7686253b71e",
    "color" : "#CC9900",
    "position" : {
      "x" : 0.0,
      "y" : -25.416409,
      "z" : 16.944271
    },
    "orientation" : 1
  }, {
    "shape" : "a59f5a7a-249d-44c2-b6ed-d7686253b71e",
    "color" : "#CC9900",
    "position" : {
      "x" : 25.416409,
      "y" : 0.0,
      "z" : -8.472136
    },
    "orientation" : 1
  }, {
    "shape" : "09c8efba-20b6-4a2e-9458-a3abf0a6d8f9",
    "color" : "#FFFFFF",
    "position" : {
      "x" : -8.472136,
      "y" : -25.416409,
      "z" : 0.0
    },
    "orientation" : 17
  }, {
    "shape" : "a59f5a7a-249d-44c2-b6ed-d7686253b71e",
    "color" : "#CC9900",
    "position" : {
      "x" : 0.0,
      "y" : 16.944271,
      "z" : 8.472136
    },
    "orientation" : 17
  }, {
    "shape" : "09c8efba-20b6-4a2e-9458-a3abf0a6d8f9",
    "color" : "#FFFFFF",
    "position" : {
      "x" : 0.0,
      "y" : 8.472136,
      "z" : -25.416409
    },
    "orientation" : 17
  }, {
    "shape" : "a59f5a7a-249d-44c2-b6ed-d7686253b71e",
    "color" : "#CC9900",
    "position" : {
      "x" : -16.944271,
      "y" : 8.472136,
      "z" : 0.0
    },
    "orientation" : 1
  }, {
    "shape" : "2cef92b5-2b69-4340-8209-f583c2852a6c",
    "color" : "#FFFFFF",
    "position" : {
      "x" : 25.416409,
      "y" : 16.944271,
      "z" : 0.0
    },
    "orientation" : 46
  }, {
    "shape" : "a59f5a7a-249d-44c2-b6ed-d7686253b71e",
    "color" : "#CC9900",
    "position" : {
      "x" : -8.472136,
      "y" : -16.944271,
      "z" : -25.416409
    },
    "orientation" : 46
  }, {
    "shape" : "46991007-d22c-49e3-ab37-bc0592859a98",
    "color" : "#FFFFFF",
    "position" : {
      "x" : 16.944271,
      "y" : 0.0,
      "z" : -25.416409
    }
  }, {
    "shape" : "2cef92b5-2b69-4340-8209-f583c2852a6c",
    "color" : "#FFFFFF",
    "position" : {
      "x" : -16.944271,
      "y" : 8.472136,
      "z" : 0.0
    },
    "orientation" : 32
  }, {
    "shape" : "09c8efba-20b6-4a2e-9458-a3abf0a6d8f9",
    "color" : "#FFFFFF",
    "position" : {
      "x" : 8.472136,
      "y" : 0.0,
      "z" : 16.944271
    },
    "orientation" : 0
  }, {
    "shape" : "09c8efba-20b6-4a2e-9458-a3abf0a6d8f9",
    "color" : "#FFFFFF",
    "position" : {
      "x" : 16.944271,
      "y" : 0.0,
      "z" : -25.416409
    },
    "orientation" : 17
  }, {
    "shape" : "46991007-d22c-49e3-ab37-bc0592859a98",
    "color" : "#FFFFFF",
    "position" : {
      "x" : -16.944271,
      "y" : 0.0,
      "z" : 25.416409
    }
  }, {
    "shape" : "a59f5a7a-249d-44c2-b6ed-d7686253b71e",
    "color" : "#CC9900",
    "position" : {
      "x" : 25.416409,
      "y" : 0.0,
      "z" : -8.472136
    },
    "orientation" : 15
  }, {
    "shape" : "46991007-d22c-49e3-ab37-bc0592859a98",
    "color" : "#FFFFFF",
    "position" : {
      "x" : -25.416409,
      "y" : -16.944271,
      "z" : 0.0
    }
  }, {
    "shape" : "29e0957b-e600-40f1-876b-c2c951044078",
    "color" : "#FFFFFF",
    "position" : {
      "x" : 16.944271,
      "y" : -8.472136,
      "z" : 0.0
    },
    "orientation" : 0
  }, {
    "shape" : "a59f5a7a-249d-44c2-b6ed-d7686253b71e",
    "color" : "#CC9900",
    "position" : {
      "x" : 25.416409,
      "y" : 16.944271,
      "z" : 0.0
    },
    "orientation" : 17
  }, {
    "shape" : "a59f5a7a-249d-44c2-b6ed-d7686253b71e",
    "color" : "#CC9900",
    "position" : {
      "x" : -8.472136,
      "y" : 0.0,
      "z" : -16.944271
    },
    "orientation" : 17
  }, {
    "shape" : "29e0957b-e600-40f1-876b-c2c951044078",
    "color" : "#FFFFFF",
    "position" : {
      "x" : 16.944271,
      "y" : -8.472136,
      "z" : 0.0
    },
    "orientation" : 17
  }, {
    "shape" : "2cef92b5-2b69-4340-8209-f583c2852a6c",
    "color" : "#FFFFFF",
    "position" : {
      "x" : -8.472136,
      "y" : 0.0,
      "z" : -16.944271
    },
    "orientation" : 46
  }, {
    "shape" : "09c8efba-20b6-4a2e-9458-a3abf0a6d8f9",
    "color" : "#FFFFFF",
    "position" : {
      "x" : 8.472136,
      "y" : 25.416409,
      "z" : 0.0
    },
    "orientation" : 46
  }, {
    "shape" : "09c8efba-20b6-4a2e-9458-a3abf0a6d8f9",
    "color" : "#FFFFFF",
    "position" : {
      "x" : 25.416409,
      "y" : 0.0,
      "z" : -8.472136
    },
    "orientation" : 0
  }, {
    "shape" : "2cef92b5-2b69-4340-8209-f583c2852a6c",
    "color" : "#FFFFFF",
    "position" : {
      "x" : 0.0,
      "y" : 25.416409,
      "z" : -16.944271
    },
    "orientation" : 17
  }, {
    "shape" : "46991007-d22c-49e3-ab37-bc0592859a98",
    "color" : "#FFFFFF",
    "position" : {
      "x" : 8.472136,
      "y" : 25.416409,
      "z" : 0.0
    }
  }, {
    "shape" : "46991007-d22c-49e3-ab37-bc0592859a98",
    "color" : "#FFFFFF",
    "position" : {
      "x" : 0.0,
      "y" : -16.944271,
      "z" : -8.472136
    }
  }, {
    "shape" : "09c8efba-20b6-4a2e-9458-a3abf0a6d8f9",
    "color" : "#FFFFFF",
    "position" : {
      "x" : 16.944271,
      "y" : -25.416409,
      "z" : -8.472136
    },
    "orientation" : 0
  }, {
    "shape" : "09c8efba-20b6-4a2e-9458-a3abf0a6d8f9",
    "color" : "#FFFFFF",
    "position" : {
      "x" : -8.472136,
      "y" : 0.0,
      "z" : -16.944271
    },
    "orientation" : 17
  }, {
    "shape" : "46991007-d22c-49e3-ab37-bc0592859a98",
    "color" : "#FFFFFF",
    "position" : {
      "x" : 0.0,
      "y" : 0.0,
      "z" : 0.0
    }
  }, {
    "shape" : "2cef92b5-2b69-4340-8209-f583c2852a6c",
    "color" : "#FFFFFF",
    "position" : {
      "x" : 0.0,
      "y" : -25.416409,
      "z" : 16.944271
    },
    "orientation" : 30
  }, {
    "shape" : "29e0957b-e600-40f1-876b-c2c951044078",
    "color" : "#FFFFFF",
    "position" : {
      "x" : -25.416409,
      "y" : 0.0,
      "z" : 8.472136
    },
    "orientation" : 17
  }, {
    "shape" : "2cef92b5-2b69-4340-8209-f583c2852a6c",
    "color" : "#FFFFFF",
    "position" : {
      "x" : 8.472136,
      "y" : 16.944271,
      "z" : 25.416409
    },
    "orientation" : 32
  }, {
    "shape" : "2cef92b5-2b69-4340-8209-f583c2852a6c",
    "color" : "#FFFFFF",
    "position" : {
      "x" : 0.0,
      "y" : -25.416409,
      "z" : 16.944271
    },
    "orientation" : 32
  }, {
    "shape" : "2cef92b5-2b69-4340-8209-f583c2852a6c",
    "color" : "#FFFFFF",
    "position" : {
      "x" : -25.416409,
      "y" : 0.0,
      "z" : 8.472136
    },
    "orientation" : 30
  }, {
    "shape" : "09c8efba-20b6-4a2e-9458-a3abf0a6d8f9",
    "color" : "#FFFFFF",
    "position" : {
      "x" : 0.0,
      "y" : -8.472136,
      "z" : 25.416409
    },
    "orientation" : 0
  }, {
    "shape" : "a59f5a7a-249d-44c2-b6ed-d7686253b71e",
    "color" : "#CC9900",
    "position" : {
      "x" : 16.944271,
      "y" : -25.416409,
      "z" : -8.472136
    },
    "orientation" : 17
  }, {
    "shape" : "46991007-d22c-49e3-ab37-bc0592859a98",
    "color" : "#FFFFFF",
    "position" : {
      "x" : -16.944271,
      "y" : 25.416409,
      "z" : 8.472136
    }
  }, {
    "shape" : "29e0957b-e600-40f1-876b-c2c951044078",
    "color" : "#FFFFFF",
    "position" : {
      "x" : 0.0,
      "y" : -25.416409,
      "z" : 16.944271
    },
    "orientation" : 0
  }, {
    "shape" : "29e0957b-e600-40f1-876b-c2c951044078",
    "color" : "#FFFFFF",
    "position" : {
      "x" : -8.472136,
      "y" : -16.944271,
      "z" : -25.416409
    },
    "orientation" : 15
  }, {
    "shape" : "29e0957b-e600-40f1-876b-c2c951044078",
    "color" : "#FFFFFF",
    "position" : {
      "x" : 0.0,
      "y" : 25.416409,
      "z" : -16.944271
    },
    "orientation" : 15
  }, {
    "shape" : "29e0957b-e600-40f1-876b-c2c951044078",
    "color" : "#FFFFFF",
    "position" : {
      "x" : -25.416409,
      "y" : 8.472136,
      "z" : -16.944271
    },
    "orientation" : 46
  }, {
    "shape" : "46991007-d22c-49e3-ab37-bc0592859a98",
    "color" : "#FFFFFF",
    "position" : {
      "x" : 25.416409,
      "y" : 16.944271,
      "z" : 0.0
    }
  }, {
    "shape" : "29e0957b-e600-40f1-876b-c2c951044078",
    "color" : "#FFFFFF",
    "position" : {
      "x" : -16.944271,
      "y" : 8.472136,
      "z" : 0.0
    },
    "orientation" : 47
  }, {
    "shape" : "46991007-d22c-49e3-ab37-bc0592859a98",
    "color" : "#FFFFFF",
    "position" : {
      "x" : -16.944271,
      "y" : 8.472136,
      "z" : 0.0
    }
  }, {
    "shape" : "29e0957b-e600-40f1-876b-c2c951044078",
    "color" : "#FFFFFF",
    "position" : {
      "x" : 25.416409,
      "y" : 0.0,
      "z" : -8.472136
    },
    "orientation" : 47
  }, {
    "shape" : "46991007-d22c-49e3-ab37-bc0592859a98",
    "color" : "#FFFFFF",
    "position" : {
      "x" : 8.472136,
      "y" : 16.944271,
      "z" : 25.416409
    }
  }, {
    "shape" : "29e0957b-e600-40f1-876b-c2c951044078",
    "color" : "#FFFFFF",
    "position" : {
      "x" : 0.0,
      "y" : 25.416409,
      "z" : -16.944271
    },
    "orientation" : 47
  }, {
    "shape" : "a59f5a7a-249d-44c2-b6ed-d7686253b71e",
    "color" : "#CC9900",
    "position" : {
      "x" : -16.944271,
      "y" : 8.472136,
      "z" : 0.0
    },
    "orientation" : 15
  }, {
    "shape" : "09c8efba-20b6-4a2e-9458-a3abf0a6d8f9",
    "color" : "#FFFFFF",
    "position" : {
      "x" : 0.0,
      "y" : 25.416409,
      "z" : -16.944271
    },
    "orientation" : 46
  }, {
    "shape" : "29e0957b-e600-40f1-876b-c2c951044078",
    "color" : "#FFFFFF",
    "position" : {
      "x" : -16.944271,
      "y" : 8.472136,
      "z" : 0.0
    },
    "orientation" : 15
  }, {
    "shape" : "2cef92b5-2b69-4340-8209-f583c2852a6c",
    "color" : "#FFFFFF",
    "position" : {
      "x" : 0.0,
      "y" : 8.472136,
      "z" : -25.416409
    },
    "orientation" : 46
  }, {
    "shape" : "2cef92b5-2b69-4340-8209-f583c2852a6c",
    "color" : "#FFFFFF",
    "position" : {
      "x" : 0.0,
      "y" : 16.944271,
      "z" : 8.472136
    },
    "orientation" : 46
  }, {
    "shape" : "46991007-d22c-49e3-ab37-bc0592859a98",
    "color" : "#FFFFFF",
    "position" : {
      "x" : -25.416409,
      "y" : 0.0,
      "z" : 8.472136
    }
  }, {
    "shape" : "09c8efba-20b6-4a2e-9458-a3abf0a6d8f9",
    "color" : "#FFFFFF",
    "position" : {
      "x" : -25.416409,
      "y" : 8.472136,
      "z" : -16.944271
    },
    "orientation" : 17
  }, {
    "shape" : "09c8efba-20b6-4a2e-9458-a3abf0a6d8f9",
    "color" : "#FFFFFF",
    "position" : {
      "x" : 0.0,
      "y" : -25.416409,
      "z" : 16.944271
    },
    "orientation" : 0
  }, {
    "shape" : "2cef92b5-2b69-4340-8209-f583c2852a6c",
    "color" : "#FFFFFF",
    "position" : {
      "x" : 8.472136,
      "y" : 25.416409,
      "z" : 0.0
    },
    "orientation" : 46
  }, {
    "shape" : "46991007-d22c-49e3-ab37-bc0592859a98",
    "color" : "#FFFFFF",
    "position" : {
      "x" : 0.0,
      "y" : -8.472136,
      "z" : 25.416409
    }
  }, {
    "shape" : "a59f5a7a-249d-44c2-b6ed-d7686253b71e",
    "color" : "#CC9900",
    "position" : {
      "x" : -8.472136,
      "y" : -16.944271,
      "z" : -25.416409
    },
    "orientation" : 15
  }, {
    "shape" : "46991007-d22c-49e3-ab37-bc0592859a98",
    "color" : "#FFFFFF",
    "position" : {
      "x" : -25.416409,
      "y" : 8.472136,
      "z" : -16.944271
    }
  }, {
    "shape" : "29e0957b-e600-40f1-876b-c2c951044078",
    "color" : "#FFFFFF",
    "position" : {
      "x" : -8.472136,
      "y" : -16.944271,
      "z" : -25.416409
    },
    "orientation" : 17
  }, {
    "shape" : "2cef92b5-2b69-4340-8209-f583c2852a6c",
    "color" : "#FFFFFF",
    "position" : {
      "x" : 25.416409,
      "y" : 0.0,
      "z" : -8.472136
    },
    "orientation" : 0
  }, {
    "shape" : "29e0957b-e600-40f1-876b-c2c951044078",
    "color" : "#FFFFFF",
    "position" : {
      "x" : -16.944271,
      "y" : 0.0,
      "z" : 25.416409
    },
    "orientation" : 46
  }, {
    "shape" : "2cef92b5-2b69-4340-8209-f583c2852a6c",
    "color" : "#FFFFFF",
    "position" : {
      "x" : 16.944271,
      "y" : -8.472136,
      "z" : 0.0
    },
    "orientation" : 0
  }, {
    "shape" : "29e0957b-e600-40f1-876b-c2c951044078",
    "color" : "#FFFFFF",
    "position" : {
      "x" : 0.0,
      "y" : 16.944271,
      "z" : 8.472136
    },
    "orientation" : 46
  }, {
    "shape" : "46991007-d22c-49e3-ab37-bc0592859a98",
    "color" : "#FFFFFF",
    "position" : {
      "x" : -8.472136,
      "y" : -16.944271,
      "z" : -25.416409
    }
  }, {
    "shape" : "2cef92b5-2b69-4340-8209-f583c2852a6c",
    "color" : "#FFFFFF",
    "position" : {
      "x" : 0.0,
      "y" : 25.416409,
      "z" : -16.944271
    },
    "orientation" : 0
  }, {
    "shape" : "a59f5a7a-249d-44c2-b6ed-d7686253b71e",
    "color" : "#CC9900",
    "position" : {
      "x" : 16.944271,
      "y" : -8.472136,
      "z" : 0.0
    },
    "orientation" : 0
  }, {
    "shape" : "46991007-d22c-49e3-ab37-bc0592859a98",
    "color" : "#FFFFFF",
    "position" : {
      "x" : 8.472136,
      "y" : 0.0,
      "z" : 16.944271
    }
  }, {
    "shape" : "2cef92b5-2b69-4340-8209-f583c2852a6c",
    "color" : "#FFFFFF",
    "position" : {
      "x" : -16.944271,
      "y" : 8.472136,
      "z" : 0.0
    },
    "orientation" : 30
  }, {
    "shape" : "09c8efba-20b6-4a2e-9458-a3abf0a6d8f9",
    "color" : "#FFFFFF",
    "position" : {
      "x" : -16.944271,
      "y" : 0.0,
      "z" : 25.416409
    },
    "orientation" : 46
  }, {
    "shape" : "2cef92b5-2b69-4340-8209-f583c2852a6c",
    "color" : "#FFFFFF",
    "position" : {
      "x" : 8.472136,
      "y" : 16.944271,
      "z" : 25.416409
    },
    "orientation" : 0
  }, {
    "shape" : "29e0957b-e600-40f1-876b-c2c951044078",
    "color" : "#FFFFFF",
    "position" : {
      "x" : -25.416409,
      "y" : 0.0,
      "z" : 8.472136
    },
    "orientation" : 0
  }, {
    "shape" : "2cef92b5-2b69-4340-8209-f583c2852a6c",
    "color" : "#FFFFFF",
    "position" : {
      "x" : -8.472136,
      "y" : -16.944271,
      "z" : -25.416409
    },
    "orientation" : 17
  }, {
    "shape" : "2cef92b5-2b69-4340-8209-f583c2852a6c",
    "color" : "#FFFFFF",
    "position" : {
      "x" : -25.416409,
      "y" : 0.0,
      "z" : 8.472136
    },
    "orientation" : 32
  }, {
    "shape" : "09c8efba-20b6-4a2e-9458-a3abf0a6d8f9",
    "color" : "#FFFFFF",
    "position" : {
      "x" : 0.0,
      "y" : -16.944271,
      "z" : -8.472136
    },
    "orientation" : 17
  }, {
    "shape" : "a59f5a7a-249d-44c2-b6ed-d7686253b71e",
    "color" : "#CC9900",
    "position" : {
      "x" : 8.472136,
      "y" : 16.944271,
      "z" : 25.416409
    },
    "orientation" : 0
  }, {
    "shape" : "46991007-d22c-49e3-ab37-bc0592859a98",
    "color" : "#FFFFFF",
    "position" : {
      "x" : 16.944271,
