{
  "polygons" : "true",
  "field" : "golden",
  "symmetry" : "icosahedral",
  "orientations" : [ [ 1.0, 0.0, 0.0, 0.0, 0.0, 1.0, 0.0, 0.0, 0.0, 0.0, 1.0, 0.0, 0.0, 0.0, 0.0, 1.0 ], [ 0.0, 0.0, 1.0, 0.0, 1.0, 0.0, 0.0, 0.0, 0.0, 1.0, 0.0, 0.0, 0.0, 0.0, 0.0, 1.0 ], [ 0.0, 1.0, 0.0, 0.0, 0.0, 0.0, 1.0, 0.0, 1.0, 0.0, 0.0, 0.0, 0.0, 0.0, 0.0, 1.0 ], [ 0.809017, 0.309017, 0.5, 0.0, 0.309017, 0.5, -0.809017, 0.0, -0.5, 0.809017, 0.309017, 0.0, 0.0, 0.0, 0.0, 1.0 ], [ -0.5, 0.809017, 0.309017, 0.0, 0.809017, 0.309017, 0.5, 0.0, 0.309017, 0.5, -0.809017, 0.0, 0.0, 0.0, 0.0, 1.0 ], [ 0.309017, 0.5, -0.809017, 0.0, -0.5, 0.809017, 0.309017, 0.0, 0.809017, 0.309017, 0.5, 0.0, 0.0, 0.0, 0.0, 1.0 ], [ 0.5, 0.809017, 0.309017, 0.0, 0.809017, -0.309017, -0.5, 0.0, -0.309017, 0.5, -0.809017, 0.0, 0.0, 0.0, 0.0, 1.0 ], [ -0.309017, 0.5, -0.809017, 0.0, 0.5, 0.809017, 0.309017, 0.0, 0.809017, -0.309017, -0.5, 0.0, 0.0, 0.0, 0.0, 1.0 ], [ 0.809017, -0.309017, -0.5, 0.0, -0.309017, 0.5, -0.809017, 0.0, 0.5, 0.809017, 0.309017, 0.0, 0.0, 0.0, 0.0, 1.0 ], [ 0.5, 0.809017, -0.309017, 0.0, 0.809017, -0.309017, 0.5, 0.0, 0.309017, -0.5, -0.809017, 0.0, 0.0, 0.0, 0.0, 1.0 ], [ 0.309017, -0.5, -0.809017, 0.0, 0.5, 0.809017, -0.309017, 0.0, 0.809017, -0.309017, 0.5, 0.0, 0.0, 0.0, 0.0, 1.0 ], [ 0.809017, -0.309017, 0.5, 0.0, 0.309017, -0.5, -0.809017, 0.0, 0.5, 0.809017, -0.309017, 0.0, 0.0, 0.0, 0.0, 1.0 ], [ 0.809017, 0.309017, -0.5, 0.0, 0.309017, 0.5, 0.809017, 0.0, 0.5, -0.809017, 0.309017, 0.0, 0.0, 0.0, 0.0, 1.0 ], [ 0.5, -0.809017, 0.309017, 0.0, 0.809017, 0.309017, -0.5, 0.0, 0.309017, 0.5, 0.809017, 0.0, 0.0, 0.0, 0.0, 1.0 ], [ 0.309017, 0.5, 0.809017, 0.0, 0.5, -0.809017, 0.309017, 0.0, 0.809017, 0.309017, -0.5, 0.0, 0.0, 0.0, 0.0, 1.0 ], [ 1.0, 0.0, 0.0, 0.0, 0.0, -1.0, 0.0, 0.0, 0.0, 0.0, -1.0, 0.0, 0.0, 0.0, 0.0, 1.0 ], [ 0.0, 0.0, 1.0, 0.0, -1.0, 0.0, 0.0, 0.0, 0.0, -1.0, 0.0, 0.0, 0.0, 0.0, 0.0, 1.0 ], [ 0.0, 1.0, 0.0, 0.0, 0.0, 0.0, -1.0, 0.0, -1.0, 0.0, 0.0, 0.0, 0.0, 0.0, 0.0, 1.0 ], [ 0.809017, 0.309017, 0.5, 0.0, -0.309017, -0.5, 0.809017, 0.0, 0.5, -0.809017, -0.309017, 0.0, 0.0, 0.0, 0.0, 1.0 ], [ -0.5, 0.809017, 0.309017, 0.0, -0.809017, -0.309017, -0.5, 0.0, -0.309017, -0.5, 0.809017, 0.0, 0.0, 0.0, 0.0, 1.0 ], [ 0.309017, 0.5, -0.809017, 0.0, 0.5, -0.809017, -0.309017, 0.0, -0.809017, -0.309017, -0.5, 0.0, 0.0, 0.0, 0.0, 1.0 ], [ 0.5, 0.809017, 0.309017, 0.0, -0.809017, 0.309017, 0.5, 0.0, 0.309017, -0.5, 0.809017, 0.0, 0.0, 0.0, 0.0, 1.0 ], [ -0.309017, 0.5, -0.809017, 0.0, -0.5, -0.809017, -0.309017, 0.0, -0.809017, 0.309017, 0.5, 0.0, 0.0, 0.0, 0.0, 1.0 ], [ 0.809017, -0.309017, -0.5, 0.0, 0.309017, -0.5, 0.809017, 0.0, -0.5, -0.809017, -0.309017, 0.0, 0.0, 0.0, 0.0, 1.0 ], [ 0.5, 0.809017, -0.309017, 0.0, -0.809017, 0.309017, -0.5, 0.0, -0.309017, 0.5, 0.809017, 0.0, 0.0, 0.0, 0.0, 1.0 ], [ 0.309017, -0.5, -0.809017, 0.0, -0.5, -0.809017, 0.309017, 0.0, -0.809017, 0.309017, -0.5, 0.0, 0.0, 0.0, 0.0, 1.0 ], [ 0.809017, -0.309017, 0.5, 0.0, -0.309017, 0.5, 0.809017, 0.0, -0.5, -0.809017, 0.309017, 0.0, 0.0, 0.0, 0.0, 1.0 ], [ 0.809017, 0.309017, -0.5, 0.0, -0.309017, -0.5, -0.809017, 0.0, -0.5, 0.809017, -0.309017, 0.0, 0.0, 0.0, 0.0, 1.0 ], [ 0.5, -0.809017, 0.309017, 0.0, -0.809017, -0.309017, 0.5, 0.0, -0.309017, -0.5, -0.809017, 0.0, 0.0, 0.0, 0.0, 1.0 ], [ 0.309017, 0.5, 0.809017, 0.0, -0.5, 0.809017, -0.309017, 0.0, -0.809017, -0.309017, 0.5, 0.0, 0.0, 0.0, 0.0, 1.0 ], [ -1.0, 0.0, 0.0, 0.0, 0.0, -1.0, 0.0, 0.0, 0.0, 0.0, 1.0, 0.0, 0.0, 0.0, 0.0, 1.0 ], [ 0.0, 0.0, -1.0, 0.0, -1.0, 0.0, 0.0, 0.0, 0.0, 1.0, 0.0, 0.0, 0.0, 0.0, 0.0, 1.0 ], [ 0.0, -1.0, 0.0, 0.0, 0.0, 0.0, -1.0, 0.0, 1.0, 0.0, 0.0, 0.0, 0.0, 0.0, 0.0, 1.0 ], [ -0.809017, -0.309017, -0.5, 0.0, -0.309017, -0.5, 0.809017, 0.0, -0.5, 0.809017, 0.309017, 0.0, 0.0, 0.0, 0.0, 1.0 ], [ 0.5, -0.809017, -0.309017, 0.0, -0.809017, -0.309017, -0.5, 0.0, 0.309017, 0.5, -0.809017, 0.0, 0.0, 0.0, 0.0, 1.0 ], [ -0.309017, -0.5, 0.809017, 0.0, 0.5, -0.809017, -0.309017, 0.0, 0.809017, 0.309017, 0.5, 0.0, 0.0, 0.0, 0.0, 1.0 ], [ -0.5, -0.809017, -0.309017, 0.0, -0.809017, 0.309017, 0.5, 0.0, -0.309017, 0.5, -0.809017, 0.0, 0.0, 0.0, 0.0, 1.0 ], [ 0.309017, -0.5, 0.809017, 0.0, -0.5, -0.809017, -0.309017, 0.0, 0.809017, -0.309017, -0.5, 0.0, 0.0, 0.0, 0.0, 1.0 ], [ -0.809017, 0.309017, 0.5, 0.0, 0.309017, -0.5, 0.809017, 0.0, 0.5, 0.809017, 0.309017, 0.0, 0.0, 0.0, 0.0, 1.0 ], [ -0.5, -0.809017, 0.309017, 0.0, -0.809017, 0.309017, -0.5, 0.0, 0.309017, -0.5, -0.809017, 0.0, 0.0, 0.0, 0.0, 1.0 ], [ -0.309017, 0.5, 0.809017, 0.0, -0.5, -0.809017, 0.309017, 0.0, 0.809017, -0.309017, 0.5, 0.0, 0.0, 0.0, 0.0, 1.0 ], [ -0.809017, 0.309017, -0.5, 0.0, -0.309017, 0.5, 0.809017, 0.0, 0.5, 0.809017, -0.309017, 0.0, 0.0, 0.0, 0.0, 1.0 ], [ -0.809017, -0.309017, 0.5, 0.0, -0.309017, -0.5, -0.809017, 0.0, 0.5, -0.809017, 0.309017, 0.0, 0.0, 0.0, 0.0, 1.0 ], [ -0.5, 0.809017, -0.309017, 0.0, -0.809017, -0.309017, 0.5, 0.0, 0.309017, 0.5, 0.809017, 0.0, 0.0, 0.0, 0.0, 1.0 ], [ -0.309017, -0.5, -0.809017, 0.0, -0.5, 0.809017, -0.309017, 0.0, 0.809017, 0.309017, -0.5, 0.0, 0.0, 0.0, 0.0, 1.0 ], [ -1.0, 0.0, 0.0, 0.0, 0.0, 1.0, 0.0, 0.0, 0.0, 0.0, -1.0, 0.0, 0.0, 0.0, 0.0, 1.0 ], [ 0.0, 0.0, -1.0, 0.0, 1.0, 0.0, 0.0, 0.0, 0.0, -1.0, 0.0, 0.0, 0.0, 0.0, 0.0, 1.0 ], [ 0.0, -1.0, 0.0, 0.0, 0.0, 0.0, 1.0, 0.0, -1.0, 0.0, 0.0, 0.0, 0.0, 0.0, 0.0, 1.0 ], [ -0.809017, -0.309017, -0.5, 0.0, 0.309017, 0.5, -0.809017, 0.0, 0.5, -0.809017, -0.309017, 0.0, 0.0, 0.0, 0.0, 1.0 ], [ 0.5, -0.809017, -0.309017, 0.0, 0.809017, 0.309017, 0.5, 0.0, -0.309017, -0.5, 0.809017, 0.0, 0.0, 0.0, 0.0, 1.0 ], [ -0.309017, -0.5, 0.809017, 0.0, -0.5, 0.809017, 0.309017, 0.0, -0.809017, -0.309017, -0.5, 0.0, 0.0, 0.0, 0.0, 1.0 ], [ -0.5, -0.809017, -0.309017, 0.0, 0.809017, -0.309017, -0.5, 0.0, 0.309017, -0.5, 0.809017, 0.0, 0.0, 0.0, 0.0, 1.0 ], [ 0.309017, -0.5, 0.809017, 0.0, 0.5, 0.809017, 0.309017, 0.0, -0.809017, 0.309017, 0.5, 0.0, 0.0, 0.0, 0.0, 1.0 ], [ -0.809017, 0.309017, 0.5, 0.0, -0.309017, 0.5, -0.809017, 0.0, -0.5, -0.809017, -0.309017, 0.0, 0.0, 0.0, 0.0, 1.0 ], [ -0.5, -0.809017, 0.309017, 0.0, 0.809017, -0.309017, 0.5, 0.0, -0.309017, 0.5, 0.809017, 0.0, 0.0, 0.0, 0.0, 1.0 ], [ -0.309017, 0.5, 0.809017, 0.0, 0.5, 0.809017, -0.309017, 0.0, -0.809017, 0.309017, -0.5, 0.0, 0.0, 0.0, 0.0, 1.0 ], [ -0.809017, 0.309017, -0.5, 0.0, 0.309017, -0.5, -0.809017, 0.0, -0.5, -0.809017, 0.309017, 0.0, 0.0, 0.0, 0.0, 1.0 ], [ -0.809017, -0.309017, 0.5, 0.0, 0.309017, 0.5, 0.809017, 0.0, -0.5, 0.809017, -0.309017, 0.0, 0.0, 0.0, 0.0, 1.0 ], [ -0.5, 0.809017, -0.309017, 0.0, 0.809017, 0.309017, -0.5, 0.0, -0.309017, -0.5, -0.809017, 0.0, 0.0, 0.0, 0.0, 1.0 ], [ -0.309017, -0.5, -0.809017, 0.0, 0.5, -0.809017, 0.309017, 0.0, -0.809017, -0.309017, 0.5, 0.0, 0.0, 0.0, 0.0, 1.0 ] ],
  "lights" : {
    "directionalLights" : [ {
      "direction" : [ 1.0, -1.0, -1.0 ],
      "color" : "#EBEBE4"
    }, {
      "direction" : [ -1.0, 0.0, 0.0 ],
      "color" : "#E4E4EB"
    }, {
      "direction" : [ 0.0, 0.0, -1.0 ],
      "color" : "#1E1E1E"
    } ],
    "backgroundColor" : "#AFC8DC",
    "ambientColor" : "#292929"
  },
  "camera" : {
    "width" : 72.99362,
    "position" : {
      "x" : 110.872604,
      "y" : 75.875565,
      "z" : 90.89318
    },
    "viewDistance" : 162.208,
    "perspective" : false,
    "lookDirectionRV" : {
      "x" : -0.6835212,
      "y" : -0.46776712,
      "z" : -0.5603496,
      "zero" : false
    },
    "lookAtPointRV" : {
      "x" : 0.0,
      "y" : 0.0,
      "z" : 0.0,
      "zero" : true
    },
    "fieldOfView" : 0.44262904,
    "upDirectionRV" : {
      "x" : -0.340171,
      "y" : 0.88334835,
      "z" : -0.32245523,
      "zero" : false
    },
    "lookAtPoint" : {
      "x" : 0.0,
      "y" : 0.0,
      "z" : 0.0
    },
    "farClipDistance" : 324.416,
    "upDirection" : {
      "x" : -0.340171,
      "y" : 0.88334835,
      "z" : -0.32245523
    },
    "lookDirection" : {
      "x" : -0.6835212,
      "y" : -0.46776712,
      "z" : -0.5603496
    },
    "nearClipDistance" : 0.40551978,
    "stereo" : false
  },
  "embedding" : [ 1.0, 0.0, 0.0, 0.0, 0.0, 1.0, 0.0, 0.0, 0.0, 0.0, 1.0, 0.0, 0.0, 0.0, 0.0, 1.0 ],
  "shapes" : [ {
    "id" : "6afb4b27-262f-4cec-9449-348368cebc10",
    "vertices" : [ {
      "x" : 0.0,
      "y" : 0.0,
      "z" : 0.0
    }, {
      "x" : 2.5,
      "y" : -9.045085,
      "z" : 6.545085
    }, {
      "x" : 1.881966,
      "y" : -13.281153,
      "z" : 4.927051
    }, {
      "x" : -1.618034,
      "y" : -0.618034,
      "z" : -4.236068
    } ],
    "faces" : [ {
      "vertices" : [ 0, 1, 2, 3 ]
    }, {
      "vertices" : [ 0, 3, 2, 1 ]
    } ]
  }, {
    "id" : "078c61ab-b145-4cd1-94e7-1ec7d8b148bc",
    "vertices" : [ {
      "x" : 0.0,
      "y" : 0.0,
      "z" : 0.0
    }, {
      "x" : -2.163119,
      "y" : 14.826238,
      "z" : -5.663119
    }, {
      "x" : -1.163119,
      "y" : 18.444271,
      "z" : -3.045085
    }, {
      "x" : 2.236068,
      "y" : -4.854102,
      "z" : 5.854102
    } ],
    "faces" : [ {
      "vertices" : [ 0, 1, 2, 3 ]
    }, {
      "vertices" : [ 0, 3, 2, 1 ]
    } ]
  }, {
    "id" : "f090d068-3aed-4a79-96b6-dd3172f9b5b0",
    "vertices" : [ {
      "x" : 0.0,
      "y" : 0.0,
      "z" : 0.0
    }, {
      "x" : 0.618034,
      "y" : -4.236068,
      "z" : 1.618034
    }, {
      "x" : -1.881966,
      "y" : -13.281153,
      "z" : -4.927051
    }, {
      "x" : -4.5,
      "y" : -16.281153,
      "z" : -11.781153
    } ],
    "faces" : [ {
      "vertices" : [ 0, 1, 2, 3 ]
    }, {
      "vertices" : [ 0, 3, 2, 1 ]
    } ]
  }, {
    "id" : "293748b4-0b28-44ba-81cf-bf2ed00fa484",
    "vertices" : [ {
      "x" : 0.0,
      "y" : 0.0,
      "z" : 0.0
    }, {
      "x" : -4.045085,
      "y" : -1.545085,
      "z" : -10.59017
    }, {
      "x" : -5.045085,
      "y" : 2.072949,
      "z" : -13.208204
    }, {
      "x" : 0.618034,
      "y" : 4.236068,
      "z" : 1.618034
    } ],
    "faces" : [ {
      "vertices" : [ 0, 1, 2, 3 ]
    }, {
      "vertices" : [ 0, 3, 2, 1 ]
    } ]
  }, {
    "id" : "60208594-d7aa-4366-8132-8906da6e3c64",
    "vertices" : [ {
      "x" : 0.0,
      "y" : 0.0,
      "z" : 0.0
    }, {
      "x" : 1.545085,
      "y" : 10.59017,
      "z" : 4.045085
    }, {
      "x" : 3.163119,
      "y" : 11.208204,
      "z" : 8.281153
    }, {
      "x" : 1.0,
      "y" : -3.618034,
      "z" : 2.618034
    } ],
    "faces" : [ {
      "vertices" : [ 0, 1, 2, 3 ]
    }, {
      "vertices" : [ 0, 3, 2, 1 ]
    } ]
  }, {
    "id" : "0d5e31a5-853b-47aa-81a1-064ea6219a5c",
    "vertices" : [ {
      "x" : 0.0,
      "y" : 0.0,
      "z" : 0.0
    }, {
      "x" : 1.0,
      "y" : 3.618034,
      "z" : 2.618034
    }, {
      "x" : 5.045085,
      "y" : 2.072949,
      "z" : 13.208204
    }, {
      "x" : 7.2811527,
      "y" : -2.781153,
      "z" : 19.062305
    } ],
    "faces" : [ {
      "vertices" : [ 0, 1, 2, 3 ]
    }, {
      "vertices" : [ 0, 3, 2, 1 ]
    } ]
  }, {
    "id" : "22701d72-a94d-4d44-a8b5-b30ddff072a3",
    "vertices" : [ {
      "x" : 0.0,
      "y" : 0.0,
      "z" : 0.0
    }, {
      "x" : -5.663119,
      "y" : -2.163119,
      "z" : -14.826238
    }, {
      "x" : -6.663119,
      "y" : 1.454915,
      "z" : -17.444271
    }, {
      "x" : 2.236068,
      "y" : 4.854102,
      "z" : 5.854102
    } ],
    "faces" : [ {
      "vertices" : [ 0, 1, 2, 3 ]
    }, {
      "vertices" : [ 0, 3, 2, 1 ]
    } ]
  }, {
    "id" : "61961ac8-48ea-4fc4-b68c-76b54ccb4e56",
    "vertices" : [ {
      "x" : 0.0,
      "y" : 0.0,
      "z" : 0.0
    }, {
      "x" : 4.045085,
      "y" : -1.545085,
      "z" : 10.59017
    }, {
      "x" : 4.663119,
      "y" : -5.7811527,
      "z" : 12.208204
    }, {
      "x" : -1.0,
      "y" : -3.618034,
      "z" : -2.618034
    } ],
    "faces" : [ {
      "vertices" : [ 0, 1, 2, 3 ]
    }, {
      "vertices" : [ 0, 3, 2, 1 ]
    } ]
  }, {
    "id" : "ff25a9f6-366f-486c-b56b-7f64593c011f",
    "vertices" : [ {
      "x" : 0.0,
      "y" : 0.0,
      "z" : 0.0
    }, {
      "x" : 3.5,
      "y" : -12.663119,
      "z" : 9.163119
    }, {
      "x" : 2.881966,
      "y" : -16.899187,
      "z" : 7.545085
    }, {
      "x" : -2.618034,
      "y" : 3.0,
      "z" : -6.854102
    } ],
    "faces" : [ {
      "vertices" : [ 0, 1, 2, 3 ]
    }, {
      "vertices" : [ 0, 3, 2, 1 ]
    } ]
  }, {
    "id" : "0bcc1c3b-61b3-476f-867b-6db751d77dcc",
    "vertices" : [ {
      "x" : 0.0,
      "y" : 0.0,
      "z" : 0.0
    }, {
      "x" : -1.545085,
      "y" : 10.59017,
      "z" : -4.045085
    }, {
      "x" : -0.54508495,
      "y" : 14.208204,
      "z" : -1.427051
    }, {
      "x" : 1.618034,
      "y" : -0.618034,
      "z" : 4.236068
    } ],
    "faces" : [ {
      "vertices" : [ 0, 1, 2, 3 ]
    }, {
      "vertices" : [ 0, 3, 2, 1 ]
    } ]
  }, {
    "id" : "f33308b4-b24e-4a10-8ca0-414056d20dc1",
    "vertices" : [ {
      "x" : 0.0,
      "y" : 0.0,
      "z" : 0.0
    }, {
      "x" : -1.0,
      "y" : 3.618034,
      "z" : -2.618034
    }, {
      "x" : 0.54508495,
      "y" : 14.208204,
      "z" : 1.427051
    }, {
      "x" : 2.781153,
      "y" : 19.062305,
      "z" : 7.2811527
    } ],
    "faces" : [ {
      "vertices" : [ 0, 1, 2, 3 ]
    }, {
      "vertices" : [ 0, 3, 2, 1 ]
    } ]
  }, {
    "id" : "522206c5-4ab3-413a-92d9-b014560537c1",
    "vertices" : [ {
      "x" : 0.0,
      "y" : 0.0,
      "z" : 0.0
    }, {
      "x" : -0.618034,
      "y" : -4.236068,
      "z" : -1.618034
    }, {
      "x" : -4.663119,
      "y" : -5.7811527,
      "z" : -12.208204
    }, {
      "x" : -7.2811527,
      "y" : -2.781153,
      "z" : -19.062305
    } ],
    "faces" : [ {
      "vertices" : [ 0, 1, 2, 3 ]
    }, {
      "vertices" : [ 0, 3, 2, 1 ]
    } ]
  }, {
    "id" : "d5745ee2-b189-4051-aacd-6c85a3612d66",
    "vertices" : [ {
      "x" : 0.0,
      "y" : 0.0,
      "z" : 0.0
    }, {
      "x" : 2.163119,
      "y" : 14.826238,
      "z" : 5.663119
    }, {
      "x" : 3.781153,
      "y" : 15.444272,
      "z" : 9.899187
    }, {
      "x" : 0.38196602,
      "y" : -7.854102,
      "z" : 1.0
    } ],
    "faces" : [ {
      "vertices" : [ 0, 1, 2, 3 ]
    }, {
      "vertices" : [ 0, 3, 2, 1 ]
    } ]
  }, {
    "id" : "0cc912cf-d52c-4d0e-818c-0f561721815f",
    "vertices" : [ {
      "x" : 0.0,
      "y" : 0.0,
      "z" : 0.0
    }, {
      "x" : -1.618034,
      "y" : 0.618034,
      "z" : -4.236068
    }, {
      "x" : -3.163119,
      "y" : 11.208204,
      "z" : -8.281153
    }, {
      "x" : -2.781153,
      "y" : 19.062305,
      "z" : -7.2811527
    } ],
    "faces" : [ {
      "vertices" : [ 0, 1, 2, 3 ]
    }, {
      "vertices" : [ 0, 3, 2, 1 ]
    } ]
  }, {
    "id" : "bf581abb-5d11-4688-8aba-cf559b445925",
    "vertices" : [ {
      "x" : 0.0,
      "y" : 0.0,
      "z" : 0.0
    }, {
      "x" : -2.5,
      "y" : -9.045085,
      "z" : -6.545085
    }, {
      "x" : -4.118034,
      "y" : -8.427051,
      "z" : -10.781153
    }, {
      "x" : -0.618034,
      "y" : 4.236068,
      "z" : -1.618034
    } ],
    "faces" : [ {
      "vertices" : [ 0, 1, 2, 3 ]
    }, {
      "vertices" : [ 0, 3, 2, 1 ]
    } ]
  }, {
    "id" : "eed928e4-0942-4da0-bcfb-d3d056223995",
    "vertices" : [ {
      "x" : 0.0,
      "y" : 0.0,
      "z" : 0.0
    }, {
      "x" : 5.663119,
      "y" : -2.163119,
      "z" : 14.826238
    }, {
      "x" : 6.2811527,
      "y" : -6.399187,
      "z" : 16.444271
    }, {
      "x" : -2.618034,
      "y" : -3.0,
      "z" : -6.854102
    } ],
    "faces" : [ {
      "vertices" : [ 0, 1, 2, 3 ]
    }, {
      "vertices" : [ 0, 3, 2, 1 ]
    } ]
  }, {
    "id" : "7e1af168-7f6a-4cec-b982-c22f3388ec75",
    "vertices" : [ {
      "x" : 0.0,
      "y" : 0.0,
      "z" : 0.0
    }, {
      "x" : 1.618034,
      "y" : 0.618034,
      "z" : 4.236068
    }, {
      "x" : 4.118034,
      "y" : -8.427051,
      "z" : 10.781153
    }, {
      "x" : 4.5,
      "y" : -16.281153,
      "z" : 11.781153
    } ],
    "faces" : [ {
      "vertices" : [ 0, 1, 2, 3 ]
    }, {
      "vertices" : [ 0, 3, 2, 1 ]
    } ]
  }, {
    "id" : "c34a773b-0a0e-4767-bb8a-e839d2b073d6",
    "vertices" : [ {
      "x" : 0.0,
      "y" : 0.0,
      "z" : 0.0
    }, {
      "x" : -3.5,
      "y" : -12.663119,
      "z" : -9.163119
    }, {
      "x" : -5.118034,
      "y" : -12.045085,
      "z" : -13.399187
    }, {
      "x" : 0.38196602,
      "y" : 7.854102,
      "z" : 1.0
    } ],
    "faces" : [ {
      "vertices" : [ 0, 1, 2, 3 ]
    }, {
      "vertices" : [ 0, 3, 2, 1 ]
    } ]
  } ],
  "instances" : [ {
    "shape" : "6afb4b27-262f-4cec-9449-348368cebc10",
    "color" : "#FF3333",
    "position" : {
      "x" : -3.236068,
      "y" : -8.09017,
      "z" : 11.326238
    },
    "orientation" : 9
  }, {
    "shape" : "078c61ab-b145-4cd1-94e7-1ec7d8b148bc",
    "color" : "#FFFF33",
    "position" : {
      "x" : 3.236068,
      "y" : -14.562305,
      "z" : 11.326238
    },
    "orientation" : 19
  }, {
    "shape" : "f090d068-3aed-4a79-96b6-dd3172f9b5b0",
    "color" : "#3333FF",
    "position" : {
      "x" : -3.236068,
      "y" : 3.236068,
      "z" : 0.0
    },
    "orientation" : 19
  }, {
    "shape" : "293748b4-0b28-44ba-81cf-bf2ed00fa484",
    "color" : "#3333FF",
    "position" : {
      "x" : 11.326238,
      "y" : -3.236068,
      "z" : -8.09017
    },
    "orientation" : 9
  }, {
    "shape" : "6afb4b27-262f-4cec-9449-348368cebc10",
    "color" : "#FF3333",
    "position" : {
      "x" : 11.326238,
      "y" : -8.09017,
      "z" : -3.236068
    },
    "orientation" : 9
  }, {
    "shape" : "60208594-d7aa-4366-8132-8906da6e3c64",
    "color" : "#FFFF33",
    "position" : {
      "x" : -8.09017,
      "y" : -3.236068,
      "z" : 11.326238
    },
    "orientation" : 9
  }, {
    "shape" : "0d5e31a5-853b-47aa-81a1-064ea6219a5c",
    "color" : "#FFFF33",
    "position" : {
      "x" : 0.0,
      "y" : -3.236068,
      "z" : 3.236068
    },
    "orientation" : 19
  }, {
    "shape" : "22701d72-a94d-4d44-a8b5-b30ddff072a3",
    "color" : "#FFFF33",
    "position" : {
      "x" : 14.562305,
      "y" : -3.236068,
      "z" : -11.326238
    },
    "orientation" : 9
  }, {
    "shape" : "61961ac8-48ea-4fc4-b68c-76b54ccb4e56",
    "color" : "#FFFF33",
    "position" : {
      "x" : -11.326238,
      "y" : 8.09017,
      "z" : 3.236068
    },
    "orientation" : 19
  }, {
    "shape" : "ff25a9f6-366f-486c-b56b-7f64593c011f",
    "color" : "#3333FF",
    "position" : {
      "x" : -3.236068,
      "y" : -11.326238,
      "z" : 14.562305
    },
    "orientation" : 9
  }, {
    "shape" : "0bcc1c3b-61b3-476f-867b-6db751d77dcc",
    "color" : "#FF3333",
    "position" : {
      "x" : -11.326238,
      "y" : 3.236068,
      "z" : 8.09017
    },
    "orientation" : 19
  }, {
    "shape" : "f33308b4-b24e-4a10-8ca0-414056d20dc1",
    "color" : "#FFFF33",
    "position" : {
      "x" : 3.236068,
      "y" : 0.0,
      "z" : -3.236068
    },
    "orientation" : 9
  }, {
    "shape" : "522206c5-4ab3-413a-92d9-b014560537c1",
    "color" : "#3333FF",
    "position" : {
      "x" : 0.0,
      "y" : -3.236068,
      "z" : 3.236068
    },
    "orientation" : 9
  }, {
    "shape" : "d5745ee2-b189-4051-aacd-6c85a3612d66",
    "color" : "#FF3333",
    "position" : {
      "x" : -11.326238,
      "y" : 14.562305,
      "z" : -3.236068
    },
    "orientation" : 9
  }, {
    "shape" : "60208594-d7aa-4366-8132-8906da6e3c64",
    "color" : "#FFFF33",
    "position" : {
      "x" : -8.09017,
      "y" : 11.326238,
      "z" : -3.236068
    },
    "orientation" : 9
  }, {
    "shape" : "0cc912cf-d52c-4d0e-818c-0f561721815f",
    "color" : "#FF3333",
    "position" : {
      "x" : 3.236068,
      "y" : 0.0,
      "z" : -3.236068
    },
    "orientation" : 19
  }, {
    "shape" : "bf581abb-5d11-4688-8aba-cf559b445925",
    "color" : "#3333FF",
    "position" : {
      "x" : 8.09017,
      "y" : 3.236068,
      "z" : -11.326238
    },
    "orientation" : 19
  }, {
    "shape" : "eed928e4-0942-4da0-bcfb-d3d056223995",
    "color" : "#3333FF",
    "position" : {
      "x" : -14.562305,
      "y" : 11.326238,
      "z" : 3.236068
    },
    "orientation" : 19
  }, {
    "shape" : "0bcc1c3b-61b3-476f-867b-6db751d77dcc",
    "color" : "#FF3333",
    "position" : {
      "x" : 3.236068,
      "y" : -11.326238,
      "z" : 8.09017
    },
    "orientation" : 19
  }, {
    "shape" : "7e1af168-7f6a-4cec-b982-c22f3388ec75",
    "color" : "#FF3333",
    "position" : {
      "x" : -3.236068,
      "y" : 3.236068,
      "z" : 0.0
    },
    "orientation" : 9
  }, {
    "shape" : "61961ac8-48ea-4fc4-b68c-76b54ccb4e56",
    "color" : "#FFFF33",
    "position" : {
      "x" : 3.236068,
      "y" : 8.09017,
      "z" : -11.326238
    },
    "orientation" : 19
  }, {
    "shape" : "c34a773b-0a0e-4767-bb8a-e839d2b073d6",
    "color" : "#FF3333",
    "position" : {
      "x" : 11.326238,
      "y" : 3.236068,
      "z" : -14.562305
    },
    "orientation" : 19
  }, {
    "shape" : "bf581abb-5d11-4688-8aba-cf559b445925",
    "color" : "#3333FF",
    "position" : {
      "x" : 8.09017,
      "y" : -11.326238,
      "z" : 3.236068
    },
    "orientation" : 19
  }, {
    "shape" : "293748b4-0b28-44ba-81cf-bf2ed00fa484",
    "color" : "#3333FF",
    "position" : {
      "x" : -3.236068,
      "y" : 11.326238,
      "z" : -8.09017
    },
    "orientation" : 9
  } ],
  "scenes" : [ ],
  "snapshots" : [ [ ], [ ], [ ], [ ], [ ], [ ], [ ], [ ] ]
}