{
  "polygons" : "true",
  "field" : "golden",
  "symmetry" : "icosahedral",
  "orientations" : [ [ 1.0, 0.0, 0.0, 0.0, 0.0, 1.0, 0.0, 0.0, 0.0, 0.0, 1.0, 0.0, 0.0, 0.0, 0.0, 1.0 ], [ 0.0, 0.0, 1.0, 0.0, 1.0, 0.0, 0.0, 0.0, 0.0, 1.0, 0.0, 0.0, 0.0, 0.0, 0.0, 1.0 ], [ 0.0, 1.0, 0.0, 0.0, 0.0, 0.0, 1.0, 0.0, 1.0, 0.0, 0.0, 0.0, 0.0, 0.0, 0.0, 1.0 ], [ 0.809017, 0.309017, 0.5, 0.0, 0.309017, 0.5, -0.809017, 0.0, -0.5, 0.809017, 0.309017, 0.0, 0.0, 0.0, 0.0, 1.0 ], [ -0.5, 0.809017, 0.309017, 0.0, 0.809017, 0.309017, 0.5, 0.0, 0.309017, 0.5, -0.809017, 0.0, 0.0, 0.0, 0.0, 1.0 ], [ 0.309017, 0.5, -0.809017, 0.0, -0.5, 0.809017, 0.309017, 0.0, 0.809017, 0.309017, 0.5, 0.0, 0.0, 0.0, 0.0, 1.0 ], [ 0.5, 0.809017, 0.309017, 0.0, 0.809017, -0.309017, -0.5, 0.0, -0.309017, 0.5, -0.809017, 0.0, 0.0, 0.0, 0.0, 1.0 ], [ -0.309017, 0.5, -0.809017, 0.0, 0.5, 0.809017, 0.309017, 0.0, 0.809017, -0.309017, -0.5, 0.0, 0.0, 0.0, 0.0, 1.0 ], [ 0.809017, -0.309017, -0.5, 0.0, -0.309017, 0.5, -0.809017, 0.0, 0.5, 0.809017, 0.309017, 0.0, 0.0, 0.0, 0.0, 1.0 ], [ 0.5, 0.809017, -0.309017, 0.0, 0.809017, -0.309017, 0.5, 0.0, 0.309017, -0.5, -0.809017, 0.0, 0.0, 0.0, 0.0, 1.0 ], [ 0.309017, -0.5, -0.809017, 0.0, 0.5, 0.809017, -0.309017, 0.0, 0.809017, -0.309017, 0.5, 0.0, 0.0, 0.0, 0.0, 1.0 ], [ 0.809017, -0.309017, 0.5, 0.0, 0.309017, -0.5, -0.809017, 0.0, 0.5, 0.809017, -0.309017, 0.0, 0.0, 0.0, 0.0, 1.0 ], [ 0.809017, 0.309017, -0.5, 0.0, 0.309017, 0.5, 0.809017, 0.0, 0.5, -0.809017, 0.309017, 0.0, 0.0, 0.0, 0.0, 1.0 ], [ 0.5, -0.809017, 0.309017, 0.0, 0.809017, 0.309017, -0.5, 0.0, 0.309017, 0.5, 0.809017, 0.0, 0.0, 0.0, 0.0, 1.0 ], [ 0.309017, 0.5, 0.809017, 0.0, 0.5, -0.809017, 0.309017, 0.0, 0.809017, 0.309017, -0.5, 0.0, 0.0, 0.0, 0.0, 1.0 ], [ 1.0, 0.0, 0.0, 0.0, 0.0, -1.0, 0.0, 0.0, 0.0, 0.0, -1.0, 0.0, 0.0, 0.0, 0.0, 1.0 ], [ 0.0, 0.0, 1.0, 0.0, -1.0, 0.0, 0.0, 0.0, 0.0, -1.0, 0.0, 0.0, 0.0, 0.0, 0.0, 1.0 ], [ 0.0, 1.0, 0.0, 0.0, 0.0, 0.0, -1.0, 0.0, -1.0, 0.0, 0.0, 0.0, 0.0, 0.0, 0.0, 1.0 ], [ 0.809017, 0.309017, 0.5, 0.0, -0.309017, -0.5, 0.809017, 0.0, 0.5, -0.809017, -0.309017, 0.0, 0.0, 0.0, 0.0, 1.0 ], [ -0.5, 0.809017, 0.309017, 0.0, -0.809017, -0.309017, -0.5, 0.0, -0.309017, -0.5, 0.809017, 0.0, 0.0, 0.0, 0.0, 1.0 ], [ 0.309017, 0.5, -0.809017, 0.0, 0.5, -0.809017, -0.309017, 0.0, -0.809017, -0.309017, -0.5, 0.0, 0.0, 0.0, 0.0, 1.0 ], [ 0.5, 0.809017, 0.309017, 0.0, -0.809017, 0.309017, 0.5, 0.0, 0.309017, -0.5, 0.809017, 0.0, 0.0, 0.0, 0.0, 1.0 ], [ -0.309017, 0.5, -0.809017, 0.0, -0.5, -0.809017, -0.309017, 0.0, -0.809017, 0.309017, 0.5, 0.0, 0.0, 0.0, 0.0, 1.0 ], [ 0.809017, -0.309017, -0.5, 0.0, 0.309017, -0.5, 0.809017, 0.0, -0.5, -0.809017, -0.309017, 0.0, 0.0, 0.0, 0.0, 1.0 ], [ 0.5, 0.809017, -0.309017, 0.0, -0.809017, 0.309017, -0.5, 0.0, -0.309017, 0.5, 0.809017, 0.0, 0.0, 0.0, 0.0, 1.0 ], [ 0.309017, -0.5, -0.809017, 0.0, -0.5, -0.809017, 0.309017, 0.0, -0.809017, 0.309017, -0.5, 0.0, 0.0, 0.0, 0.0, 1.0 ], [ 0.809017, -0.309017, 0.5, 0.0, -0.309017, 0.5, 0.809017, 0.0, -0.5, -0.809017, 0.309017, 0.0, 0.0, 0.0, 0.0, 1.0 ], [ 0.809017, 0.309017, -0.5, 0.0, -0.309017, -0.5, -0.809017, 0.0, -0.5, 0.809017, -0.309017, 0.0, 0.0, 0.0, 0.0, 1.0 ], [ 0.5, -0.809017, 0.309017, 0.0, -0.809017, -0.309017, 0.5, 0.0, -0.309017, -0.5, -0.809017, 0.0, 0.0, 0.0, 0.0, 1.0 ], [ 0.309017, 0.5, 0.809017, 0.0, -0.5, 0.809017, -0.309017, 0.0, -0.809017, -0.309017, 0.5, 0.0, 0.0, 0.0, 0.0, 1.0 ], [ -1.0, 0.0, 0.0, 0.0, 0.0, -1.0, 0.0, 0.0, 0.0, 0.0, 1.0, 0.0, 0.0, 0.0, 0.0, 1.0 ], [ 0.0, 0.0, -1.0, 0.0, -1.0, 0.0, 0.0, 0.0, 0.0, 1.0, 0.0, 0.0, 0.0, 0.0, 0.0, 1.0 ], [ 0.0, -1.0, 0.0, 0.0, 0.0, 0.0, -1.0, 0.0, 1.0, 0.0, 0.0, 0.0, 0.0, 0.0, 0.0, 1.0 ], [ -0.809017, -0.309017, -0.5, 0.0, -0.309017, -0.5, 0.809017, 0.0, -0.5, 0.809017, 0.309017, 0.0, 0.0, 0.0, 0.0, 1.0 ], [ 0.5, -0.809017, -0.309017, 0.0, -0.809017, -0.309017, -0.5, 0.0, 0.309017, 0.5, -0.809017, 0.0, 0.0, 0.0, 0.0, 1.0 ], [ -0.309017, -0.5, 0.809017, 0.0, 0.5, -0.809017, -0.309017, 0.0, 0.809017, 0.309017, 0.5, 0.0, 0.0, 0.0, 0.0, 1.0 ], [ -0.5, -0.809017, -0.309017, 0.0, -0.809017, 0.309017, 0.5, 0.0, -0.309017, 0.5, -0.809017, 0.0, 0.0, 0.0, 0.0, 1.0 ], [ 0.309017, -0.5, 0.809017, 0.0, -0.5, -0.809017, -0.309017, 0.0, 0.809017, -0.309017, -0.5, 0.0, 0.0, 0.0, 0.0, 1.0 ], [ -0.809017, 0.309017, 0.5, 0.0, 0.309017, -0.5, 0.809017, 0.0, 0.5, 0.809017, 0.309017, 0.0, 0.0, 0.0, 0.0, 1.0 ], [ -0.5, -0.809017, 0.309017, 0.0, -0.809017, 0.309017, -0.5, 0.0, 0.309017, -0.5, -0.809017, 0.0, 0.0, 0.0, 0.0, 1.0 ], [ -0.309017, 0.5, 0.809017, 0.0, -0.5, -0.809017, 0.309017, 0.0, 0.809017, -0.309017, 0.5, 0.0, 0.0, 0.0, 0.0, 1.0 ], [ -0.809017, 0.309017, -0.5, 0.0, -0.309017, 0.5, 0.809017, 0.0, 0.5, 0.809017, -0.309017, 0.0, 0.0, 0.0, 0.0, 1.0 ], [ -0.809017, -0.309017, 0.5, 0.0, -0.309017, -0.5, -0.809017, 0.0, 0.5, -0.809017, 0.309017, 0.0, 0.0, 0.0, 0.0, 1.0 ], [ -0.5, 0.809017, -0.309017, 0.0, -0.809017, -0.309017, 0.5, 0.0, 0.309017, 0.5, 0.809017, 0.0, 0.0, 0.0, 0.0, 1.0 ], [ -0.309017, -0.5, -0.809017, 0.0, -0.5, 0.809017, -0.309017, 0.0, 0.809017, 0.309017, -0.5, 0.0, 0.0, 0.0, 0.0, 1.0 ], [ -1.0, 0.0, 0.0, 0.0, 0.0, 1.0, 0.0, 0.0, 0.0, 0.0, -1.0, 0.0, 0.0, 0.0, 0.0, 1.0 ], [ 0.0, 0.0, -1.0, 0.0, 1.0, 0.0, 0.0, 0.0, 0.0, -1.0, 0.0, 0.0, 0.0, 0.0, 0.0, 1.0 ], [ 0.0, -1.0, 0.0, 0.0, 0.0, 0.0, 1.0, 0.0, -1.0, 0.0, 0.0, 0.0, 0.0, 0.0, 0.0, 1.0 ], [ -0.809017, -0.309017, -0.5, 0.0, 0.309017, 0.5, -0.809017, 0.0, 0.5, -0.809017, -0.309017, 0.0, 0.0, 0.0, 0.0, 1.0 ], [ 0.5, -0.809017, -0.309017, 0.0, 0.809017, 0.309017, 0.5, 0.0, -0.309017, -0.5, 0.809017, 0.0, 0.0, 0.0, 0.0, 1.0 ], [ -0.309017, -0.5, 0.809017, 0.0, -0.5, 0.809017, 0.309017, 0.0, -0.809017, -0.309017, -0.5, 0.0, 0.0, 0.0, 0.0, 1.0 ], [ -0.5, -0.809017, -0.309017, 0.0, 0.809017, -0.309017, -0.5, 0.0, 0.309017, -0.5, 0.809017, 0.0, 0.0, 0.0, 0.0, 1.0 ], [ 0.309017, -0.5, 0.809017, 0.0, 0.5, 0.809017, 0.309017, 0.0, -0.809017, 0.309017, 0.5, 0.0, 0.0, 0.0, 0.0, 1.0 ], [ -0.809017, 0.309017, 0.5, 0.0, -0.309017, 0.5, -0.809017, 0.0, -0.5, -0.809017, -0.309017, 0.0, 0.0, 0.0, 0.0, 1.0 ], [ -0.5, -0.809017, 0.309017, 0.0, 0.809017, -0.309017, 0.5, 0.0, -0.309017, 0.5, 0.809017, 0.0, 0.0, 0.0, 0.0, 1.0 ], [ -0.309017, 0.5, 0.809017, 0.0, 0.5, 0.809017, -0.309017, 0.0, -0.809017, 0.309017, -0.5, 0.0, 0.0, 0.0, 0.0, 1.0 ], [ -0.809017, 0.309017, -0.5, 0.0, 0.309017, -0.5, -0.809017, 0.0, -0.5, -0.809017, 0.309017, 0.0, 0.0, 0.0, 0.0, 1.0 ], [ -0.809017, -0.309017, 0.5, 0.0, 0.309017, 0.5, 0.809017, 0.0, -0.5, 0.809017, -0.309017, 0.0, 0.0, 0.0, 0.0, 1.0 ], [ -0.5, 0.809017, -0.309017, 0.0, 0.809017, 0.309017, -0.5, 0.0, -0.309017, -0.5, -0.809017, 0.0, 0.0, 0.0, 0.0, 1.0 ], [ -0.309017, -0.5, -0.809017, 0.0, 0.5, -0.809017, 0.309017, 0.0, -0.809017, -0.309017, 0.5, 0.0, 0.0, 0.0, 0.0, 1.0 ] ],
  "lights" : {
    "directionalLights" : [ {
      "direction" : [ 1.0, -1.0, -1.0 ],
      "color" : "#EBEBE4"
    }, {
      "direction" : [ -1.0, 0.0, 0.0 ],
      "color" : "#E4E4EB"
    }, {
      "direction" : [ 0.0, 0.0, -1.0 ],
      "color" : "#1E1E1E"
    } ],
    "backgroundColor" : "#AFC8DC",
    "ambientColor" : "#292929"
  },
  "camera" : {
    "width" : 37.726837,
    "position" : {
      "x" : -1.432117,
      "y" : 82.85029,
      "z" : -12.747463
    },
    "perspective" : true,
    "fieldOfView" : 0.44262886,
    "upDirectionRV" : {
      "x" : -0.012097799,
      "y" : -0.15226245,
      "z" : -0.98826694,
      "zero" : false
    },
    "lookAtPointRV" : {
      "x" : 0.0,
      "y" : 0.0,
      "z" : 0.0,
      "zero" : true
    },
    "viewDistance" : 83.83742,
    "lookDirectionRV" : {
      "x" : 0.017082075,
      "y" : -0.9882257,
      "z" : 0.15204981,
      "zero" : false
    },
    "stereo" : false,
    "nearClipDistance" : 0.20959368,
    "lookAtPoint" : {
      "x" : 0.0,
      "y" : 0.0,
      "z" : 0.0
    },
    "farClipDistance" : 167.6747,
    "upDirection" : {
      "x" : -0.012097799,
      "y" : -0.15226245,
      "z" : -0.98826694
    },
    "lookDirection" : {
      "x" : 0.017082075,
      "y" : -0.9882257,
      "z" : 0.15204981
    }
  },
  "embedding" : [ 1.0, 0.0, 0.0, 0.0, 0.0, 1.0, 0.0, 0.0, 0.0, 0.0, 1.0, 0.0, 0.0, 0.0, 0.0, 1.0 ],
  "shapes" : [ {
    "id" : "e3c4cbe7-9797-461d-8331-f361dddc1a24",
    "orbit" : "yellow",
    "orbitC" : "[[0,0,1],[2,-1,1]]",
    "length" : "[\"0\",\"1\",\"1\"]",
    "name" : "y2",
    "vertices" : [ {
      "x" : 0.809017,
      "y" : 0.0,
      "z" : -0.690983
    }, {
      "x" : 1.0,
      "y" : 0.309017,
      "z" : -0.19098301
    }, {
      "x" : 4.736068,
      "y" : 0.309017,
      "z" : -1.618034
    }, {
      "x" : 4.545085,
      "y" : 0.0,
      "z" : -2.118034
    }, {
      "x" : 10.09017,
      "y" : 0.309017,
      "z" : -4.045085
    }, {
      "x" : 1.0,
      "y" : -0.309017,
      "z" : -0.19098301
    }, {
      "x" : 4.736068,
      "y" : -0.309017,
      "z" : -1.618034
    }, {
      "x" : 6.354102,
      "y" : 0.309017,
      "z" : -2.618034
    }, {
      "x" : 6.545085,
      "y" : 0.0,
      "z" : -2.118034
    }, {
      "x" : 11.09017,
      "y" : 0.0,
      "z" : -4.236068
    }, {
      "x" : 6.354102,
      "y" : -0.309017,
      "z" : -2.618034
    }, {
      "x" : 10.281153,
      "y" : 0.0,
      "z" : -3.545085
    }, {
      "x" : 10.09017,
      "y" : -0.309017,
      "z" : -4.045085
    } ],
    "faces" : [ {
      "vertices" : [ 2, 6, 8 ]
    }, {
      "vertices" : [ 4, 12, 10, 7 ]
    }, {
      "vertices" : [ 2, 8, 7 ]
    }, {
      "vertices" : [ 3, 10, 6 ]
    }, {
      "vertices" : [ 3, 7, 10 ]
    }, {
      "vertices" : [ 0, 1, 2, 3 ]
    }, {
      "vertices" : [ 6, 10, 8 ]
    }, {
      "vertices" : [ 8, 10, 12, 11 ]
    }, {
      "vertices" : [ 2, 7, 3 ]
    }, {
      "vertices" : [ 0, 3, 6, 5 ]
    }, {
      "vertices" : [ 1, 5, 6, 2 ]
    }, {
      "vertices" : [ 4, 7, 8, 11 ]
    } ]
  }, {
    "id" : "a5fa0082-a3a6-4718-9aaa-67cae0beff26",
    "orbit" : "red",
    "orbitC" : "[[-1,1,1],[0,0,1]]",
    "length" : "[\"0\",\"1\",\"1\"]",
    "name" : "r2",
    "vertices" : [ {
      "x" : 4.736068,
      "y" : 3.045085,
      "z" : 0.309017
    }, {
      "x" : 6.354102,
      "y" : 3.809017,
      "z" : 0.309017
    }, {
      "x" : 6.163119,
      "y" : 4.118034,
      "z" : 0.19098301
    }, {
      "x" : 0.809017,
      "y" : 0.618034,
      "z" : -0.309017
    }, {
      "x" : 0.690983,
      "y" : 0.809017,
      "z" : 0.0
    }, {
      "x" : 4.618034,
      "y" : 3.236068,
      "z" : 0.0
    }, {
      "x" : 4.736068,
      "y" : 3.045085,
      "z" : -0.309017
    }, {
      "x" : 10.281153,
      "y" : 6.236068,
      "z" : 0.309017
    }, {
      "x" : 4.927051,
      "y" : 2.736068,
      "z" : 0.19098301
    }, {
      "x" : 4.927051,
      "y" : 2.736068,
      "z" : -0.19098301
    }, {
      "x" : 6.472136,
      "y" : 3.618034,
      "z" : 0.0
    }, {
      "x" : 6.354102,
      "y" : 3.809017,
      "z" : -0.309017
    }, {
      "x" : 10.399187,
      "y" : 6.045085,
      "z" : 0.0
    }, {
      "x" : 1.0,
      "y" : 0.309017,
      "z" : 0.19098301
    }, {
      "x" : 1.0,
      "y" : 0.309017,
      "z" : -0.19098301
    }, {
      "x" : 0.809017,
      "y" : 0.618034,
      "z" : 0.309017
    }, {
      "x" : 10.09017,
      "y" : 6.545085,
      "z" : 0.19098301
    }, {
      "x" : 10.281153,
      "y" : 6.236068,
      "z" : -0.309017
    }, {
      "x" : 10.09017,
      "y" : 6.545085,
      "z" : -0.19098301
    }, {
      "x" : 11.09017,
      "y" : 6.854102,
      "z" : 0.0
    }, {
      "x" : 6.163119,
      "y" : 4.118034,
      "z" : -0.19098301
    } ],
    "faces" : [ {
      "vertices" : [ 3, 6, 9, 14 ]
    }, {
      "vertices" : [ 11, 20, 18, 17 ]
    }, {
      "vertices" : [ 0, 1, 2 ]
    }, {
      "vertices" : [ 0, 15, 13, 8 ]
    }, {
      "vertices" : [ 6, 20, 11 ]
    }, {
      "vertices" : [ 0, 2, 5 ]
    }, {
      "vertices" : [ 0, 8, 1 ]
    }, {
      "vertices" : [ 8, 13, 14, 9 ]
    }, {
      "vertices" : [ 3, 4, 5, 6 ]
    }, {
      "vertices" : [ 10, 11, 17, 12 ]
    }, {
      "vertices" : [ 1, 8, 10 ]
    }, {
      "vertices" : [ 0, 5, 4, 15 ]
    }, {
      "vertices" : [ 2, 16, 18, 20 ]
    }, {
      "vertices" : [ 1, 7, 16, 2 ]
    }, {
      "vertices" : [ 6, 11, 9 ]
    }, {
      "vertices" : [ 8, 9, 10 ]
    }, {
      "vertices" : [ 2, 20, 5 ]
    }, {
      "vertices" : [ 9, 11, 10 ]
    }, {
      "vertices" : [ 1, 10, 12, 7 ]
    }, {
      "vertices" : [ 5, 20, 6 ]
    } ]
  }, {
    "id" : "67796072-a8b4-4a03-9190-f997e68844f2",
    "name" : "ball",
    "vertices" : [ {
      "x" : 0.309017,
      "y" : -0.809017,
      "z" : 0.618034
    }, {
      "x" : 0.809017,
      "y" : -0.618034,
      "z" : 0.309017
    }, {
      "x" : 0.618034,
      "y" : -0.309017,
      "z" : 0.809017
    }, {
      "x" : 1.0,
      "y" : 0.309017,
      "z" : 0.19098301
    }, {
      "x" : 0.809017,
      "y" : 0.618034,
      "z" : 0.309017
    }, {
      "x" : 0.618034,
      "y" : 0.309017,
      "z" : 0.809017
    }, {
      "x" : 0.809017,
      "y" : 0.0,
      "z" : 0.690983
    }, {
      "x" : 0.19098301,
      "y" : -1.0,
      "z" : 0.309017
    }, {
      "x" : -0.19098301,
      "y" : -1.0,
      "z" : 0.309017
    }, {
      "x" : -0.19098301,
      "y" : -1.0,
      "z" : -0.309017
    }, {
      "x" : 0.19098301,
      "y" : -1.0,
      "z" : -0.309017
    }, {
      "x" : 1.0,
      "y" : -0.309017,
      "z" : -0.19098301
    }, {
      "x" : 0.809017,
      "y" : -0.618034,
      "z" : -0.309017
    }, {
      "x" : 0.618034,
      "y" : -0.309017,
      "z" : -0.809017
    }, {
      "x" : 0.809017,
      "y" : 0.0,
      "z" : -0.690983
    }, {
      "x" : 0.0,
      "y" : 0.690983,
      "z" : -0.809017
    }, {
      "x" : 0.309017,
      "y" : 0.809017,
      "z" : -0.618034
    }, {
      "x" : 0.618034,
      "y" : 0.309017,
      "z" : -0.809017
    }, {
      "x" : 0.309017,
      "y" : 0.19098301,
      "z" : -1.0
    }, {
      "x" : 1.0,
      "y" : 0.309017,
      "z" : -0.19098301
    }, {
      "x" : -0.309017,
      "y" : -0.809017,
      "z" : 0.618034
    }, {
      "x" : 0.0,
      "y" : -0.690983,
      "z" : 0.809017
    }, {
      "x" : 0.809017,
      "y" : 0.618034,
      "z" : -0.309017
    }, {
      "x" : 0.690983,
      "y" : 0.809017,
      "z" : 0.0
    }, {
      "x" : -0.690983,
      "y" : 0.809017,
      "z" : 0.0
    }, {
      "x" : -0.809017,
      "y" : 0.618034,
      "z" : 0.309017
    }, {
      "x" : -0.309017,
      "y" : 0.809017,
      "z" : 0.618034
    }, {
      "x" : -0.19098301,
      "y" : 1.0,
      "z" : 0.309017
    }, {
      "x" : 0.309017,
      "y" : -0.19098301,
      "z" : -1.0
    }, {
      "x" : 0.19098301,
      "y" : 1.0,
      "z" : 0.309017
    }, {
      "x" : 0.309017,
      "y" : 0.809017,
      "z" : 0.618034
    }, {
      "x" : -0.809017,
      "y" : -0.618034,
      "z" : 0.309017
    }, {
      "x" : -0.690983,
      "y" : -0.809017,
      "z" : 0.0
    }, {
      "x" : 0.0,
      "y" : 0.690983,
      "z" : 0.809017
    }, {
      "x" : 0.309017,
      "y" : -0.809017,
      "z" : -0.618034
    }, {
      "x" : 0.0,
      "y" : -0.690983,
      "z" : -0.809017
    }, {
      "x" : -1.0,
      "y" : 0.309017,
      "z" : 0.19098301
    }, {
      "x" : -0.809017,
      "y" : 0.0,
      "z" : 0.690983
    }, {
      "x" : -0.618034,
      "y" : 0.309017,
      "z" : 0.809017
    }, {
      "x" : 1.0,
      "y" : -0.309017,
      "z" : 0.19098301
    }, {
      "x" : -0.309017,
      "y" : -0.809017,
      "z" : -0.618034
    }, {
      "x" : -1.0,
      "y" : 0.309017,
      "z" : -0.19098301
    }, {
      "x" : -1.0,
      "y" : -0.309017,
      "z" : -0.19098301
    }, {
      "x" : -1.0,
      "y" : -0.309017,
      "z" : 0.19098301
    }, {
      "x" : 0.19098301,
      "y" : 1.0,
      "z" : -0.309017
    }, {
      "x" : -0.809017,
      "y" : 0.618034,
      "z" : -0.309017
    }, {
      "x" : -0.19098301,
      "y" : 1.0,
      "z" : -0.309017
    }, {
      "x" : -0.309017,
      "y" : 0.809017,
      "z" : -0.618034
    }, {
      "x" : -0.618034,
      "y" : -0.309017,
      "z" : 0.809017
    }, {
      "x" : 0.309017,
      "y" : 0.19098301,
      "z" : 1.0
    }, {
      "x" : -0.309017,
      "y" : 0.19098301,
      "z" : -1.0
    }, {
      "x" : -0.309017,
      "y" : 0.19098301,
      "z" : 1.0
    }, {
      "x" : -0.309017,
      "y" : -0.19098301,
      "z" : 1.0
    }, {
      "x" : 0.309017,
      "y" : -0.19098301,
      "z" : 1.0
    }, {
      "x" : 0.690983,
      "y" : -0.809017,
      "z" : 0.0
    }, {
      "x" : -0.809017,
      "y" : 0.0,
      "z" : -0.690983
    }, {
      "x" : -0.618034,
      "y" : -0.309017,
      "z" : -0.809017
    }, {
      "x" : -0.309017,
      "y" : -0.19098301,
      "z" : -1.0
    }, {
      "x" : -0.618034,
      "y" : 0.309017,
      "z" : -0.809017
    }, {
      "x" : -0.809017,
      "y" : -0.618034,
      "z" : -0.309017
    } ],
    "faces" : [ {
      "vertices" : [ 9, 40, 35, 34, 10 ]
    }, {
      "vertices" : [ 0, 1, 2 ]
    }, {
      "vertices" : [ 33, 51, 49 ]
    }, {
      "vertices" : [ 25, 36, 37, 38 ]
    }, {
      "vertices" : [ 41, 55, 42 ]
    }, {
      "vertices" : [ 9, 32, 59, 40 ]
    }, {
      "vertices" : [ 20, 21, 52, 48 ]
    }, {
      "vertices" : [ 26, 33, 30, 29, 27 ]
    }, {
      "vertices" : [ 3, 4, 5, 6 ]
    }, {
      "vertices" : [ 27, 29, 44, 46 ]
    }, {
      "vertices" : [ 50, 57, 56, 55, 58 ]
    }, {
      "vertices" : [ 26, 38, 51, 33 ]
    }, {
      "vertices" : [ 45, 47, 58 ]
    }, {
      "vertices" : [ 18, 28, 57, 50 ]
    }, {
      "vertices" : [ 40, 59, 56 ]
    }, {
      "vertices" : [ 31, 48, 37, 43 ]
    }, {
      "vertices" : [ 7, 8, 9, 10 ]
    }, {
      "vertices" : [ 36, 41, 42, 43 ]
    }, {
      "vertices" : [ 24, 46, 47, 45 ]
    }, {
      "vertices" : [ 4, 30, 5 ]
    }, {
      "vertices" : [ 15, 47, 46, 44, 16 ]
    }, {
      "vertices" : [ 15, 50, 58, 47 ]
    }, {
      "vertices" : [ 24, 45, 41, 36, 25 ]
    }, {
      "vertices" : [ 11, 14, 19 ]
    }, {
      "vertices" : [ 3, 6, 39 ]
    }, {
      "vertices" : [ 1, 39, 6, 2 ]
    }, {
      "vertices" : [ 8, 32, 9 ]
    }, {
      "vertices" : [ 11, 12, 13, 14 ]
    }, {
      "vertices" : [ 16, 22, 17 ]
    }, {
      "vertices" : [ 0, 21, 20, 8, 7 ]
    }, {
      "vertices" : [ 12, 34, 13 ]
    }, {
      "vertices" : [ 35, 40, 56, 57 ]
    }, {
      "vertices" : [ 0, 7, 54, 1 ]
    }, {
      "vertices" : [ 15, 16, 17, 18 ]
    }, {
      "vertices" : [ 3, 19, 22, 23, 4 ]
    }, {
      "vertices" : [ 7, 10, 54 ]
    }, {
      "vertices" : [ 41, 45, 58, 55 ]
    }, {
      "vertices" : [ 3, 39, 11, 19 ]
    }, {
      "vertices" : [ 14, 17, 22, 19 ]
    }, {
      "vertices" : [ 0, 2, 53, 21 ]
    }, {
      "vertices" : [ 49, 51, 52, 53 ]
    }, {
      "vertices" : [ 31, 43, 42, 59, 32 ]
    }, {
      "vertices" : [ 15, 18, 50 ]
    }, {
      "vertices" : [ 42, 55, 56, 59 ]
    }, {
      "vertices" : [ 4, 23, 29, 30 ]
    }, {
      "vertices" : [ 25, 38, 26 ]
    }, {
      "vertices" : [ 13, 28, 18, 17, 14 ]
    }, {
      "vertices" : [ 8, 20, 31, 32 ]
    }, {
      "vertices" : [ 23, 44, 29 ]
    }, {
      "vertices" : [ 24, 27, 46 ]
    }, {
      "vertices" : [ 37, 48, 52, 51, 38 ]
    }, {
      "vertices" : [ 20, 48, 31 ]
    }, {
      "vertices" : [ 24, 25, 26, 27 ]
    }, {
      "vertices" : [ 16, 44, 23, 22 ]
    }, {
      "vertices" : [ 13, 34, 35, 28 ]
    }, {
      "vertices" : [ 10, 34, 12, 54 ]
    }, {
      "vertices" : [ 2, 6, 5, 49, 53 ]
    }, {
      "vertices" : [ 36, 43, 37 ]
    }, {
      "vertices" : [ 5, 30, 33, 49 ]
    }, {
      "vertices" : [ 1, 54, 12, 11, 39 ]
    }, {
      "vertices" : [ 28, 35, 57 ]
    }, {
      "vertices" : [ 21, 53, 52 ]
    } ]
  }, {
    "id" : "a6ee475f-2428-4a79-8d77-fad7ab3c95e6",
    "orbit" : "yellow",
    "orbitC" : "[[0,0,1],[2,-1,1]]",
    "length" : "[\"1\",\"0\",\"1\"]",
    "name" : "y1",
    "vertices" : [ {
      "x" : 0.809017,
      "y" : 0.0,
      "z" : -0.690983
    }, {
      "x" : 1.0,
      "y" : 0.309017,
      "z" : -0.19098301
    }, {
      "x" : 2.618034,
      "y" : 0.309017,
      "z" : -0.809017
    }, {
      "x" : 2.427051,
      "y" : 0.0,
      "z" : -1.309017
    }, {
      "x" : 5.854102,
      "y" : 0.309017,
      "z" : -2.427051
    }, {
      "x" : 1.0,
      "y" : -0.309017,
      "z" : -0.19098301
    }, {
      "x" : 2.618034,
      "y" : -0.309017,
      "z" : -0.809017
    }, {
      "x" : 4.236068,
      "y" : 0.309017,
      "z" : -1.809017
    }, {
      "x" : 4.427051,
      "y" : 0.0,
      "z" : -1.309017
    }, {
      "x" : 6.854102,
      "y" : 0.0,
      "z" : -2.618034
    }, {
      "x" : 4.236068,
      "y" : -0.309017,
      "z" : -1.809017
    }, {
      "x" : 6.045085,
      "y" : 0.0,
      "z" : -1.927051
    }, {
      "x" : 5.854102,
      "y" : -0.309017,
      "z" : -2.427051
    } ],
    "faces" : [ {
      "vertices" : [ 2, 6, 8 ]
    }, {
      "vertices" : [ 4, 12, 10, 7 ]
    }, {
      "vertices" : [ 2, 8, 7 ]
    }, {
      "vertices" : [ 3, 10, 6 ]
    }, {
      "vertices" : [ 3, 7, 10 ]
    }, {
      "vertices" : [ 0, 1, 2, 3 ]
    }, {
      "vertices" : [ 6, 10, 8 ]
    }, {
      "vertices" : [ 8, 10, 12, 11 ]
    }, {
      "vertices" : [ 2, 7, 3 ]
    }, {
      "vertices" : [ 0, 3, 6, 5 ]
    }, {
      "vertices" : [ 1, 5, 6, 2 ]
    }, {
      "vertices" : [ 4, 7, 8, 11 ]
    } ]
  }, {
    "id" : "3d45ca7e-ae24-48b9-a56f-067c690ae1d8",
    "orbit" : "blue",
    "orbitC" : "[[0,0,1],[0,0,1]]",
    "length" : "[\"0\",\"1\",\"1\"]",
    "name" : "b2",
    "vertices" : [ {
      "x" : 12.708204,
      "y" : 0.309017,
      "z" : 0.19098301
    }, {
      "x" : 12.708204,
      "y" : 0.309017,
      "z" : -0.19098301
    }, {
      "x" : 1.0,
      "y" : 0.309017,
      "z" : -0.19098301
    }, {
      "x" : 1.0,
      "y" : 0.309017,
      "z" : 0.19098301
    }, {
      "x" : 12.708204,
      "y" : -0.309017,
      "z" : 0.19098301
    }, {
      "x" : 1.0,
      "y" : -0.309017,
      "z" : 0.19098301
    }, {
      "x" : 1.0,
      "y" : -0.309017,
      "z" : -0.19098301
    }, {
      "x" : 12.708204,
      "y" : -0.309017,
      "z" : -0.19098301
    }, {
      "x" : 13.708204,
      "y" : 0.0,
      "z" : 0.0
    } ],
    "faces" : [ {
      "vertices" : [ 1, 7, 6, 2 ]
    }, {
      "vertices" : [ 0, 1, 2, 3 ]
    }, {
      "vertices" : [ 4, 5, 6, 7 ]
    }, {
      "vertices" : [ 0, 3, 5, 4 ]
    } ]
  } ],
  "instances" : [ {
    "shape" : "e3c4cbe7-9797-461d-8331-f361dddc1a24",
    "color" : "#FFB31A",
    "position" : {
      "x" : 6.854102,
      "y" : 0.0,
      "z" : 3.6967232
    },
    "orientation" : 0
  }, {
    "shape" : "a5fa0082-a3a6-4718-9aaa-67cae0beff26",
    "color" : "#D91218",
    "position" : {
      "x" : 6.854102,
      "y" : 0.0,
      "z" : 3.6967232
    },
    "orientation" : 47
  }, {
    "shape" : "67796072-a8b4-4a03-9190-f997e68844f2",
    "color" : "#F2F2F2",
    "position" : {
      "x" : -6.854102,
      "y" : 0.0,
      "z" : -4.7754126
    }
  }, {
    "shape" : "67796072-a8b4-4a03-9190-f997e68844f2",
    "color" : "#F2F2F2",
    "position" : {
      "x" : 6.854102,
      "y" : 0.0,
      "z" : -4.7754126
    }
  }, {
    "shape" : "a6ee475f-2428-4a79-8d77-fad7ab3c95e6",
    "color" : "#FFB31A",
    "position" : {
      "x" : -6.854102,
      "y" : 0.0,
      "z" : 3.6967232
    },
    "orientation" : 8
  }, {
    "shape" : "67796072-a8b4-4a03-9190-f997e68844f2",
    "color" : "#F2F2F2",
    "position" : {
      "x" : 6.854102,
      "y" : 0.0,
      "z" : 3.6967232
    }
  }, {
    "shape" : "67796072-a8b4-4a03-9190-f997e68844f2",
    "color" : "#F2F2F2",
    "position" : {
      "x" : 0.0,
      "y" : 0.0,
      "z" : -7.3934464
    }
  }, {
    "shape" : "67796072-a8b4-4a03-9190-f997e68844f2",
    "color" : "#F2F2F2",
    "position" : {
      "x" : 17.944271,
      "y" : 0.0,
      "z" : -0.53934467
    }
  }, {
    "shape" : "e3c4cbe7-9797-461d-8331-f361dddc1a24",
    "color" : "#FFB31A",
    "position" : {
      "x" : -17.944271,
      "y" : 0.0,
      "z" : -0.53934467
    },
    "orientation" : 0
  }, {
    "shape" : "67796072-a8b4-4a03-9190-f997e68844f2",
    "color" : "#F2F2F2",
    "position" : {
      "x" : -6.854102,
      "y" : 0.0,
      "z" : 3.6967232
    }
  }, {
    "shape" : "e3c4cbe7-9797-461d-8331-f361dddc1a24",
    "color" : "#FFB31A",
    "position" : {
      "x" : -6.854102,
      "y" : 0.0,
      "z" : 3.6967232
    },
    "orientation" : 30
  }, {
    "shape" : "a6ee475f-2428-4a79-8d77-fad7ab3c95e6",
    "color" : "#FFB31A",
    "position" : {
      "x" : 0.0,
      "y" : 0.0,
      "z" : -7.3934464
    },
    "orientation" : 38
  }, {
    "shape" : "a6ee475f-2428-4a79-8d77-fad7ab3c95e6",
    "color" : "#FFB31A",
    "position" : {
      "x" : 6.854102,
      "y" : 0.0,
      "z" : 3.6967232
    },
    "orientation" : 38
  }, {
    "shape" : "a5fa0082-a3a6-4718-9aaa-67cae0beff26",
    "color" : "#D91218",
    "position" : {
      "x" : -6.854102,
      "y" : 0.0,
      "z" : 3.6967232
    },
    "orientation" : 17
  }, {
    "shape" : "a6ee475f-2428-4a79-8d77-fad7ab3c95e6",
    "color" : "#FFB31A",
    "position" : {
      "x" : 0.0,
      "y" : 0.0,
      "z" : -7.3934464
    },
    "orientation" : 8
  }, {
    "shape" : "3d45ca7e-ae24-48b9-a56f-067c690ae1d8",
    "color" : "#008EC2",
    "position" : {
      "x" : 6.854102,
      "y" : 0.0,
      "z" : 3.6967232
    },
    "orientation" : 45
  }, {
    "shape" : "67796072-a8b4-4a03-9190-f997e68844f2",
    "color" : "#F2F2F2",
    "position" : {
      "x" : 0.0,
      "y" : 0.0,
      "z" : 6.3147573
    }
  }, {
    "shape" : "67796072-a8b4-4a03-9190-f997e68844f2",
    "color" : "#F2F2F2",
    "position" : {
      "x" : -17.944271,
      "y" : 0.0,
      "z" : -0.53934467
    }
  }, {
    "shape" : "e3c4cbe7-9797-461d-8331-f361dddc1a24",
    "color" : "#FFB31A",
    "position" : {
      "x" : 17.944271,
      "y" : 0.0,
      "z" : -0.53934467
    },
    "orientation" : 30
  } ],
  "scenes" : [ {
    "title" : "1",
    "content" : "",
    "view" : {
      "width" : 37.726837,
      "position" : {
        "x" : -1.432117,
        "y" : 82.85029,
        "z" : -12.747463
      },
      "perspective" : true,
      "fieldOfView" : 0.44262886,
      "upDirectionRV" : {
        "x" : -0.012097799,
        "y" : -0.15226245,
        "z" : -0.98826694,
        "zero" : false
      },
      "lookAtPointRV" : {
        "x" : 0.0,
        "y" : 0.0,
        "z" : 0.0,
        "zero" : true
      },
      "viewDistance" : 83.83742,
      "lookDirectionRV" : {
        "x" : 0.017082075,
        "y" : -0.9882257,
        "z" : 0.15204981,
        "zero" : false
      },
      "stereo" : false,
      "nearClipDistance" : 0.20959368,
      "lookAtPoint" : {
        "x" : 0.0,
        "y" : 0.0,
        "z" : 0.0
      },
      "farClipDistance" : 167.6747,
      "upDirection" : {
        "x" : -0.012097799,
        "y" : -0.15226245,
        "z" : -0.98826694
      },
      "lookDirection" : {
        "x" : 0.017082075,
        "y" : -0.9882257,
        "z" : 0.15204981
      }
    },
    "snapshot" : 0
  }, {
    "title" : "2",
    "content" : "",
    "view" : {
      "width" : 48.929066,
      "position" : {
        "x" : -1.8573557,
        "y" : 107.451035,
        "z" : -16.532568
      },
      "perspective" : true,
      "fieldOfView" : 0.44262883,
      "upDirectionRV" : {
        "x" : -0.012097799,
        "y" : -0.15226245,
        "z" : -0.98826694,
        "zero" : false
      },
      "lookAtPointRV" : {
        "x" : 0.0,
        "y" : 0.0,
        "z" : 0.0,
        "zero" : true
      },
      "viewDistance" : 108.73127,
      "lookDirectionRV" : {
        "x" : 0.017082075,
        "y" : -0.9882257,
        "z" : 0.15204981,
        "zero" : false
      },
      "stereo" : false,
      "nearClipDistance" : 0.27182832,
      "lookAtPoint" : {
        "x" : 0.0,
        "y" : 0.0,
        "z" : 0.0
      },
      "farClipDistance" : 217.46233,
      "upDirection" : {
        "x" : -0.012097799,
        "y" : -0.15226245,
        "z" : -0.98826694
      },
      "lookDirection" : {
        "x" : 0.017082075,
        "y" : -0.9882257,
        "z" : 0.15204981
      }
    },
    "snapshot" : 1
  }, {
    "title" : "3",
    "content" : "",
    "view" : {
      "width" : 48.929066,
      "position" : {
        "x" : -1.8573557,
        "y" : 107.451035,
        "z" : -16.532568
      },
      "perspective" : true,
      "fieldOfView" : 0.44262883,
      "upDirectionRV" : {
        "x" : -0.012097799,
        "y" : -0.15226245,
        "z" : -0.98826694,
        "zero" : false
      },
      "lookAtPointRV" : {
        "x" : 0.0,
        "y" : 0.0,
        "z" : 0.0,
        "zero" : true
      },
      "viewDistance" : 108.73127,
      "lookDirectionRV" : {
        "x" : 0.017082075,
        "y" : -0.9882257,
        "z" : 0.15204981,
        "zero" : false
      },
      "stereo" : false,
      "nearClipDistance" : 0.27182832,
      "lookAtPoint" : {
        "x" : 0.0,
        "y" : 0.0,
        "z" : 0.0
      },
      "farClipDistance" : 217.46233,
      "upDirection" : {
        "x" : -0.012097799,
        "y" : -0.15226245,
        "z" : -0.98826694
      },
      "lookDirection" : {
        "x" : 0.017082075,
        "y" : -0.9882257,
        "z" : 0.15204981
      }
    },
    "snapshot" : 2
  } ],
  "snapshots" : [ [ {
    "shape" : "a5fa0082-a3a6-4718-9aaa-67cae0beff26",
    "color" : "#D91218",
    "position" : {
      "x" : -6.854102,
      "y" : 0.0,
      "z" : 3.6967232
    },
    "orientation" : 17
  }, {
    "shape" : "67796072-a8b4-4a03-9190-f997e68844f2",
    "color" : "#F2F2F2",
    "position" : {
      "x" : 0.0,
      "y" : 0.0,
      "z" : -7.3934464
    },
    "orientation" : 0
  }, {
    "shape" : "67796072-a8b4-4a03-9190-f997e68844f2",
    "color" : "#F2F2F2",
    "position" : {
      "x" : -6.854102,
      "y" : 0.0,
      "z" : 3.6967232
    },
    "orientation" : 0
  }, {
    "shape" : "67796072-a8b4-4a03-9190-f997e68844f2",
    "color" : "#F2F2F2",
    "position" : {
      "x" : 6.854102,
      "y" : 0.0,
      "z" : 3.6967232
    },
    "orientation" : 0
  }, {
    "shape" : "a5fa0082-a3a6-4718-9aaa-67cae0beff26",
    "color" : "#D91218",
    "position" : {
      "x" : 6.854102,
      "y" : 0.0,
      "z" : 3.6967232
    },
    "orientation" : 47
  }, {
    "shape" : "3d45ca7e-ae24-48b9-a56f-067c690ae1d8",
    "color" : "#008EC2",
    "position" : {
      "x" : 6.854102,
      "y" : 0.0,
      "z" : 3.6967232
    },
    "orientation" : 45
  } ], [ {
    "shape" : "67796072-a8b4-4a03-9190-f997e68844f2",
    "color" : "#F2F2F2",
    "position" : {
      "x" : 0.0,
      "y" : 0.0,
      "z" : 6.3147573
    },
    "glow" : 0.8,
    "orientation" : 0
  }, {
    "shape" : "67796072-a8b4-4a03-9190-f997e68844f2",
    "color" : "#F2F2F2",
    "position" : {
      "x" : 6.854102,
      "y" : 0.0,
      "z" : -4.7754126
    },
    "glow" : 0.8,
    "orientation" : 0
  }, {
    "shape" : "e3c4cbe7-9797-461d-8331-f361dddc1a24",
    "color" : "#FFB31A",
    "position" : {
      "x" : -17.944271,
      "y" : 0.0,
      "z" : -0.53934467
    },
    "glow" : 0.8,
    "orientation" : 0
  }, {
    "shape" : "a6ee475f-2428-4a79-8d77-fad7ab3c95e6",
    "color" : "#FFB31A",
    "position" : {
      "x" : 6.854102,
      "y" : 0.0,
      "z" : 3.6967232
    },
    "glow" : 0.8,
    "orientation" : 38
  }, {
    "shape" : "a6ee475f-2428-4a79-8d77-fad7ab3c95e6",
    "color" : "#FFB31A",
    "position" : {
      "x" : 0.0,
      "y" : 0.0,
      "z" : -7.3934464
    },
    "glow" : 0.8,
    "orientation" : 8
  }, {
    "shape" : "a6ee475f-2428-4a79-8d77-fad7ab3c95e6",
    "color" : "#FFB31A",
    "position" : {
      "x" : 0.0,
      "y" : 0.0,
      "z" : -7.3934464
    },
    "glow" : 0.8,
    "orientation" : 38
  }, {
    "shape" : "a5fa0082-a3a6-4718-9aaa-67cae0beff26",
    "color" : "#D91218",
    "position" : {
      "x" : -6.854102,
      "y" : 0.0,
      "z" : 3.6967232
    },
    "orientation" : 17
  }, {
    "shape" : "a5fa0082-a3a6-4718-9aaa-67cae0beff26",
    "color" : "#D91218",
    "position" : {
      "x" : 6.854102,
      "y" : 0.0,
      "z" : 3.6967232
    },
    "orientation" : 47
  }, {
    "shape" : "67796072-a8b4-4a03-9190-f997e68844f2",
    "color" : "#F2F2F2",
    "position" : {
      "x" : 0.0,
      "y" : 0.0,
      "z" : -7.3934464
    },
    "orientation" : 0
  }, {
    "shape" : "3d45ca7e-ae24-48b9-a56f-067c690ae1d8",
    "color" : "#008EC2",
    "position" : {
      "x" : 6.854102,
      "y" : 0.0,
      "z" : 3.6967232
    },
    "orientation" : 45
  }, {
    "shape" : "67796072-a8b4-4a03-9190-f997e68844f2",
    "color" : "#F2F2F2",
    "position" : {
      "x" : -6.854102,
      "y" : 0.0,
      "z" : -4.7754126
    },
    "glow" : 0.8,
    "orientation" : 0
  }, {
    "shape" : "67796072-a8b4-4a03-9190-f997e68844f2",
    "color" : "#F2F2F2",
    "position" : {
      "x" : -17.944271,
      "y" : 0.0,
      "z" : -0.53934467
    },
    "glow" : 0.8,
    "orientation" : 0
  }, {
    "shape" : "a6ee475f-2428-4a79-8d77-fad7ab3c95e6",
    "color" : "#FFB31A",
    "position" : {
      "x" : -6.854102,
      "y" : 0.0,
      "z" : 3.6967232
    },
    "glow" : 0.8,
    "orientation" : 8
  }, {
    "shape" : "e3c4cbe7-9797-461d-8331-f361dddc1a24",
    "color" : "#FFB31A",
    "position" : {
      "x" : 6.854102,
      "y" : 0.0,
      "z" : 3.6967232
    },
    "glow" : 0.8,
    "orientation" : 0
  }, {
    "shape" : "e3c4cbe7-9797-461d-8331-f361dddc1a24",
    "color" : "#FFB31A",
    "position" : {
      "x" : -6.854102,
      "y" : 0.0,
      "z" : 3.6967232
    },
    "glow" : 0.8,
    "orientation" : 30
  }, {
    "shape" : "e3c4cbe7-9797-461d-8331-f361dddc1a24",
    "color" : "#FFB31A",
    "position" : {
      "x" : 17.944271,
      "y" : 0.0,
      "z" : -0.53934467
    },
    "glow" : 0.8,
    "orientation" : 30
  }, {
    "shape" : "67796072-a8b4-4a03-9190-f997e68844f2",
    "color" : "#F2F2F2",
    "position" : {
      "x" : 6.854102,
      "y" : 0.0,
      "z" : 3.6967232
    },
    "orientation" : 0
  }, {
    "shape" : "67796072-a8b4-4a03-9190-f997e68844f2",
    "color" : "#F2F2F2",
    "position" : {
      "x" : 17.944271,
      "y" : 0.0,
      "z" : -0.53934467
    },
    "glow" : 0.8,
    "orientation" : 0
  }, {
    "shape" : "67796072-a8b4-4a03-9190-f997e68844f2",
    "color" : "#F2F2F2",
    "position" : {
      "x" : -6.854102,
      "y" : 0.0,
      "z" : 3.6967232
    },
    "orientation" : 0
  } ], [ {
    "shape" : "a6ee475f-2428-4a79-8d77-fad7ab3c95e6",
    "color" : "#FFB31A",
    "position" : {
      "x" : -6.854102,
      "y" : 0.0,
      "z" : 3.6967232
    },
    "orientation" : 8
  }, {
    "shape" : "67796072-a8b4-4a03-9190-f997e68844f2",
    "color" : "#F2F2F2",
    "position" : {
      "x" : 0.0,
      "y" : 0.0,
      "z" : -7.3934464
    },
    "orientation" : 0
  }, {
    "shape" : "a6ee475f-2428-4a79-8d77-fad7ab3c95e6",
    "color" : "#FFB31A",
    "position" : {
      "x" : 6.854102,
      "y" : 0.0,
      "z" : 3.6967232
    },
    "orientation" : 38
  }, {
    "shape" : "a6ee475f-2428-4a79-8d77-fad7ab3c95e6",
    "color" : "#FFB31A",
    "position" : {
      "x" : 0.0,
      "y" : 0.0,
      "z" : -7.3934464
    },
    "orientation" : 8
  }, {
    "shape" : "e3c4cbe7-9797-461d-8331-f361dddc1a24",
    "color" : "#FFB31A",
    "position" : {
      "x" : 6.854102,
      "y" : 0.0,
      "z" : 3.6967232
    },
    "orientation" : 0
  }, {
    "shape" : "67796072-a8b4-4a03-9190-f997e68844f2",
    "color" : "#F2F2F2",
    "position" : {
      "x" : 6.854102,
      "y" : 0.0,
      "z" : 3.6967232
    },
    "orientation" : 0
  }, {
    "shape" : "67796072-a8b4-4a03-9190-f997e68844f2",
    "color" : "#F2F2F2",
    "position" : {
      "x" : -6.854102,
      "y" : 0.0,
      "z" : 3.6967232
    },
    "orientation" : 0
  }, {
    "shape" : "e3c4cbe7-9797-461d-8331-f361dddc1a24",
    "color" : "#FFB31A",
    "position" : {
      "x" : -6.854102,
      "y" : 0.0,
      "z" : 3.6967232
    },
    "orientation" : 30
  }, {
    "shape" : "67796072-a8b4-4a03-9190-f997e68844f2",
    "color" : "#F2F2F2",
    "position" : {
      "x" : 6.854102,
      "y" : 0.0,
      "z" : -4.7754126
    },
    "orientation" : 0
  }, {
    "shape" : "e3c4cbe7-9797-461d-8331-f361dddc1a24",
    "color" : "#FFB31A",
    "position" : {
      "x" : 17.944271,
      "y" : 0.0,
      "z" : -0.53934467
    },
    "orientation" : 30
  }, {
    "shape" : "a5fa0082-a3a6-4718-9aaa-67cae0beff26",
    "color" : "#D91218",
    "position" : {
      "x" : 6.854102,
      "y" : 0.0,
      "z" : 3.6967232
    },
    "orientation" : 47
  }, {
    "shape" : "e3c4cbe7-9797-461d-8331-f361dddc1a24",
    "color" : "#FFB31A",
    "position" : {
      "x" : -17.944271,
      "y" : 0.0,
      "z" : -0.53934467
    },
    "orientation" : 0
  }, {
    "shape" : "67796072-a8b4-4a03-9190-f997e68844f2",
    "color" : "#F2F2F2",
    "position" : {
      "x" : 0.0,
      "y" : 0.0,
      "z" : 6.3147573
    },
    "orientation" : 0
  }, {
    "shape" : "a6ee475f-2428-4a79-8d77-fad7ab3c95e6",
    "color" : "#FFB31A",
    "position" : {
      "x" : 0.0,
      "y" : 0.0,
      "z" : -7.3934464
    },
    "orientation" : 38
  }, {
    "shape" : "a5fa0082-a3a6-4718-9aaa-67cae0beff26",
    "color" : "#D91218",
    "position" : {
      "x" : -6.854102,
      "y" : 0.0,
      "z" : 3.6967232
    },
    "orientation" : 17
  }, {
    "shape" : "67796072-a8b4-4a03-9190-f997e68844f2",
    "color" : "#F2F2F2",
    "position" : {
      "x" : -6.854102,
      "y" : 0.0,
      "z" : -4.7754126
    },
    "orientation" : 0
  }, {
    "shape" : "67796072-a8b4-4a03-9190-f997e68844f2",
    "color" : "#F2F2F2",
    "position" : {
      "x" : -17.944271,
      "y" : 0.0,
      "z" : -0.53934467
    },
    "orientation" : 0
  }, {
    "shape" : "67796072-a8b4-4a03-9190-f997e68844f2",
    "color" : "#F2F2F2",
    "position" : {
      "x" : 17.944271,
      "y" : 0.0,
      "z" : -0.53934467
    },
    "orientation" : 0
  }, {
    "shape" : "3d45ca7e-ae24-48b9-a56f-067c690ae1d8",
    "color" : "#008EC2",
    "position" : {
      "x" : 6.854102,
      "y" : 0.0,
      "z" : 3.6967232
    },
    "orientation" : 45
  } ], [ ], [ ], [ ], [ ], [ ] ]
}