{
  "polygons" : "true",
  "field" : "golden",
  "symmetry" : "icosahedral",
  "orientations" : [ [ 1.0, 0.0, 0.0, 0.0, 0.0, 1.0, 0.0, 0.0, 0.0, 0.0, 1.0, 0.0, 0.0, 0.0, 0.0, 1.0 ], [ 0.0, 0.0, 1.0, 0.0, 1.0, 0.0, 0.0, 0.0, 0.0, 1.0, 0.0, 0.0, 0.0, 0.0, 0.0, 1.0 ], [ 0.0, 1.0, 0.0, 0.0, 0.0, 0.0, 1.0, 0.0, 1.0, 0.0, 0.0, 0.0, 0.0, 0.0, 0.0, 1.0 ], [ 0.809017, 0.309017, 0.5, 0.0, 0.309017, 0.5, -0.809017, 0.0, -0.5, 0.809017, 0.309017, 0.0, 0.0, 0.0, 0.0, 1.0 ], [ -0.5, 0.809017, 0.309017, 0.0, 0.809017, 0.309017, 0.5, 0.0, 0.309017, 0.5, -0.809017, 0.0, 0.0, 0.0, 0.0, 1.0 ], [ 0.309017, 0.5, -0.809017, 0.0, -0.5, 0.809017, 0.309017, 0.0, 0.809017, 0.309017, 0.5, 0.0, 0.0, 0.0, 0.0, 1.0 ], [ 0.5, 0.809017, 0.309017, 0.0, 0.809017, -0.309017, -0.5, 0.0, -0.309017, 0.5, -0.809017, 0.0, 0.0, 0.0, 0.0, 1.0 ], [ -0.309017, 0.5, -0.809017, 0.0, 0.5, 0.809017, 0.309017, 0.0, 0.809017, -0.309017, -0.5, 0.0, 0.0, 0.0, 0.0, 1.0 ], [ 0.809017, -0.309017, -0.5, 0.0, -0.309017, 0.5, -0.809017, 0.0, 0.5, 0.809017, 0.309017, 0.0, 0.0, 0.0, 0.0, 1.0 ], [ 0.5, 0.809017, -0.309017, 0.0, 0.809017, -0.309017, 0.5, 0.0, 0.309017, -0.5, -0.809017, 0.0, 0.0, 0.0, 0.0, 1.0 ], [ 0.309017, -0.5, -0.809017, 0.0, 0.5, 0.809017, -0.309017, 0.0, 0.809017, -0.309017, 0.5, 0.0, 0.0, 0.0, 0.0, 1.0 ], [ 0.809017, -0.309017, 0.5, 0.0, 0.309017, -0.5, -0.809017, 0.0, 0.5, 0.809017, -0.309017, 0.0, 0.0, 0.0, 0.0, 1.0 ], [ 0.809017, 0.309017, -0.5, 0.0, 0.309017, 0.5, 0.809017, 0.0, 0.5, -0.809017, 0.309017, 0.0, 0.0, 0.0, 0.0, 1.0 ], [ 0.5, -0.809017, 0.309017, 0.0, 0.809017, 0.309017, -0.5, 0.0, 0.309017, 0.5, 0.809017, 0.0, 0.0, 0.0, 0.0, 1.0 ], [ 0.309017, 0.5, 0.809017, 0.0, 0.5, -0.809017, 0.309017, 0.0, 0.809017, 0.309017, -0.5, 0.0, 0.0, 0.0, 0.0, 1.0 ], [ 1.0, 0.0, 0.0, 0.0, 0.0, -1.0, 0.0, 0.0, 0.0, 0.0, -1.0, 0.0, 0.0, 0.0, 0.0, 1.0 ], [ 0.0, 0.0, 1.0, 0.0, -1.0, 0.0, 0.0, 0.0, 0.0, -1.0, 0.0, 0.0, 0.0, 0.0, 0.0, 1.0 ], [ 0.0, 1.0, 0.0, 0.0, 0.0, 0.0, -1.0, 0.0, -1.0, 0.0, 0.0, 0.0, 0.0, 0.0, 0.0, 1.0 ], [ 0.809017, 0.309017, 0.5, 0.0, -0.309017, -0.5, 0.809017, 0.0, 0.5, -0.809017, -0.309017, 0.0, 0.0, 0.0, 0.0, 1.0 ], [ -0.5, 0.809017, 0.309017, 0.0, -0.809017, -0.309017, -0.5, 0.0, -0.309017, -0.5, 0.809017, 0.0, 0.0, 0.0, 0.0, 1.0 ], [ 0.309017, 0.5, -0.809017, 0.0, 0.5, -0.809017, -0.309017, 0.0, -0.809017, -0.309017, -0.5, 0.0, 0.0, 0.0, 0.0, 1.0 ], [ 0.5, 0.809017, 0.309017, 0.0, -0.809017, 0.309017, 0.5, 0.0, 0.309017, -0.5, 0.809017, 0.0, 0.0, 0.0, 0.0, 1.0 ], [ -0.309017, 0.5, -0.809017, 0.0, -0.5, -0.809017, -0.309017, 0.0, -0.809017, 0.309017, 0.5, 0.0, 0.0, 0.0, 0.0, 1.0 ], [ 0.809017, -0.309017, -0.5, 0.0, 0.309017, -0.5, 0.809017, 0.0, -0.5, -0.809017, -0.309017, 0.0, 0.0, 0.0, 0.0, 1.0 ], [ 0.5, 0.809017, -0.309017, 0.0, -0.809017, 0.309017, -0.5, 0.0, -0.309017, 0.5, 0.809017, 0.0, 0.0, 0.0, 0.0, 1.0 ], [ 0.309017, -0.5, -0.809017, 0.0, -0.5, -0.809017, 0.309017, 0.0, -0.809017, 0.309017, -0.5, 0.0, 0.0, 0.0, 0.0, 1.0 ], [ 0.809017, -0.309017, 0.5, 0.0, -0.309017, 0.5, 0.809017, 0.0, -0.5, -0.809017, 0.309017, 0.0, 0.0, 0.0, 0.0, 1.0 ], [ 0.809017, 0.309017, -0.5, 0.0, -0.309017, -0.5, -0.809017, 0.0, -0.5, 0.809017, -0.309017, 0.0, 0.0, 0.0, 0.0, 1.0 ], [ 0.5, -0.809017, 0.309017, 0.0, -0.809017, -0.309017, 0.5, 0.0, -0.309017, -0.5, -0.809017, 0.0, 0.0, 0.0, 0.0, 1.0 ], [ 0.309017, 0.5, 0.809017, 0.0, -0.5, 0.809017, -0.309017, 0.0, -0.809017, -0.309017, 0.5, 0.0, 0.0, 0.0, 0.0, 1.0 ], [ -1.0, 0.0, 0.0, 0.0, 0.0, -1.0, 0.0, 0.0, 0.0, 0.0, 1.0, 0.0, 0.0, 0.0, 0.0, 1.0 ], [ 0.0, 0.0, -1.0, 0.0, -1.0, 0.0, 0.0, 0.0, 0.0, 1.0, 0.0, 0.0, 0.0, 0.0, 0.0, 1.0 ], [ 0.0, -1.0, 0.0, 0.0, 0.0, 0.0, -1.0, 0.0, 1.0, 0.0, 0.0, 0.0, 0.0, 0.0, 0.0, 1.0 ], [ -0.809017, -0.309017, -0.5, 0.0, -0.309017, -0.5, 0.809017, 0.0, -0.5, 0.809017, 0.309017, 0.0, 0.0, 0.0, 0.0, 1.0 ], [ 0.5, -0.809017, -0.309017, 0.0, -0.809017, -0.309017, -0.5, 0.0, 0.309017, 0.5, -0.809017, 0.0, 0.0, 0.0, 0.0, 1.0 ], [ -0.309017, -0.5, 0.809017, 0.0, 0.5, -0.809017, -0.309017, 0.0, 0.809017, 0.309017, 0.5, 0.0, 0.0, 0.0, 0.0, 1.0 ], [ -0.5, -0.809017, -0.309017, 0.0, -0.809017, 0.309017, 0.5, 0.0, -0.309017, 0.5, -0.809017, 0.0, 0.0, 0.0, 0.0, 1.0 ], [ 0.309017, -0.5, 0.809017, 0.0, -0.5, -0.809017, -0.309017, 0.0, 0.809017, -0.309017, -0.5, 0.0, 0.0, 0.0, 0.0, 1.0 ], [ -0.809017, 0.309017, 0.5, 0.0, 0.309017, -0.5, 0.809017, 0.0, 0.5, 0.809017, 0.309017, 0.0, 0.0, 0.0, 0.0, 1.0 ], [ -0.5, -0.809017, 0.309017, 0.0, -0.809017, 0.309017, -0.5, 0.0, 0.309017, -0.5, -0.809017, 0.0, 0.0, 0.0, 0.0, 1.0 ], [ -0.309017, 0.5, 0.809017, 0.0, -0.5, -0.809017, 0.309017, 0.0, 0.809017, -0.309017, 0.5, 0.0, 0.0, 0.0, 0.0, 1.0 ], [ -0.809017, 0.309017, -0.5, 0.0, -0.309017, 0.5, 0.809017, 0.0, 0.5, 0.809017, -0.309017, 0.0, 0.0, 0.0, 0.0, 1.0 ], [ -0.809017, -0.309017, 0.5, 0.0, -0.309017, -0.5, -0.809017, 0.0, 0.5, -0.809017, 0.309017, 0.0, 0.0, 0.0, 0.0, 1.0 ], [ -0.5, 0.809017, -0.309017, 0.0, -0.809017, -0.309017, 0.5, 0.0, 0.309017, 0.5, 0.809017, 0.0, 0.0, 0.0, 0.0, 1.0 ], [ -0.309017, -0.5, -0.809017, 0.0, -0.5, 0.809017, -0.309017, 0.0, 0.809017, 0.309017, -0.5, 0.0, 0.0, 0.0, 0.0, 1.0 ], [ -1.0, 0.0, 0.0, 0.0, 0.0, 1.0, 0.0, 0.0, 0.0, 0.0, -1.0, 0.0, 0.0, 0.0, 0.0, 1.0 ], [ 0.0, 0.0, -1.0, 0.0, 1.0, 0.0, 0.0, 0.0, 0.0, -1.0, 0.0, 0.0, 0.0, 0.0, 0.0, 1.0 ], [ 0.0, -1.0, 0.0, 0.0, 0.0, 0.0, 1.0, 0.0, -1.0, 0.0, 0.0, 0.0, 0.0, 0.0, 0.0, 1.0 ], [ -0.809017, -0.309017, -0.5, 0.0, 0.309017, 0.5, -0.809017, 0.0, 0.5, -0.809017, -0.309017, 0.0, 0.0, 0.0, 0.0, 1.0 ], [ 0.5, -0.809017, -0.309017, 0.0, 0.809017, 0.309017, 0.5, 0.0, -0.309017, -0.5, 0.809017, 0.0, 0.0, 0.0, 0.0, 1.0 ], [ -0.309017, -0.5, 0.809017, 0.0, -0.5, 0.809017, 0.309017, 0.0, -0.809017, -0.309017, -0.5, 0.0, 0.0, 0.0, 0.0, 1.0 ], [ -0.5, -0.809017, -0.309017, 0.0, 0.809017, -0.309017, -0.5, 0.0, 0.309017, -0.5, 0.809017, 0.0, 0.0, 0.0, 0.0, 1.0 ], [ 0.309017, -0.5, 0.809017, 0.0, 0.5, 0.809017, 0.309017, 0.0, -0.809017, 0.309017, 0.5, 0.0, 0.0, 0.0, 0.0, 1.0 ], [ -0.809017, 0.309017, 0.5, 0.0, -0.309017, 0.5, -0.809017, 0.0, -0.5, -0.809017, -0.309017, 0.0, 0.0, 0.0, 0.0, 1.0 ], [ -0.5, -0.809017, 0.309017, 0.0, 0.809017, -0.309017, 0.5, 0.0, -0.309017, 0.5, 0.809017, 0.0, 0.0, 0.0, 0.0, 1.0 ], [ -0.309017, 0.5, 0.809017, 0.0, 0.5, 0.809017, -0.309017, 0.0, -0.809017, 0.309017, -0.5, 0.0, 0.0, 0.0, 0.0, 1.0 ], [ -0.809017, 0.309017, -0.5, 0.0, 0.309017, -0.5, -0.809017, 0.0, -0.5, -0.809017, 0.309017, 0.0, 0.0, 0.0, 0.0, 1.0 ], [ -0.809017, -0.309017, 0.5, 0.0, 0.309017, 0.5, 0.809017, 0.0, -0.5, 0.809017, -0.309017, 0.0, 0.0, 0.0, 0.0, 1.0 ], [ -0.5, 0.809017, -0.309017, 0.0, 0.809017, 0.309017, -0.5, 0.0, -0.309017, -0.5, -0.809017, 0.0, 0.0, 0.0, 0.0, 1.0 ], [ -0.309017, -0.5, -0.809017, 0.0, 0.5, -0.809017, 0.309017, 0.0, -0.809017, -0.309017, 0.5, 0.0, 0.0, 0.0, 0.0, 1.0 ] ],
  "lights" : {
    "directionalLights" : [ {
      "direction" : [ 1.0, -1.0, -1.0 ],
      "color" : "#EBEBE4"
    }, {
      "direction" : [ -1.0, 0.0, 0.0 ],
      "color" : "#E4E4EB"
    }, {
      "direction" : [ 0.0, 0.0, -1.0 ],
      "color" : "#1E1E1E"
    } ],
    "ambientColor" : "#292929",
    "backgroundColor" : "#AFC8DC"
  },
  "camera" : {
    "width" : 66.04734,
    "position" : {
      "x" : 84.73878,
      "y" : 84.73878,
      "z" : -84.73878
    },
    "perspective" : true,
    "fieldOfView" : 0.4426289,
    "lookAtPointRV" : {
      "x" : 0.0,
      "y" : 0.0,
      "z" : 0.0,
      "zero" : true
    },
    "lookDirectionRV" : {
      "x" : -0.57735026,
      "y" : -0.57735026,
      "z" : 0.57735026,
      "zero" : false
    },
    "viewDistance" : 146.77187,
    "upDirectionRV" : {
      "x" : -0.5720614,
      "y" : -0.218508,
      "z" : -0.7905694,
      "zero" : false
    },
    "lookAtPoint" : {
      "x" : 0.0,
      "y" : 0.0,
      "z" : 0.0
    },
    "upDirection" : {
      "x" : -0.5720614,
      "y" : -0.218508,
      "z" : -0.7905694
    },
    "farClipDistance" : 293.5437,
    "lookDirection" : {
      "x" : -0.57735026,
      "y" : -0.57735026,
      "z" : 0.57735026
    },
    "stereo" : false,
    "nearClipDistance" : 0.36692974
  },
  "embedding" : [ 1.0, 0.0, 0.0, 0.0, 0.0, 1.0, 0.0, 0.0, 0.0, 0.0, 1.0, 0.0, 0.0, 0.0, 0.0, 1.0 ],
  "shapes" : [ {
    "id" : "49d153e2-02ce-42a2-a87d-5d95650f50be",
    "orbit" : "blue",
    "orbitC" : "[[0,0,1],[0,0,1]]",
    "length" : "[3,0,4]",
    "name" : " :3/4",
    "vertices" : [ {
      "x" : 5.354102,
      "y" : 0.309017,
      "z" : 0.19098301
    }, {
      "x" : 5.354102,
      "y" : 0.309017,
      "z" : -0.19098301
    }, {
      "x" : 1.0,
      "y" : 0.309017,
      "z" : -0.19098301
    }, {
      "x" : 1.0,
      "y" : 0.309017,
      "z" : 0.19098301
    }, {
      "x" : 5.354102,
      "y" : -0.309017,
      "z" : 0.19098301
    }, {
      "x" : 1.0,
      "y" : -0.309017,
      "z" : 0.19098301
    }, {
      "x" : 1.0,
      "y" : -0.309017,
      "z" : -0.19098301
    }, {
      "x" : 5.354102,
      "y" : -0.309017,
      "z" : -0.19098301
    }, {
      "x" : 6.354102,
      "y" : 0.0,
      "z" : 0.0
    } ],
    "faces" : [ {
      "vertices" : [ 1, 7, 6, 2 ]
    }, {
      "vertices" : [ 0, 1, 2, 3 ]
    }, {
      "vertices" : [ 4, 5, 6, 7 ]
    }, {
      "vertices" : [ 0, 3, 5, 4 ]
    } ]
  }, {
    "id" : "cca5b3c0-4eb8-4721-aac7-8b354b529f02",
    "orbit" : "blue",
    "orbitC" : "[[0,0,1],[0,0,1]]",
    "length" : "[1,0,1]",
    "name" : "b1",
    "vertices" : [ {
      "x" : 7.472136,
      "y" : 0.309017,
      "z" : 0.19098301
    }, {
      "x" : 7.472136,
      "y" : 0.309017,
      "z" : -0.19098301
    }, {
      "x" : 1.0,
      "y" : 0.309017,
      "z" : -0.19098301
    }, {
      "x" : 1.0,
      "y" : 0.309017,
      "z" : 0.19098301
    }, {
      "x" : 7.472136,
      "y" : -0.309017,
      "z" : 0.19098301
    }, {
      "x" : 1.0,
      "y" : -0.309017,
      "z" : 0.19098301
    }, {
      "x" : 1.0,
      "y" : -0.309017,
      "z" : -0.19098301
    }, {
      "x" : 7.472136,
      "y" : -0.309017,
      "z" : -0.19098301
    }, {
      "x" : 8.472136,
      "y" : 0.0,
      "z" : 0.0
    } ],
    "faces" : [ {
      "vertices" : [ 1, 7, 6, 2 ]
    }, {
      "vertices" : [ 0, 1, 2, 3 ]
    }, {
      "vertices" : [ 4, 5, 6, 7 ]
    }, {
      "vertices" : [ 0, 3, 5, 4 ]
    } ]
  }, {
    "id" : "e1ebe795-a70e-456c-8aab-53df4e6e3b64",
    "vertices" : [ {
      "x" : 0.0,
      "y" : 0.0,
      "z" : 0.0
    }, {
      "x" : 0.0,
      "y" : 2.118034,
      "z" : 0.0
    }, {
      "x" : 2.618034,
      "y" : 6.354102,
      "z" : 6.854102
    }, {
      "x" : 2.618034,
      "y" : 4.236068,
      "z" : 6.854102
    } ],
    "faces" : [ {
      "vertices" : [ 0, 1, 2, 3 ]
    }, {
      "vertices" : [ 0, 3, 2, 1 ]
    } ]
  }, {
    "id" : "0160c891-9758-490e-ab1a-04ec0ab57175",
    "name" : "ball",
    "vertices" : [ {
      "x" : 0.309017,
      "y" : -0.809017,
      "z" : 0.618034
    }, {
      "x" : 0.809017,
      "y" : -0.618034,
      "z" : 0.309017
    }, {
      "x" : 0.618034,
      "y" : -0.309017,
      "z" : 0.809017
    }, {
      "x" : 1.0,
      "y" : 0.309017,
      "z" : 0.19098301
    }, {
      "x" : 0.809017,
      "y" : 0.618034,
      "z" : 0.309017
    }, {
      "x" : 0.618034,
      "y" : 0.309017,
      "z" : 0.809017
    }, {
      "x" : 0.809017,
      "y" : 0.0,
      "z" : 0.690983
    }, {
      "x" : 0.19098301,
      "y" : -1.0,
      "z" : 0.309017
    }, {
      "x" : -0.19098301,
      "y" : -1.0,
      "z" : 0.309017
    }, {
      "x" : -0.19098301,
      "y" : -1.0,
      "z" : -0.309017
    }, {
      "x" : 0.19098301,
      "y" : -1.0,
      "z" : -0.309017
    }, {
      "x" : 1.0,
      "y" : -0.309017,
      "z" : -0.19098301
    }, {
      "x" : 0.809017,
      "y" : -0.618034,
      "z" : -0.309017
    }, {
      "x" : 0.618034,
      "y" : -0.309017,
      "z" : -0.809017
    }, {
      "x" : 0.809017,
      "y" : 0.0,
      "z" : -0.690983
    }, {
      "x" : 0.0,
      "y" : 0.690983,
      "z" : -0.809017
    }, {
      "x" : 0.309017,
      "y" : 0.809017,
      "z" : -0.618034
    }, {
      "x" : 0.618034,
      "y" : 0.309017,
      "z" : -0.809017
    }, {
      "x" : 0.309017,
      "y" : 0.19098301,
      "z" : -1.0
    }, {
      "x" : 1.0,
      "y" : 0.309017,
      "z" : -0.19098301
    }, {
      "x" : -0.309017,
      "y" : -0.809017,
      "z" : 0.618034
    }, {
      "x" : 0.0,
      "y" : -0.690983,
      "z" : 0.809017
    }, {
      "x" : 0.809017,
      "y" : 0.618034,
      "z" : -0.309017
    }, {
      "x" : 0.690983,
      "y" : 0.809017,
      "z" : 0.0
    }, {
      "x" : -0.690983,
      "y" : 0.809017,
      "z" : 0.0
    }, {
      "x" : -0.809017,
      "y" : 0.618034,
      "z" : 0.309017
    }, {
      "x" : -0.309017,
      "y" : 0.809017,
      "z" : 0.618034
    }, {
      "x" : -0.19098301,
      "y" : 1.0,
      "z" : 0.309017
    }, {
      "x" : 0.309017,
      "y" : -0.19098301,
      "z" : -1.0
    }, {
      "x" : 0.19098301,
      "y" : 1.0,
      "z" : 0.309017
    }, {
      "x" : 0.309017,
      "y" : 0.809017,
      "z" : 0.618034
    }, {
      "x" : -0.809017,
      "y" : -0.618034,
      "z" : 0.309017
    }, {
      "x" : -0.690983,
      "y" : -0.809017,
      "z" : 0.0
    }, {
      "x" : 0.0,
      "y" : 0.690983,
      "z" : 0.809017
    }, {
      "x" : 0.309017,
      "y" : -0.809017,
      "z" : -0.618034
    }, {
      "x" : 0.0,
      "y" : -0.690983,
      "z" : -0.809017
    }, {
      "x" : -1.0,
      "y" : 0.309017,
      "z" : 0.19098301
    }, {
      "x" : -0.809017,
      "y" : 0.0,
      "z" : 0.690983
    }, {
      "x" : -0.618034,
      "y" : 0.309017,
      "z" : 0.809017
    }, {
      "x" : 1.0,
      "y" : -0.309017,
      "z" : 0.19098301
    }, {
      "x" : -0.309017,
      "y" : -0.809017,
      "z" : -0.618034
    }, {
      "x" : -1.0,
      "y" : 0.309017,
      "z" : -0.19098301
    }, {
      "x" : -1.0,
      "y" : -0.309017,
      "z" : -0.19098301
    }, {
      "x" : -1.0,
      "y" : -0.309017,
      "z" : 0.19098301
    }, {
      "x" : 0.19098301,
      "y" : 1.0,
      "z" : -0.309017
    }, {
      "x" : -0.809017,
      "y" : 0.618034,
      "z" : -0.309017
    }, {
      "x" : -0.19098301,
      "y" : 1.0,
      "z" : -0.309017
    }, {
      "x" : -0.309017,
      "y" : 0.809017,
      "z" : -0.618034
    }, {
      "x" : -0.618034,
      "y" : -0.309017,
      "z" : 0.809017
    }, {
      "x" : 0.309017,
      "y" : 0.19098301,
      "z" : 1.0
    }, {
      "x" : -0.309017,
      "y" : 0.19098301,
      "z" : -1.0
    }, {
      "x" : -0.309017,
      "y" : 0.19098301,
      "z" : 1.0
    }, {
      "x" : -0.309017,
      "y" : -0.19098301,
      "z" : 1.0
    }, {
      "x" : 0.309017,
      "y" : -0.19098301,
      "z" : 1.0
    }, {
      "x" : 0.690983,
      "y" : -0.809017,
      "z" : 0.0
    }, {
      "x" : -0.809017,
      "y" : 0.0,
      "z" : -0.690983
    }, {
      "x" : -0.618034,
      "y" : -0.309017,
      "z" : -0.809017
    }, {
      "x" : -0.309017,
      "y" : -0.19098301,
      "z" : -1.0
    }, {
      "x" : -0.618034,
      "y" : 0.309017,
      "z" : -0.809017
    }, {
      "x" : -0.809017,
      "y" : -0.618034,
      "z" : -0.309017
    } ],
    "faces" : [ {
      "vertices" : [ 9, 40, 35, 34, 10 ]
    }, {
      "vertices" : [ 0, 1, 2 ]
    }, {
      "vertices" : [ 33, 51, 49 ]
    }, {
      "vertices" : [ 25, 36, 37, 38 ]
    }, {
      "vertices" : [ 41, 55, 42 ]
    }, {
      "vertices" : [ 9, 32, 59, 40 ]
    }, {
      "vertices" : [ 20, 21, 52, 48 ]
    }, {
      "vertices" : [ 26, 33, 30, 29, 27 ]
    }, {
      "vertices" : [ 3, 4, 5, 6 ]
    }, {
      "vertices" : [ 27, 29, 44, 46 ]
    }, {
      "vertices" : [ 50, 57, 56, 55, 58 ]
    }, {
      "vertices" : [ 26, 38, 51, 33 ]
    }, {
      "vertices" : [ 45, 47, 58 ]
    }, {
      "vertices" : [ 18, 28, 57, 50 ]
    }, {
      "vertices" : [ 40, 59, 56 ]
    }, {
      "vertices" : [ 31, 48, 37, 43 ]
    }, {
      "vertices" : [ 7, 8, 9, 10 ]
    }, {
      "vertices" : [ 36, 41, 42, 43 ]
    }, {
      "vertices" : [ 24, 46, 47, 45 ]
    }, {
      "vertices" : [ 4, 30, 5 ]
    }, {
      "vertices" : [ 15, 47, 46, 44, 16 ]
    }, {
      "vertices" : [ 15, 50, 58, 47 ]
    }, {
      "vertices" : [ 24, 45, 41, 36, 25 ]
    }, {
      "vertices" : [ 11, 14, 19 ]
    }, {
      "vertices" : [ 3, 6, 39 ]
    }, {
      "vertices" : [ 1, 39, 6, 2 ]
    }, {
      "vertices" : [ 8, 32, 9 ]
    }, {
      "vertices" : [ 11, 12, 13, 14 ]
    }, {
      "vertices" : [ 16, 22, 17 ]
    }, {
      "vertices" : [ 0, 21, 20, 8, 7 ]
    }, {
      "vertices" : [ 12, 34, 13 ]
    }, {
      "vertices" : [ 35, 40, 56, 57 ]
    }, {
      "vertices" : [ 0, 7, 54, 1 ]
    }, {
      "vertices" : [ 15, 16, 17, 18 ]
    }, {
      "vertices" : [ 3, 19, 22, 23, 4 ]
    }, {
      "vertices" : [ 7, 10, 54 ]
    }, {
      "vertices" : [ 41, 45, 58, 55 ]
    }, {
      "vertices" : [ 3, 39, 11, 19 ]
    }, {
      "vertices" : [ 14, 17, 22, 19 ]
    }, {
      "vertices" : [ 0, 2, 53, 21 ]
    }, {
      "vertices" : [ 49, 51, 52, 53 ]
    }, {
      "vertices" : [ 31, 43, 42, 59, 32 ]
    }, {
      "vertices" : [ 15, 18, 50 ]
    }, {
      "vertices" : [ 42, 55, 56, 59 ]
    }, {
      "vertices" : [ 4, 23, 29, 30 ]
    }, {
      "vertices" : [ 25, 38, 26 ]
    }, {
      "vertices" : [ 13, 28, 18, 17, 14 ]
    }, {
      "vertices" : [ 8, 20, 31, 32 ]
    }, {
      "vertices" : [ 23, 44, 29 ]
    }, {
      "vertices" : [ 24, 27, 46 ]
    }, {
      "vertices" : [ 37, 48, 52, 51, 38 ]
    }, {
      "vertices" : [ 20, 48, 31 ]
    }, {
      "vertices" : [ 24, 25, 26, 27 ]
    }, {
      "vertices" : [ 16, 44, 23, 22 ]
    }, {
      "vertices" : [ 13, 34, 35, 28 ]
    }, {
      "vertices" : [ 10, 34, 12, 54 ]
    }, {
      "vertices" : [ 2, 6, 5, 49, 53 ]
    }, {
      "vertices" : [ 36, 43, 37 ]
    }, {
      "vertices" : [ 5, 30, 33, 49 ]
    }, {
      "vertices" : [ 1, 54, 12, 11, 39 ]
    }, {
      "vertices" : [ 28, 35, 57 ]
    }, {
      "vertices" : [ 21, 53, 52 ]
    } ]
  }, {
    "id" : "eecf0cfd-5c1d-4f05-ab17-262d7011d5ed",
    "vertices" : [ {
      "x" : 0.0,
      "y" : 0.0,
      "z" : 0.0
    }, {
      "x" : 0.6545085,
      "y" : -1.059017,
      "z" : 1.7135255
    }, {
      "x" : 0.6545085,
      "y" : -9.531153,
      "z" : 1.7135255
    }, {
      "x" : 0.0,
      "y" : -8.472136,
      "z" : 0.0
    } ],
    "faces" : [ {
      "vertices" : [ 0, 1, 2, 3 ]
    }, {
      "vertices" : [ 0, 3, 2, 1 ]
    } ]
  }, {
    "id" : "2572c4a9-7ad3-4b91-a09e-4c18ffe168c4",
    "vertices" : [ {
      "x" : 0.0,
      "y" : 0.0,
      "z" : 0.0
    }, {
      "x" : 0.0,
      "y" : 8.472136,
      "z" : 0.0
    }, {
      "x" : 1.9635255,
      "y" : 11.649187,
      "z" : 5.1405764
    }, {
      "x" : 1.9635255,
      "y" : 3.177051,
      "z" : 5.1405764
    } ],
    "faces" : [ {
      "vertices" : [ 0, 1, 2, 3 ]
    }, {
      "vertices" : [ 0, 3, 2, 1 ]
    } ]
  }, {
    "id" : "3cd4e2d5-4a3b-48be-981d-fcf8e7a31fbf",
    "vertices" : [ {
      "x" : 0.0,
      "y" : 0.0,
      "z" : 0.0
    }, {
      "x" : -2.618034,
      "y" : -4.236068,
      "z" : -6.854102
    }, {
      "x" : -4.5815597,
      "y" : -1.059017,
      "z" : -11.9946785
    }, {
      "x" : -1.9635255,
      "y" : 3.177051,
      "z" : -5.1405764
    } ],
    "faces" : [ {
      "vertices" : [ 0, 1, 2, 3 ]
    }, {
      "vertices" : [ 0, 3, 2, 1 ]
    } ]
  }, {
    "id" : "1507fa07-46ed-4429-936a-65fca02b5b8b",
    "vertices" : [ {
      "x" : 0.0,
      "y" : 0.0,
      "z" : 0.0
    }, {
      "x" : 2.618034,
      "y" : -4.236068,
      "z" : -6.854102
    }, {
      "x" : 0.0,
      "y" : 0.0,
      "z" : -13.708204
    }, {
      "x" : -4.236068,
      "y" : 6.854102,
      "z" : -11.09017
    }, {
      "x" : -4.236068,
      "y" : 6.854102,
      "z" : -2.618034
    } ],
    "faces" : [ {
      "vertices" : [ 0, 1, 2, 3, 4 ]
    }, {
      "vertices" : [ 0, 4, 3, 2, 1 ]
    } ]
  }, {
    "id" : "d6d17a87-c21f-4c86-a440-87ff335341b5",
    "vertices" : [ {
      "x" : 0.0,
      "y" : 0.0,
      "z" : 0.0
    }, {
      "x" : 2.618034,
      "y" : -4.236068,
      "z" : 6.854102
    }, {
      "x" : 2.618034,
      "y" : -10.59017,
      "z" : 6.854102
    }, {
      "x" : 0.0,
      "y" : -6.354102,
      "z" : 0.0
    } ],
    "faces" : [ {
      "vertices" : [ 0, 1, 2, 3 ]
    }, {
      "vertices" : [ 0, 3, 2, 1 ]
    } ]
  }, {
    "id" : "d7bf7003-8215-42e3-bf55-4dc18842c6b7",
    "vertices" : [ {
      "x" : 0.0,
      "y" : 0.0,
      "z" : 0.0
    }, {
      "x" : -0.6545085,
      "y" : -1.059017,
      "z" : -1.7135255
    }, {
      "x" : -3.2725425,
      "y" : 3.177051,
      "z" : -8.567628
    }, {
      "x" : -2.618034,
      "y" : 4.236068,
      "z" : -6.854102
    } ],
    "faces" : [ {
      "vertices" : [ 0, 1, 2, 3 ]
    }, {
      "vertices" : [ 0, 3, 2, 1 ]
    } ]
  }, {
    "id" : "111bd594-a6a6-43cd-a5bb-a6ee310e2cc3",
    "vertices" : [ {
      "x" : 0.0,
      "y" : 0.0,
      "z" : 0.0
    }, {
      "x" : -4.236068,
      "y" : 6.854102,
      "z" : 2.618034
    }, {
      "x" : -4.236068,
      "y" : 6.854102,
      "z" : 11.09017
    }, {
      "x" : 0.0,
      "y" : 0.0,
      "z" : 13.708204
    }, {
      "x" : 2.618034,
      "y" : -4.236068,
      "z" : 6.854102
    } ],
    "faces" : [ {
      "vertices" : [ 0, 1, 2, 3, 4 ]
    }, {
      "vertices" : [ 0, 4, 3, 2, 1 ]
    } ]
  }, {
    "id" : "aa202d4e-3efa-4756-9a80-821e061d4e78",
    "vertices" : [ {
      "x" : 0.0,
      "y" : 0.0,
      "z" : 0.0
    }, {
      "x" : 4.236068,
      "y" : -6.854102,
      "z" : 2.618034
    }, {
      "x" : 6.854102,
      "y" : -11.09017,
      "z" : -4.236068
    }, {
      "x" : 4.236068,
      "y" : -6.854102,
      "z" : -11.09017
    }, {
      "x" : 0.0,
      "y" : 0.0,
      "z" : -8.472136
    } ],
    "faces" : [ {
      "vertices" : [ 0, 1, 2, 3, 4 ]
    }, {
      "vertices" : [ 0, 4, 3, 2, 1 ]
    } ]
  } ],
  "instances" : [ {
    "shape" : "49d153e2-02ce-42a2-a87d-5d95650f50be",
    "color" : "#008EC2",
    "position" : {
      "x" : 15.980746,
      "y" : -3.177051,
      "z" : 11.9946785
    },
    "orientation" : 52
  }, {
    "shape" : "cca5b3c0-4eb8-4721-aac7-8b354b529f02",
    "color" : "#008EC2",
    "position" : {
      "x" : 13.708204,
      "y" : 15.326238,
      "z" : 4.236068
    },
    "orientation" : 21
  }, {
    "shape" : "e1ebe795-a70e-456c-8aab-53df4e6e3b64",
    "color" : "#00FF00",
    "position" : {
      "x" : -17.944271,
      "y" : -8.472136,
      "z" : -6.854102
    },
    "orientation" : 19
  }, {
    "shape" : "49d153e2-02ce-42a2-a87d-5d95650f50be",
    "color" : "#008EC2",
    "position" : {
      "x" : 7.913119,
      "y" : -16.230747,
      "z" : 9.126644
    },
    "orientation" : 9
  }, {
    "shape" : "cca5b3c0-4eb8-4721-aac7-8b354b529f02",
    "color" : "#008EC2",
    "position" : {
      "x" : 0.0,
      "y" : -20.562305,
      "z" : 4.236068
    },
    "orientation" : 47
  }, {
    "shape" : "0160c891-9758-490e-ab1a-04ec0ab57175",
    "color" : "#F2F2F2",
    "position" : {
      "x" : 0.0,
      "y" : 20.562305,
      "z" : 2.118034
    }
  }, {
    "shape" : "0160c891-9758-490e-ab1a-04ec0ab57175",
    "color" : "#F2F2F2",
    "position" : {
      "x" : -15.980746,
      "y" : -5.295085,
      "z" : -11.9946785
    }
  }, {
    "shape" : "eecf0cfd-5c1d-4f05-ab17-262d7011d5ed",
    "color" : "#3300FF",
    "position" : {
      "x" : 8.472136,
      "y" : 6.854102,
      "z" : 17.944271
    },
    "orientation" : 7
  }, {
    "shape" : "2572c4a9-7ad3-4b91-a09e-4c18ffe168c4",
    "color" : "#FF0000",
    "position" : {
      "x" : -4.236068,
      "y" : -13.708204,
      "z" : -15.326238
    },
    "orientation" : 7
  }, {
    "shape" : "0160c891-9758-490e-ab1a-04ec0ab57175",
    "color" : "#F2F2F2",
    "position" : {
      "x" : -15.980746,
      "y" : 5.295085,
      "z" : 11.9946785
    }
  }, {
    "shape" : "0160c891-9758-490e-ab1a-04ec0ab57175",
    "color" : "#F2F2F2",
    "position" : {
      "x" : 11.9946785,
      "y" : -15.980746,
      "z" : 3.177051
    }
  }, {
    "shape" : "49d153e2-02ce-42a2-a87d-5d95650f50be",
    "color" : "#008EC2",
    "position" : {
      "x" : -1.7135255,
      "y" : 19.907797,
      "z" : 3.177051
    },
    "orientation" : 53
  }, {
    "shape" : "49d153e2-02ce-42a2-a87d-5d95650f50be",
    "color" : "#008EC2",
    "position" : {
      "x" : -15.980746,
      "y" : 3.177051,
      "z" : 11.9946785
    },
    "orientation" : 22
  }, {
    "shape" : "cca5b3c0-4eb8-4721-aac7-8b354b529f02",
    "color" : "#008EC2",
    "position" : {
      "x" : 0.0,
      "y" : -20.562305,
      "z" : 4.236068
    },
    "orientation" : 11
  }, {
    "shape" : "cca5b3c0-4eb8-4721-aac7-8b354b529f02",
    "color" : "#008EC2",
    "position" : {
      "x" : -16.230747,
      "y" : -9.126644,
      "z" : -7.913119
    },
    "orientation" : 21
  }, {
    "shape" : "cca5b3c0-4eb8-4721-aac7-8b354b529f02",
    "color" : "#008EC2",
    "position" : {
      "x" : -16.230747,
      "y" : 9.126644,
      "z" : 7.913119
    },
    "orientation" : 6
  }, {
    "shape" : "cca5b3c0-4eb8-4721-aac7-8b354b529f02",
    "color" : "#008EC2",
    "position" : {
      "x" : 19.907797,
      "y" : 3.177051,
      "z" : -1.7135255
    },
    "orientation" : 55
  }, {
    "shape" : "e1ebe795-a70e-456c-8aab-53df4e6e3b64",
    "color" : "#FFFF33",
    "position" : {
      "x" : -6.854102,
      "y" : 17.944271,
      "z" : -8.472136
    },
    "orientation" : 1
  }, {
    "shape" : "0160c891-9758-490e-ab1a-04ec0ab57175",
    "color" : "#F2F2F2",
    "position" : {
      "x" : -15.326238,
      "y" : -4.236068,
      "z" : -13.708204
    }
  }, {
    "shape" : "0160c891-9758-490e-ab1a-04ec0ab57175",
    "color" : "#F2F2F2",
    "position" : {
      "x" : -6.854102,
      "y" : -17.944271,
      "z" : 6.354102
    }
  }, {
    "shape" : "cca5b3c0-4eb8-4721-aac7-8b354b529f02",
    "color" : "#008EC2",
    "position" : {
      "x" : 9.126644,
      "y" : 7.913119,
      "z" : -16.230747
    },
    "orientation" : 8
  }, {
    "shape" : "0160c891-9758-490e-ab1a-04ec0ab57175",
    "color" : "#F2F2F2",
    "position" : {
      "x" : 17.944271,
      "y" : 0.0,
      "z" : 6.854102
    }
  }, {
    "shape" : "e1ebe795-a70e-456c-8aab-53df4e6e3b64",
    "color" : "#FFCC66",
    "position" : {
      "x" : -17.944271,
      "y" : 8.472136,
      "z" : -6.854102
    },
    "orientation" : 30
  }, {
    "shape" : "eecf0cfd-5c1d-4f05-ab17-262d7011d5ed",
    "color" : "#3300FF",
    "position" : {
      "x" : 15.326238,
      "y" : 4.236068,
      "z" : 13.708204
    },
    "orientation" : 9
  }, {
    "shape" : "cca5b3c0-4eb8-4721-aac7-8b354b529f02",
    "color" : "#008EC2",
    "position" : {
      "x" : 15.980746,
      "y" : -3.177051,
      "z" : 11.9946785
    },
    "orientation" : 1
  }, {
    "shape" : "cca5b3c0-4eb8-4721-aac7-8b354b529f02",
    "color" : "#008EC2",
    "position" : {
      "x" : -17.944271,
      "y" : 8.472136,
      "z" : 6.854102
    },
    "orientation" : 37
  }, {
    "shape" : "cca5b3c0-4eb8-4721-aac7-8b354b529f02",
    "color" : "#008EC2",
    "position" : {
      "x" : -17.944271,
      "y" : 8.472136,
      "z" : -6.854102
    },
    "orientation" : 25
  }, {
    "shape" : "0160c891-9758-490e-ab1a-04ec0ab57175",
    "color" : "#F2F2F2",
    "position" : {
      "x" : 13.708204,
      "y" : 15.326238,
      "z" : 4.236068
    }
  }, {
    "shape" : "cca5b3c0-4eb8-4721-aac7-8b354b529f02",
    "color" : "#008EC2",
    "position" : {
      "x" : 8.472136,
      "y" : 6.854102,
      "z" : 17.944271
    },
    "orientation" : 39
  }, {
    "shape" : "3cd4e2d5-4a3b-48be-981d-fcf8e7a31fbf",
    "color" : "#FFFF33",
    "position" : {
      "x" : -4.236068,
      "y" : -13.708204,
      "z" : 15.326238
    },
    "orientation" : 3
  }, {
    "shape" : "0160c891-9758-490e-ab1a-04ec0ab57175",
    "color" : "#F2F2F2",
    "position" : {
      "x" : 13.053696,
      "y" : 14.2672205,
      "z" : 5.9495935
    }
  }, {
    "shape" : "0160c891-9758-490e-ab1a-04ec0ab57175",
    "color" : "#F2F2F2",
    "position" : {
      "x" : -6.854102,
      "y" : 17.944271,
      "z" : -6.354102
    }
  }, {
    "shape" : "eecf0cfd-5c1d-4f05-ab17-262d7011d5ed",
    "color" : "#FF0000",
    "position" : {
      "x" : 6.854102,
      "y" : 17.944271,
      "z" : 8.472136
    },
    "orientation" : 6
  }, {
    "shape" : "1507fa07-46ed-4429-936a-65fca02b5b8b",
    "color" : "#FFFF33",
    "position" : {
      "x" : -6.854102,
      "y" : -17.944271,
      "z" : 8.472136
    },
    "orientation" : 31
  }, {
    "shape" : "cca5b3c0-4eb8-4721-aac7-8b354b529f02",
    "color" : "#008EC2",
    "position" : {
      "x" : -14.2672205,
      "y" : -5.9495935,
      "z" : 13.053696
    },
    "orientation" : 8
  }, {
    "shape" : "cca5b3c0-4eb8-4721-aac7-8b354b529f02",
    "color" : "#008EC2",
    "position" : {
      "x" : 15.326238,
      "y" : 4.236068,
      "z" : -13.708204
    },
    "orientation" : 10
  }, {
    "shape" : "0160c891-9758-490e-ab1a-04ec0ab57175",
    "color" : "#F2F2F2",
    "position" : {
      "x" : 6.854102,
      "y" : 17.944271,
      "z" : 8.472136
    }
  }, {
    "shape" : "0160c891-9758-490e-ab1a-04ec0ab57175",
    "color" : "#F2F2F2",
    "position" : {
      "x" : -8.567628,
      "y" : 17.289762,
      "z" : 7.413119
    }
  }, {
    "shape" : "49d153e2-02ce-42a2-a87d-5d95650f50be",
    "color" : "#008EC2",
    "position" : {
      "x" : -13.053696,
      "y" : 14.2672205,
      "z" : -5.9495935
    },
    "orientation" : 25
  }, {
    "shape" : "eecf0cfd-5c1d-4f05-ab17-262d7011d5ed",
    "color" : "#3300FF",
    "position" : {
      "x" : -8.472136,
      "y" : -6.854102,
      "z" : -17.944271
    },
    "orientation" : 19
  }, {
    "shape" : "e1ebe795-a70e-456c-8aab-53df4e6e3b64",
    "color" : "#FFCC66",
    "position" : {
      "x" : -20.562305,
      "y" : 4.236068,
      "z" : 0.0
    },
    "orientation" : 38
  }, {
    "shape" : "cca5b3c0-4eb8-4721-aac7-8b354b529f02",
    "color" : "#008EC2",
    "position" : {
      "x" : 3.177051,
      "y" : -11.9946785,
      "z" : 15.980746
    },
    "orientation" : 45
  }, {
    "shape" : "0160c891-9758-490e-ab1a-04ec0ab57175",
    "color" : "#F2F2F2",
    "position" : {
      "x" : 0.0,
      "y" : -20.562305,
      "z" : -2.118034
    }
  }, {
    "shape" : "49d153e2-02ce-42a2-a87d-5d95650f50be",
    "color" : "#008EC2",
    "position" : {
      "x" : -13.053696,
      "y" : -14.2672205,
      "z" : 5.9495935
    },
    "orientation" : 10
  }, {
    "shape" : "0160c891-9758-490e-ab1a-04ec0ab57175",
    "color" : "#F2F2F2",
    "position" : {
      "x" : 5.9495935,
      "y" : -13.053696,
      "z" : -14.2672205
    }
  }, {
    "shape" : "cca5b3c0-4eb8-4721-aac7-8b354b529f02",
    "color" : "#008EC2",
    "position" : {
      "x" : -17.944271,
      "y" : -8.472136,
      "z" : -6.854102
    },
    "orientation" : 21
  }, {
    "shape" : "cca5b3c0-4eb8-4721-aac7-8b354b529f02",
    "color" : "#008EC2",
    "position" : {
      "x" : -13.708204,
      "y" : -15.326238,
      "z" : 4.236068
    },
    "orientation" : 51
  }, {
    "shape" : "0160c891-9758-490e-ab1a-04ec0ab57175",
    "color" : "#F2F2F2",
    "position" : {
      "x" : -17.289762,
      "y" : -7.413119,
      "z" : -8.567628
    }
  }, {
    "shape" : "2572c4a9-7ad3-4b91-a09e-4c18ffe168c4",
    "color" : "#FF0000",
    "position" : {
      "x" : -4.236068,
      "y" : 13.708204,
      "z" : 15.326238
    },
    "orientation" : 22
  }, {
    "shape" : "eecf0cfd-5c1d-4f05-ab17-262d7011d5ed",
    "color" : "#FFFF33",
    "position" : {
      "x" : 6.854102,
      "y" : 17.944271,
      "z" : -8.472136
    },
    "orientation" : 3
  }, {
    "shape" : "e1ebe795-a70e-456c-8aab-53df4e6e3b64",
    "color" : "#FFFF33",
    "position" : {
      "x" : -4.236068,
      "y" : 13.708204,
      "z" : -15.326238
    },
    "orientation" : 54
  }, {
    "shape" : "0160c891-9758-490e-ab1a-04ec0ab57175",
    "color" : "#F2F2F2",
    "position" : {
      "x" : 11.9946785,
      "y" : -15.980746,
      "z" : -5.295085
    }
  }, {
    "shape" : "e1ebe795-a70e-456c-8aab-53df4e6e3b64",
    "color" : "#FF0000",
    "position" : {
      "x" : 4.236068,
      "y" : 13.708204,
      "z" : 15.326238
    },
    "orientation" : 9
  }, {
    "shape" : "cca5b3c0-4eb8-4721-aac7-8b354b529f02",
    "color" : "#008EC2",
    "position" : {
      "x" : 17.944271,
      "y" : 8.472136,
      "z" : -6.854102
    },
    "orientation" : 51
  }, {
    "shape" : "0160c891-9758-490e-ab1a-04ec0ab57175",
    "color" : "#F2F2F2",
    "position" : {
      "x" : 17.944271,
      "y" : 8.472136,
      "z" : 6.854102
    }
  }, {
    "shape" : "d6d17a87-c21f-4c86-a440-87ff335341b5",
    "color" : "#FFFF33",
    "position" : {
      "x" : 6.854102,
      "y" : -17.944271,
      "z" : 8.472136
    },
    "orientation" : 54
  }, {
    "shape" : "cca5b3c0-4eb8-4721-aac7-8b354b529f02",
    "color" : "#008EC2",
    "position" : {
      "x" : -6.854102,
      "y" : -17.944271,
      "z" : 6.354102
    },
    "orientation" : 26
  }, {
    "shape" : "d7bf7003-8215-42e3-bf55-4dc18842c6b7",
    "color" : "#CC00CC",
    "position" : {
      "x" : -15.326238,
      "y" : 4.236068,
      "z" : 13.708204
    },
    "orientation" : 38
  }, {
    "shape" : "0160c891-9758-490e-ab1a-04ec0ab57175",
    "color" : "#F2F2F2",
    "position" : {
      "x" : -5.295085,
      "y" : 11.9946785,
      "z" : 15.980746
    }
  }, {
    "shape" : "2572c4a9-7ad3-4b91-a09e-4c18ffe168c4",
    "color" : "#FFCC66",
    "position" : {
      "x" : 17.944271,
      "y" : -8.472136,
      "z" : 6.854102
    },
    "orientation" : 54
  }, {
    "shape" : "0160c891-9758-490e-ab1a-04ec0ab57175",
    "color" : "#F2F2F2",
    "position" : {
      "x" : -17.944271,
      "y" : -8.472136,
      "z" : 6.854102
    }
  }, {
    "shape" : "0160c891-9758-490e-ab1a-04ec0ab57175",
    "color" : "#F2F2F2",
    "position" : {
      "x" : -11.9946785,
      "y" : -15.980746,
      "z" : -5.295085
    }
  }, {
    "shape" : "d7bf7003-8215-42e3-bf55-4dc18842c6b7",
    "color" : "#00FF00",
    "position" : {
      "x" : 17.944271,
      "y" : 8.472136,
      "z" : -6.854102
    },
    "orientation" : 3
  }, {
    "shape" : "cca5b3c0-4eb8-4721-aac7-8b354b529f02",
    "color" : "#008EC2",
    "position" : {
      "x" : 15.980746,
      "y" : 3.177051,
      "z" : -11.9946785
    },
    "orientation" : 16
  }, {
    "shape" : "cca5b3c0-4eb8-4721-aac7-8b354b529f02",
    "color" : "#008EC2",
    "position" : {
      "x" : -19.907797,
      "y" : -3.177051,
      "z" : -1.7135255
    },
    "orientation" : 25
  }, {
    "shape" : "2572c4a9-7ad3-4b91-a09e-4c18ffe168c4",
    "color" : "#3300FF",
    "position" : {
      "x" : -15.326238,
      "y" : 4.236068,
      "z" : -13.708204
    },
    "orientation" : 5
  }, {
    "shape" : "0160c891-9758-490e-ab1a-04ec0ab57175",
    "color" : "#F2F2F2",
    "position" : {
      "x" : -17.944271,
      "y" : 0.0,
      "z" : -6.854102
    }
  }, {
    "shape" : "cca5b3c0-4eb8-4721-aac7-8b354b529f02",
    "color" : "#008EC2",
    "position" : {
      "x" : 6.854102,
      "y" : 17.944271,
      "z" : 8.472136
    },
    "orientation" : 26
  }, {
    "shape" : "49d153e2-02ce-42a2-a87d-5d95650f50be",
    "color" : "#008EC2",
    "position" : {
      "x" : 13.053696,
      "y" : -14.2672205,
      "z" : -5.9495935
    },
    "orientation" : 55
  }, {
    "shape" : "cca5b3c0-4eb8-4721-aac7-8b354b529f02",
    "color" : "#008EC2",
    "position" : {
      "x" : 16.230747,
      "y" : -9.126644,
      "z" : 7.913119
    },
    "orientation" : 36
  }, {
    "shape" : "49d153e2-02ce-42a2-a87d-5d95650f50be",
    "color" : "#008EC2",
    "position" : {
      "x" : 3.177051,
      "y" : 1.7135255,
      "z" : -19.907797
    },
    "orientation" : 51
  }, {
    "shape" : "49d153e2-02ce-42a2-a87d-5d95650f50be",
    "color" : "#008EC2",
    "position" : {
      "x" : 5.9495935,
      "y" : -13.053696,
      "z" : -14.2672205
    },
    "orientation" : 11
  }, {
    "shape" : "d7bf7003-8215-42e3-bf55-4dc18842c6b7",
    "color" : "#00FF00",
    "position" : {
      "x" : 13.708204,
      "y" : 15.326238,
      "z" : -4.236068
    },
    "orientation" : 6
  }, {
    "shape" : "49d153e2-02ce-42a2-a87d-5d95650f50be",
    "color" : "#008EC2",
    "position" : {
      "x" : -17.944271,
      "y" : 6.354102,
      "z" : -6.854102
    },
    "orientation" : 16
  }, {
    "shape" : "0160c891-9758-490e-ab1a-04ec0ab57175",
    "color" : "#F2F2F2",
    "position" : {
      "x" : 0.0,
      "y" : 20.562305,
      "z" : 4.236068
    }
  }, {
    "shape" : "0160c891-9758-490e-ab1a-04ec0ab57175",
    "color" : "#F2F2F2",
    "position" : {
      "x" : -17.944271,
      "y" : 6.354102,
      "z" : -6.854102
    }
  }, {
    "shape" : "cca5b3c0-4eb8-4721-aac7-8b354b529f02",
    "color" : "#008EC2",
    "position" : {
      "x" : 20.562305,
      "y" : -4.236068,
      "z" : 0.0
    },
    "orientation" : 1
  }, {
    "shape" : "0160c891-9758-490e-ab1a-04ec0ab57175",
    "color" : "#F2F2F2",
    "position" : {
      "x" : 13.708204,
      "y" : -15.326238,
      "z" : -4.236068
    }
  }, {
    "shape" : "0160c891-9758-490e-ab1a-04ec0ab57175",
    "color" : "#F2F2F2",
    "position" : {
      "x" : 11.9946785,
      "y" : 15.980746,
      "z" : 5.295085
    }
  }, {
    "shape" : "eecf0cfd-5c1d-4f05-ab17-262d7011d5ed",
    "color" : "#3300FF",
    "position" : {
      "x" : -15.326238,
      "y" : 4.236068,
      "z" : -13.708204
    },
    "orientation" : 54
  }, {
    "shape" : "0160c891-9758-490e-ab1a-04ec0ab57175",
    "color" : "#F2F2F2",
    "position" : {
      "x" : -6.854102,
      "y" : 17.944271,
      "z" : -8.472136
    }
  }, {
    "shape" : "0160c891-9758-490e-ab1a-04ec0ab57175",
    "color" : "#F2F2F2",
    "position" : {
      "x" : -13.053696,
      "y" : -14.2672205,
      "z" : 5.9495935
    }
  }, {
    "shape" : "cca5b3c0-4eb8-4721-aac7-8b354b529f02",
    "color" : "#008EC2",
    "position" : {
      "x" : -6.854102,
      "y" : -17.944271,
      "z" : 8.472136
    },
    "orientation" : 26
  }, {
    "shape" : "e1ebe795-a70e-456c-8aab-53df4e6e3b64",
    "color" : "#FFFF33",
    "position" : {
      "x" : -6.854102,
      "y" : -17.944271,
      "z" : 8.472136
    },
    "orientation" : 16
  }, {
    "shape" : "cca5b3c0-4eb8-4721-aac7-8b354b529f02",
    "color" : "#008EC2",
