{
  "polygons" : "true",
  "field" : "golden",
  "symmetry" : "icosahedral",
  "orientations" : [ [ 1.0, 0.0, 0.0, 0.0, 0.0, 1.0, 0.0, 0.0, 0.0, 0.0, 1.0, 0.0, 0.0, 0.0, 0.0, 1.0 ], [ 0.0, 0.0, 1.0, 0.0, 1.0, 0.0, 0.0, 0.0, 0.0, 1.0, 0.0, 0.0, 0.0, 0.0, 0.0, 1.0 ], [ 0.0, 1.0, 0.0, 0.0, 0.0, 0.0, 1.0, 0.0, 1.0, 0.0, 0.0, 0.0, 0.0, 0.0, 0.0, 1.0 ], [ 0.809017, 0.309017, 0.5, 0.0, 0.309017, 0.5, -0.809017, 0.0, -0.5, 0.809017, 0.309017, 0.0, 0.0, 0.0, 0.0, 1.0 ], [ -0.5, 0.809017, 0.309017, 0.0, 0.809017, 0.309017, 0.5, 0.0, 0.309017, 0.5, -0.809017, 0.0, 0.0, 0.0, 0.0, 1.0 ], [ 0.309017, 0.5, -0.809017, 0.0, -0.5, 0.809017, 0.309017, 0.0, 0.809017, 0.309017, 0.5, 0.0, 0.0, 0.0, 0.0, 1.0 ], [ 0.5, 0.809017, 0.309017, 0.0, 0.809017, -0.309017, -0.5, 0.0, -0.309017, 0.5, -0.809017, 0.0, 0.0, 0.0, 0.0, 1.0 ], [ -0.309017, 0.5, -0.809017, 0.0, 0.5, 0.809017, 0.309017, 0.0, 0.809017, -0.309017, -0.5, 0.0, 0.0, 0.0, 0.0, 1.0 ], [ 0.809017, -0.309017, -0.5, 0.0, -0.309017, 0.5, -0.809017, 0.0, 0.5, 0.809017, 0.309017, 0.0, 0.0, 0.0, 0.0, 1.0 ], [ 0.5, 0.809017, -0.309017, 0.0, 0.809017, -0.309017, 0.5, 0.0, 0.309017, -0.5, -0.809017, 0.0, 0.0, 0.0, 0.0, 1.0 ], [ 0.309017, -0.5, -0.809017, 0.0, 0.5, 0.809017, -0.309017, 0.0, 0.809017, -0.309017, 0.5, 0.0, 0.0, 0.0, 0.0, 1.0 ], [ 0.809017, -0.309017, 0.5, 0.0, 0.309017, -0.5, -0.809017, 0.0, 0.5, 0.809017, -0.309017, 0.0, 0.0, 0.0, 0.0, 1.0 ], [ 0.809017, 0.309017, -0.5, 0.0, 0.309017, 0.5, 0.809017, 0.0, 0.5, -0.809017, 0.309017, 0.0, 0.0, 0.0, 0.0, 1.0 ], [ 0.5, -0.809017, 0.309017, 0.0, 0.809017, 0.309017, -0.5, 0.0, 0.309017, 0.5, 0.809017, 0.0, 0.0, 0.0, 0.0, 1.0 ], [ 0.309017, 0.5, 0.809017, 0.0, 0.5, -0.809017, 0.309017, 0.0, 0.809017, 0.309017, -0.5, 0.0, 0.0, 0.0, 0.0, 1.0 ], [ 1.0, 0.0, 0.0, 0.0, 0.0, -1.0, 0.0, 0.0, 0.0, 0.0, -1.0, 0.0, 0.0, 0.0, 0.0, 1.0 ], [ 0.0, 0.0, 1.0, 0.0, -1.0, 0.0, 0.0, 0.0, 0.0, -1.0, 0.0, 0.0, 0.0, 0.0, 0.0, 1.0 ], [ 0.0, 1.0, 0.0, 0.0, 0.0, 0.0, -1.0, 0.0, -1.0, 0.0, 0.0, 0.0, 0.0, 0.0, 0.0, 1.0 ], [ 0.809017, 0.309017, 0.5, 0.0, -0.309017, -0.5, 0.809017, 0.0, 0.5, -0.809017, -0.309017, 0.0, 0.0, 0.0, 0.0, 1.0 ], [ -0.5, 0.809017, 0.309017, 0.0, -0.809017, -0.309017, -0.5, 0.0, -0.309017, -0.5, 0.809017, 0.0, 0.0, 0.0, 0.0, 1.0 ], [ 0.309017, 0.5, -0.809017, 0.0, 0.5, -0.809017, -0.309017, 0.0, -0.809017, -0.309017, -0.5, 0.0, 0.0, 0.0, 0.0, 1.0 ], [ 0.5, 0.809017, 0.309017, 0.0, -0.809017, 0.309017, 0.5, 0.0, 0.309017, -0.5, 0.809017, 0.0, 0.0, 0.0, 0.0, 1.0 ], [ -0.309017, 0.5, -0.809017, 0.0, -0.5, -0.809017, -0.309017, 0.0, -0.809017, 0.309017, 0.5, 0.0, 0.0, 0.0, 0.0, 1.0 ], [ 0.809017, -0.309017, -0.5, 0.0, 0.309017, -0.5, 0.809017, 0.0, -0.5, -0.809017, -0.309017, 0.0, 0.0, 0.0, 0.0, 1.0 ], [ 0.5, 0.809017, -0.309017, 0.0, -0.809017, 0.309017, -0.5, 0.0, -0.309017, 0.5, 0.809017, 0.0, 0.0, 0.0, 0.0, 1.0 ], [ 0.309017, -0.5, -0.809017, 0.0, -0.5, -0.809017, 0.309017, 0.0, -0.809017, 0.309017, -0.5, 0.0, 0.0, 0.0, 0.0, 1.0 ], [ 0.809017, -0.309017, 0.5, 0.0, -0.309017, 0.5, 0.809017, 0.0, -0.5, -0.809017, 0.309017, 0.0, 0.0, 0.0, 0.0, 1.0 ], [ 0.809017, 0.309017, -0.5, 0.0, -0.309017, -0.5, -0.809017, 0.0, -0.5, 0.809017, -0.309017, 0.0, 0.0, 0.0, 0.0, 1.0 ], [ 0.5, -0.809017, 0.309017, 0.0, -0.809017, -0.309017, 0.5, 0.0, -0.309017, -0.5, -0.809017, 0.0, 0.0, 0.0, 0.0, 1.0 ], [ 0.309017, 0.5, 0.809017, 0.0, -0.5, 0.809017, -0.309017, 0.0, -0.809017, -0.309017, 0.5, 0.0, 0.0, 0.0, 0.0, 1.0 ], [ -1.0, 0.0, 0.0, 0.0, 0.0, -1.0, 0.0, 0.0, 0.0, 0.0, 1.0, 0.0, 0.0, 0.0, 0.0, 1.0 ], [ 0.0, 0.0, -1.0, 0.0, -1.0, 0.0, 0.0, 0.0, 0.0, 1.0, 0.0, 0.0, 0.0, 0.0, 0.0, 1.0 ], [ 0.0, -1.0, 0.0, 0.0, 0.0, 0.0, -1.0, 0.0, 1.0, 0.0, 0.0, 0.0, 0.0, 0.0, 0.0, 1.0 ], [ -0.809017, -0.309017, -0.5, 0.0, -0.309017, -0.5, 0.809017, 0.0, -0.5, 0.809017, 0.309017, 0.0, 0.0, 0.0, 0.0, 1.0 ], [ 0.5, -0.809017, -0.309017, 0.0, -0.809017, -0.309017, -0.5, 0.0, 0.309017, 0.5, -0.809017, 0.0, 0.0, 0.0, 0.0, 1.0 ], [ -0.309017, -0.5, 0.809017, 0.0, 0.5, -0.809017, -0.309017, 0.0, 0.809017, 0.309017, 0.5, 0.0, 0.0, 0.0, 0.0, 1.0 ], [ -0.5, -0.809017, -0.309017, 0.0, -0.809017, 0.309017, 0.5, 0.0, -0.309017, 0.5, -0.809017, 0.0, 0.0, 0.0, 0.0, 1.0 ], [ 0.309017, -0.5, 0.809017, 0.0, -0.5, -0.809017, -0.309017, 0.0, 0.809017, -0.309017, -0.5, 0.0, 0.0, 0.0, 0.0, 1.0 ], [ -0.809017, 0.309017, 0.5, 0.0, 0.309017, -0.5, 0.809017, 0.0, 0.5, 0.809017, 0.309017, 0.0, 0.0, 0.0, 0.0, 1.0 ], [ -0.5, -0.809017, 0.309017, 0.0, -0.809017, 0.309017, -0.5, 0.0, 0.309017, -0.5, -0.809017, 0.0, 0.0, 0.0, 0.0, 1.0 ], [ -0.309017, 0.5, 0.809017, 0.0, -0.5, -0.809017, 0.309017, 0.0, 0.809017, -0.309017, 0.5, 0.0, 0.0, 0.0, 0.0, 1.0 ], [ -0.809017, 0.309017, -0.5, 0.0, -0.309017, 0.5, 0.809017, 0.0, 0.5, 0.809017, -0.309017, 0.0, 0.0, 0.0, 0.0, 1.0 ], [ -0.809017, -0.309017, 0.5, 0.0, -0.309017, -0.5, -0.809017, 0.0, 0.5, -0.809017, 0.309017, 0.0, 0.0, 0.0, 0.0, 1.0 ], [ -0.5, 0.809017, -0.309017, 0.0, -0.809017, -0.309017, 0.5, 0.0, 0.309017, 0.5, 0.809017, 0.0, 0.0, 0.0, 0.0, 1.0 ], [ -0.309017, -0.5, -0.809017, 0.0, -0.5, 0.809017, -0.309017, 0.0, 0.809017, 0.309017, -0.5, 0.0, 0.0, 0.0, 0.0, 1.0 ], [ -1.0, 0.0, 0.0, 0.0, 0.0, 1.0, 0.0, 0.0, 0.0, 0.0, -1.0, 0.0, 0.0, 0.0, 0.0, 1.0 ], [ 0.0, 0.0, -1.0, 0.0, 1.0, 0.0, 0.0, 0.0, 0.0, -1.0, 0.0, 0.0, 0.0, 0.0, 0.0, 1.0 ], [ 0.0, -1.0, 0.0, 0.0, 0.0, 0.0, 1.0, 0.0, -1.0, 0.0, 0.0, 0.0, 0.0, 0.0, 0.0, 1.0 ], [ -0.809017, -0.309017, -0.5, 0.0, 0.309017, 0.5, -0.809017, 0.0, 0.5, -0.809017, -0.309017, 0.0, 0.0, 0.0, 0.0, 1.0 ], [ 0.5, -0.809017, -0.309017, 0.0, 0.809017, 0.309017, 0.5, 0.0, -0.309017, -0.5, 0.809017, 0.0, 0.0, 0.0, 0.0, 1.0 ], [ -0.309017, -0.5, 0.809017, 0.0, -0.5, 0.809017, 0.309017, 0.0, -0.809017, -0.309017, -0.5, 0.0, 0.0, 0.0, 0.0, 1.0 ], [ -0.5, -0.809017, -0.309017, 0.0, 0.809017, -0.309017, -0.5, 0.0, 0.309017, -0.5, 0.809017, 0.0, 0.0, 0.0, 0.0, 1.0 ], [ 0.309017, -0.5, 0.809017, 0.0, 0.5, 0.809017, 0.309017, 0.0, -0.809017, 0.309017, 0.5, 0.0, 0.0, 0.0, 0.0, 1.0 ], [ -0.809017, 0.309017, 0.5, 0.0, -0.309017, 0.5, -0.809017, 0.0, -0.5, -0.809017, -0.309017, 0.0, 0.0, 0.0, 0.0, 1.0 ], [ -0.5, -0.809017, 0.309017, 0.0, 0.809017, -0.309017, 0.5, 0.0, -0.309017, 0.5, 0.809017, 0.0, 0.0, 0.0, 0.0, 1.0 ], [ -0.309017, 0.5, 0.809017, 0.0, 0.5, 0.809017, -0.309017, 0.0, -0.809017, 0.309017, -0.5, 0.0, 0.0, 0.0, 0.0, 1.0 ], [ -0.809017, 0.309017, -0.5, 0.0, 0.309017, -0.5, -0.809017, 0.0, -0.5, -0.809017, 0.309017, 0.0, 0.0, 0.0, 0.0, 1.0 ], [ -0.809017, -0.309017, 0.5, 0.0, 0.309017, 0.5, 0.809017, 0.0, -0.5, 0.809017, -0.309017, 0.0, 0.0, 0.0, 0.0, 1.0 ], [ -0.5, 0.809017, -0.309017, 0.0, 0.809017, 0.309017, -0.5, 0.0, -0.309017, -0.5, -0.809017, 0.0, 0.0, 0.0, 0.0, 1.0 ], [ -0.309017, -0.5, -0.809017, 0.0, 0.5, -0.809017, 0.309017, 0.0, -0.809017, -0.309017, 0.5, 0.0, 0.0, 0.0, 0.0, 1.0 ] ],
  "lights" : {
    "directionalLights" : [ {
      "direction" : [ 1.0, -1.0, -1.0 ],
      "color" : "#EBEBE4"
    }, {
      "direction" : [ -1.0, 0.0, 0.0 ],
      "color" : "#E4E4EB"
    }, {
      "direction" : [ 0.0, 0.0, -1.0 ],
      "color" : "#1E1E1E"
    } ],
    "ambientColor" : "#292929",
    "backgroundColor" : "#AFC8DC"
  },
  "camera" : {
    "width" : 25.79994,
    "position" : {
      "x" : 16.000002,
      "y" : 25.037882,
      "z" : 49.032246
    },
    "lookDirectionRV" : {
      "x" : -0.27907056,
      "y" : -0.43670845,
      "z" : -0.85521597,
      "zero" : false
    },
    "fieldOfView" : 0.44262907,
    "perspective" : false,
    "upDirectionRV" : {
      "x" : 0.6364532,
      "y" : 0.5827529,
      "z" : -0.5052711,
      "zero" : false
    },
    "lookAtPointRV" : {
      "x" : 0.0,
      "y" : 0.0,
      "z" : 0.0,
      "zero" : true
    },
    "viewDistance" : 57.333176,
    "stereo" : false,
    "lookAtPoint" : {
      "x" : 0.0,
      "y" : 0.0,
      "z" : 0.0
    },
    "farClipDistance" : 114.66647,
    "lookDirection" : {
      "x" : -0.27907056,
      "y" : -0.43670845,
      "z" : -0.85521597
    },
    "upDirection" : {
      "x" : 0.6364532,
      "y" : 0.5827529,
      "z" : -0.5052711
    },
    "nearClipDistance" : 0.14333303
  },
  "embedding" : [ 1.0, 0.0, 0.0, 0.0, 0.0, 1.0, 0.0, 0.0, 0.0, 0.0, 1.0, 0.0, 0.0, 0.0, 0.0, 1.0 ],
  "shapes" : [ {
    "id" : "06a438aa-edb8-438f-a040-b445bc63ad01",
    "vertices" : [ {
      "x" : 0.0,
      "y" : 0.0,
      "z" : 0.0
    }, {
      "x" : 0.0,
      "y" : 1.381966,
      "z" : 3.618034
    }, {
      "x" : 1.0,
      "y" : 0.0,
      "z" : 6.854102
    }, {
      "x" : 0.618034,
      "y" : -0.38196602,
      "z" : 3.236068
    }, {
      "x" : 1.381966,
      "y" : -3.618034,
      "z" : 0.0
    } ],
    "faces" : [ {
      "vertices" : [ 0, 1, 2, 3, 4 ]
    }, {
      "vertices" : [ 0, 4, 3, 2, 1 ]
    } ]
  } ],
  "instances" : [ {
    "shape" : "06a438aa-edb8-438f-a040-b445bc63ad01",
    "color" : "#FFCC00",
    "position" : {
      "x" : 0.0,
      "y" : 1.618034,
      "z" : 4.236068
    },
    "orientation" : 35
  }, {
    "shape" : "06a438aa-edb8-438f-a040-b445bc63ad01",
    "color" : "#FFCC00",
    "position" : {
      "x" : 0.0,
      "y" : -1.618034,
      "z" : 4.236068
    },
    "orientation" : 32
  }, {
    "shape" : "06a438aa-edb8-438f-a040-b445bc63ad01",
    "color" : "#FFCC00",
    "position" : {
      "x" : -2.618034,
      "y" : -2.618034,
      "z" : 2.618034
    },
    "orientation" : 43
  }, {
    "shape" : "06a438aa-edb8-438f-a040-b445bc63ad01",
    "color" : "#FFCC00",
    "position" : {
      "x" : -2.618034,
      "y" : -2.618034,
      "z" : 2.618034
    },
    "orientation" : 42
  }, {
    "shape" : "06a438aa-edb8-438f-a040-b445bc63ad01",
    "color" : "#FFCC00",
    "position" : {
      "x" : -4.236068,
      "y" : 0.0,
      "z" : 1.618034
    },
    "orientation" : 48
  }, {
    "shape" : "06a438aa-edb8-438f-a040-b445bc63ad01",
    "color" : "#FFCC00",
    "position" : {
      "x" : 0.0,
      "y" : 1.618034,
      "z" : 4.236068
    },
    "orientation" : 2
  }, {
    "shape" : "06a438aa-edb8-438f-a040-b445bc63ad01",
    "color" : "#FFCC00",
    "position" : {
      "x" : 0.0,
      "y" : 1.618034,
      "z" : -4.236068
    },
    "orientation" : 55
  }, {
    "shape" : "06a438aa-edb8-438f-a040-b445bc63ad01",
    "color" : "#FFCC00",
    "position" : {
      "x" : 2.618034,
      "y" : -2.618034,
      "z" : 2.618034
    },
    "orientation" : 37
  }, {
    "shape" : "06a438aa-edb8-438f-a040-b445bc63ad01",
    "color" : "#FFCC00",
    "position" : {
      "x" : 2.618034,
      "y" : 2.618034,
      "z" : 2.618034
    },
    "orientation" : 12
  }, {
    "shape" : "06a438aa-edb8-438f-a040-b445bc63ad01",
    "color" : "#FFCC00",
    "position" : {
      "x" : 1.618034,
      "y" : 4.236068,
      "z" : 0.0
    },
    "orientation" : 1
  }, {
    "shape" : "06a438aa-edb8-438f-a040-b445bc63ad01",
    "color" : "#FFCC00",
    "position" : {
      "x" : -2.618034,
      "y" : 2.618034,
      "z" : 2.618034
    },
    "orientation" : 7
  }, {
    "shape" : "06a438aa-edb8-438f-a040-b445bc63ad01",
    "color" : "#FFCC00",
    "position" : {
      "x" : 0.0,
      "y" : -1.618034,
      "z" : -4.236068
    },
    "orientation" : 25
  }, {
    "shape" : "06a438aa-edb8-438f-a040-b445bc63ad01",
    "color" : "#FFCC00",
    "position" : {
      "x" : -4.236068,
      "y" : 0.0,
      "z" : -1.618034
    },
    "orientation" : 33
  }, {
    "shape" : "06a438aa-edb8-438f-a040-b445bc63ad01",
    "color" : "#FFCC00",
    "position" : {
      "x" : 2.618034,
      "y" : 2.618034,
      "z" : -2.618034
    },
    "orientation" : 6
  }, {
    "shape" : "06a438aa-edb8-438f-a040-b445bc63ad01",
    "color" : "#FFCC00",
    "position" : {
      "x" : -1.618034,
      "y" : -4.236068,
      "z" : 0.0
    },
    "orientation" : 31
  }, {
    "shape" : "06a438aa-edb8-438f-a040-b445bc63ad01",
    "color" : "#FFCC00",
    "position" : {
      "x" : -2.618034,
      "y" : 2.618034,
      "z" : 2.618034
    },
    "orientation" : 38
  }, {
    "shape" : "06a438aa-edb8-438f-a040-b445bc63ad01",
    "color" : "#FFCC00",
    "position" : {
      "x" : 1.618034,
      "y" : 4.236068,
      "z" : 0.0
    },
    "orientation" : 49
  }, {
    "shape" : "06a438aa-edb8-438f-a040-b445bc63ad01",
    "color" : "#FFCC00",
    "position" : {
      "x" : 0.0,
      "y" : -1.618034,
      "z" : 4.236068
    },
    "orientation" : 40
  }, {
    "shape" : "06a438aa-edb8-438f-a040-b445bc63ad01",
    "color" : "#FFCC00",
    "position" : {
      "x" : 2.618034,
      "y" : 2.618034,
      "z" : 2.618034
    },
    "orientation" : 14
  }, {
    "shape" : "06a438aa-edb8-438f-a040-b445bc63ad01",
    "color" : "#FFCC00",
    "position" : {
      "x" : 2.618034,
      "y" : 2.618034,
      "z" : -2.618034
    },
    "orientation" : 23
  }, {
    "shape" : "06a438aa-edb8-438f-a040-b445bc63ad01",
    "color" : "#FFCC00",
    "position" : {
      "x" : -1.618034,
      "y" : -4.236068,
      "z" : 0.0
    },
    "orientation" : 39
  }, {
    "shape" : "06a438aa-edb8-438f-a040-b445bc63ad01",
    "color" : "#FFCC00",
    "position" : {
      "x" : 4.236068,
      "y" : 0.0,
      "z" : 1.618034
    },
    "orientation" : 0
  }, {
    "shape" : "06a438aa-edb8-438f-a040-b445bc63ad01",
    "color" : "#FFCC00",
    "position" : {
      "x" : 2.618034,
      "y" : -2.618034,
      "z" : -2.618034
    },
    "orientation" : 29
  }, {
    "shape" : "06a438aa-edb8-438f-a040-b445bc63ad01",
    "color" : "#FFCC00",
    "position" : {
      "x" : 1.618034,
      "y" : -4.236068,
      "z" : 0.0
    },
    "orientation" : 16
  }, {
    "shape" : "06a438aa-edb8-438f-a040-b445bc63ad01",
    "color" : "#FFCC00",
    "position" : {
      "x" : 0.0,
      "y" : 1.618034,
      "z" : -4.236068
    },
    "orientation" : 47
  }, {
    "shape" : "06a438aa-edb8-438f-a040-b445bc63ad01",
    "color" : "#FFCC00",
    "position" : {
      "x" : -2.618034,
      "y" : 2.618034,
      "z" : -2.618034
    },
    "orientation" : 59
  }, {
    "shape" : "06a438aa-edb8-438f-a040-b445bc63ad01",
    "color" : "#FFCC00",
    "position" : {
      "x" : -2.618034,
      "y" : -2.618034,
      "z" : -2.618034
    },
    "orientation" : 22
  }, {
    "shape" : "06a438aa-edb8-438f-a040-b445bc63ad01",
    "color" : "#FFCC00",
    "position" : {
      "x" : -1.618034,
      "y" : 4.236068,
      "z" : 0.0
    },
    "orientation" : 54
  }, {
    "shape" : "06a438aa-edb8-438f-a040-b445bc63ad01",
    "color" : "#FFCC00",
    "position" : {
      "x" : 2.618034,
      "y" : 2.618034,
      "z" : -2.618034
    },
    "orientation" : 52
  }, {
    "shape" : "06a438aa-edb8-438f-a040-b445bc63ad01",
    "color" : "#FFCC00",
    "position" : {
      "x" : -4.236068,
      "y" : 0.0,
      "z" : -1.618034
    },
    "orientation" : 56
  }, {
    "shape" : "06a438aa-edb8-438f-a040-b445bc63ad01",
    "color" : "#FFCC00",
    "position" : {
      "x" : 2.618034,
      "y" : -2.618034,
      "z" : 2.618034
    },
    "orientation" : 21
  }, {
    "shape" : "06a438aa-edb8-438f-a040-b445bc63ad01",
    "color" : "#FFCC00",
    "position" : {
      "x" : -1.618034,
      "y" : 4.236068,
      "z" : 0.0
    },
    "orientation" : 46
  }, {
    "shape" : "06a438aa-edb8-438f-a040-b445bc63ad01",
    "color" : "#FFCC00",
    "position" : {
      "x" : 2.618034,
      "y" : 2.618034,
      "z" : 2.618034
    },
    "orientation" : 13
  }, {
    "shape" : "06a438aa-edb8-438f-a040-b445bc63ad01",
    "color" : "#FFCC00",
    "position" : {
      "x" : -2.618034,
      "y" : -2.618034,
      "z" : -2.618034
    },
    "orientation" : 36
  }, {
    "shape" : "06a438aa-edb8-438f-a040-b445bc63ad01",
    "color" : "#FFCC00",
    "position" : {
      "x" : 0.0,
      "y" : 1.618034,
      "z" : 4.236068
    },
    "orientation" : 10
  }, {
    "shape" : "06a438aa-edb8-438f-a040-b445bc63ad01",
    "color" : "#FFCC00",
    "position" : {
      "x" : 4.236068,
      "y" : 0.0,
      "z" : -1.618034
    },
    "orientation" : 3
  }, {
    "shape" : "06a438aa-edb8-438f-a040-b445bc63ad01",
    "color" : "#FFCC00",
    "position" : {
      "x" : -2.618034,
      "y" : 2.618034,
      "z" : -2.618034
    },
    "orientation" : 58
  }, {
    "shape" : "06a438aa-edb8-438f-a040-b445bc63ad01",
    "color" : "#FFCC00",
    "position" : {
      "x" : 4.236068,
      "y" : 0.0,
      "z" : -1.618034
    },
    "orientation" : 15
  }, {
    "shape" : "06a438aa-edb8-438f-a040-b445bc63ad01",
    "color" : "#FFCC00",
    "position" : {
      "x" : -4.236068,
      "y" : 0.0,
      "z" : -1.618034
    },
    "orientation" : 45
  }, {
    "shape" : "06a438aa-edb8-438f-a040-b445bc63ad01",
    "color" : "#FFCC00",
    "position" : {
      "x" : -2.618034,
      "y" : -2.618034,
      "z" : -2.618034
    },
    "orientation" : 53
  }, {
    "shape" : "06a438aa-edb8-438f-a040-b445bc63ad01",
    "color" : "#FFCC00",
    "position" : {
      "x" : 2.618034,
      "y" : -2.618034,
      "z" : -2.618034
    },
    "orientation" : 27
  }, {
    "shape" : "06a438aa-edb8-438f-a040-b445bc63ad01",
    "color" : "#FFCC00",
    "position" : {
      "x" : 4.236068,
      "y" : 0.0,
      "z" : -1.618034
    },
    "orientation" : 26
  }, {
    "shape" : "06a438aa-edb8-438f-a040-b445bc63ad01",
    "color" : "#FFCC00",
    "position" : {
      "x" : -2.618034,
      "y" : 2.618034,
      "z" : 2.618034
    },
    "orientation" : 51
  }, {
    "shape" : "06a438aa-edb8-438f-a040-b445bc63ad01",
    "color" : "#FFCC00",
    "position" : {
      "x" : 0.0,
      "y" : -1.618034,
      "z" : 4.236068
    },
    "orientation" : 5
  }, {
    "shape" : "06a438aa-edb8-438f-a040-b445bc63ad01",
    "color" : "#FFCC00",
    "position" : {
      "x" : 0.0,
      "y" : 1.618034,
      "z" : -4.236068
    },
    "orientation" : 20
  }, {
    "shape" : "06a438aa-edb8-438f-a040-b445bc63ad01",
    "color" : "#FFCC00",
    "position" : {
      "x" : 0.0,
      "y" : -1.618034,
      "z" : -4.236068
    },
    "orientation" : 50
  }, {
    "shape" : "06a438aa-edb8-438f-a040-b445bc63ad01",
    "color" : "#FFCC00",
    "position" : {
      "x" : 1.618034,
      "y" : -4.236068,
      "z" : 0.0
    },
    "orientation" : 34
  }, {
    "shape" : "06a438aa-edb8-438f-a040-b445bc63ad01",
    "color" : "#FFCC00",
    "position" : {
      "x" : -1.618034,
      "y" : -4.236068,
      "z" : 0.0
    },
    "orientation" : 19
  }, {
    "shape" : "06a438aa-edb8-438f-a040-b445bc63ad01",
    "color" : "#FFCC00",
    "position" : {
      "x" : -1.618034,
      "y" : 4.236068,
      "z" : 0.0
    },
    "orientation" : 4
  }, {
    "shape" : "06a438aa-edb8-438f-a040-b445bc63ad01",
    "color" : "#FFCC00",
    "position" : {
      "x" : -4.236068,
      "y" : 0.0,
      "z" : 1.618034
    },
    "orientation" : 41
  }, {
    "shape" : "06a438aa-edb8-438f-a040-b445bc63ad01",
    "color" : "#FFCC00",
    "position" : {
      "x" : -4.236068,
      "y" : 0.0,
      "z" : 1.618034
    },
    "orientation" : 30
  }, {
    "shape" : "06a438aa-edb8-438f-a040-b445bc63ad01",
    "color" : "#FFCC00",
    "position" : {
      "x" : 0.0,
      "y" : -1.618034,
      "z" : -4.236068
    },
    "orientation" : 17
  }, {
    "shape" : "06a438aa-edb8-438f-a040-b445bc63ad01",
    "color" : "#FFCC00",
    "position" : {
      "x" : -2.618034,
      "y" : -2.618034,
      "z" : 2.618034
    },
    "orientation" : 44
  }, {
    "shape" : "06a438aa-edb8-438f-a040-b445bc63ad01",
    "color" : "#FFCC00",
    "position" : {
      "x" : 4.236068,
      "y" : 0.0,
      "z" : 1.618034
    },
    "orientation" : 11
  }, {
    "shape" : "06a438aa-edb8-438f-a040-b445bc63ad01",
    "color" : "#FFCC00",
    "position" : {
      "x" : -2.618034,
      "y" : 2.618034,
      "z" : -2.618034
    },
    "orientation" : 57
  }, {
    "shape" : "06a438aa-edb8-438f-a040-b445bc63ad01",
    "color" : "#FFCC00",
    "position" : {
      "x" : 1.618034,
      "y" : -4.236068,
      "z" : 0.0
    },
    "orientation" : 24
  }, {
    "shape" : "06a438aa-edb8-438f-a040-b445bc63ad01",
    "color" : "#FFCC00",
    "position" : {
      "x" : 2.618034,
      "y" : -2.618034,
      "z" : -2.618034
    },
    "orientation" : 28
  }, {
    "shape" : "06a438aa-edb8-438f-a040-b445bc63ad01",
    "color" : "#FFCC00",
    "position" : {
      "x" : 2.618034,
      "y" : -2.618034,
      "z" : 2.618034
    },
    "orientation" : 8
  }, {
    "shape" : "06a438aa-edb8-438f-a040-b445bc63ad01",
    "color" : "#FFCC00",
    "position" : {
      "x" : 1.618034,
      "y" : 4.236068,
      "z" : 0.0
    },
    "orientation" : 9
  }, {
    "shape" : "06a438aa-edb8-438f-a040-b445bc63ad01",
    "color" : "#FFCC00",
    "position" : {
      "x" : 4.236068,
      "y" : 0.0,
      "z" : 1.618034
    },
    "orientation" : 18
  } ],
  "scenes" : [ ],
  "snapshots" : [ [ ], [ ], [ ], [ ], [ ], [ ], [ ], [ ] ]
}