{
  "polygons" : "true",
  "field" : "golden",
  "symmetry" : "icosahedral",
  "orientations" : [ [ 1.0, 0.0, 0.0, 0.0, 0.0, 1.0, 0.0, 0.0, 0.0, 0.0, 1.0, 0.0, 0.0, 0.0, 0.0, 1.0 ], [ 0.0, 0.0, 1.0, 0.0, 1.0, 0.0, 0.0, 0.0, 0.0, 1.0, 0.0, 0.0, 0.0, 0.0, 0.0, 1.0 ], [ 0.0, 1.0, 0.0, 0.0, 0.0, 0.0, 1.0, 0.0, 1.0, 0.0, 0.0, 0.0, 0.0, 0.0, 0.0, 1.0 ], [ 0.809017, 0.309017, 0.5, 0.0, 0.309017, 0.5, -0.809017, 0.0, -0.5, 0.809017, 0.309017, 0.0, 0.0, 0.0, 0.0, 1.0 ], [ -0.5, 0.809017, 0.309017, 0.0, 0.809017, 0.309017, 0.5, 0.0, 0.309017, 0.5, -0.809017, 0.0, 0.0, 0.0, 0.0, 1.0 ], [ 0.309017, 0.5, -0.809017, 0.0, -0.5, 0.809017, 0.309017, 0.0, 0.809017, 0.309017, 0.5, 0.0, 0.0, 0.0, 0.0, 1.0 ], [ 0.5, 0.809017, 0.309017, 0.0, 0.809017, -0.309017, -0.5, 0.0, -0.309017, 0.5, -0.809017, 0.0, 0.0, 0.0, 0.0, 1.0 ], [ -0.309017, 0.5, -0.809017, 0.0, 0.5, 0.809017, 0.309017, 0.0, 0.809017, -0.309017, -0.5, 0.0, 0.0, 0.0, 0.0, 1.0 ], [ 0.809017, -0.309017, -0.5, 0.0, -0.309017, 0.5, -0.809017, 0.0, 0.5, 0.809017, 0.309017, 0.0, 0.0, 0.0, 0.0, 1.0 ], [ 0.5, 0.809017, -0.309017, 0.0, 0.809017, -0.309017, 0.5, 0.0, 0.309017, -0.5, -0.809017, 0.0, 0.0, 0.0, 0.0, 1.0 ], [ 0.309017, -0.5, -0.809017, 0.0, 0.5, 0.809017, -0.309017, 0.0, 0.809017, -0.309017, 0.5, 0.0, 0.0, 0.0, 0.0, 1.0 ], [ 0.809017, -0.309017, 0.5, 0.0, 0.309017, -0.5, -0.809017, 0.0, 0.5, 0.809017, -0.309017, 0.0, 0.0, 0.0, 0.0, 1.0 ], [ 0.809017, 0.309017, -0.5, 0.0, 0.309017, 0.5, 0.809017, 0.0, 0.5, -0.809017, 0.309017, 0.0, 0.0, 0.0, 0.0, 1.0 ], [ 0.5, -0.809017, 0.309017, 0.0, 0.809017, 0.309017, -0.5, 0.0, 0.309017, 0.5, 0.809017, 0.0, 0.0, 0.0, 0.0, 1.0 ], [ 0.309017, 0.5, 0.809017, 0.0, 0.5, -0.809017, 0.309017, 0.0, 0.809017, 0.309017, -0.5, 0.0, 0.0, 0.0, 0.0, 1.0 ], [ 1.0, 0.0, 0.0, 0.0, 0.0, -1.0, 0.0, 0.0, 0.0, 0.0, -1.0, 0.0, 0.0, 0.0, 0.0, 1.0 ], [ 0.0, 0.0, 1.0, 0.0, -1.0, 0.0, 0.0, 0.0, 0.0, -1.0, 0.0, 0.0, 0.0, 0.0, 0.0, 1.0 ], [ 0.0, 1.0, 0.0, 0.0, 0.0, 0.0, -1.0, 0.0, -1.0, 0.0, 0.0, 0.0, 0.0, 0.0, 0.0, 1.0 ], [ 0.809017, 0.309017, 0.5, 0.0, -0.309017, -0.5, 0.809017, 0.0, 0.5, -0.809017, -0.309017, 0.0, 0.0, 0.0, 0.0, 1.0 ], [ -0.5, 0.809017, 0.309017, 0.0, -0.809017, -0.309017, -0.5, 0.0, -0.309017, -0.5, 0.809017, 0.0, 0.0, 0.0, 0.0, 1.0 ], [ 0.309017, 0.5, -0.809017, 0.0, 0.5, -0.809017, -0.309017, 0.0, -0.809017, -0.309017, -0.5, 0.0, 0.0, 0.0, 0.0, 1.0 ], [ 0.5, 0.809017, 0.309017, 0.0, -0.809017, 0.309017, 0.5, 0.0, 0.309017, -0.5, 0.809017, 0.0, 0.0, 0.0, 0.0, 1.0 ], [ -0.309017, 0.5, -0.809017, 0.0, -0.5, -0.809017, -0.309017, 0.0, -0.809017, 0.309017, 0.5, 0.0, 0.0, 0.0, 0.0, 1.0 ], [ 0.809017, -0.309017, -0.5, 0.0, 0.309017, -0.5, 0.809017, 0.0, -0.5, -0.809017, -0.309017, 0.0, 0.0, 0.0, 0.0, 1.0 ], [ 0.5, 0.809017, -0.309017, 0.0, -0.809017, 0.309017, -0.5, 0.0, -0.309017, 0.5, 0.809017, 0.0, 0.0, 0.0, 0.0, 1.0 ], [ 0.309017, -0.5, -0.809017, 0.0, -0.5, -0.809017, 0.309017, 0.0, -0.809017, 0.309017, -0.5, 0.0, 0.0, 0.0, 0.0, 1.0 ], [ 0.809017, -0.309017, 0.5, 0.0, -0.309017, 0.5, 0.809017, 0.0, -0.5, -0.809017, 0.309017, 0.0, 0.0, 0.0, 0.0, 1.0 ], [ 0.809017, 0.309017, -0.5, 0.0, -0.309017, -0.5, -0.809017, 0.0, -0.5, 0.809017, -0.309017, 0.0, 0.0, 0.0, 0.0, 1.0 ], [ 0.5, -0.809017, 0.309017, 0.0, -0.809017, -0.309017, 0.5, 0.0, -0.309017, -0.5, -0.809017, 0.0, 0.0, 0.0, 0.0, 1.0 ], [ 0.309017, 0.5, 0.809017, 0.0, -0.5, 0.809017, -0.309017, 0.0, -0.809017, -0.309017, 0.5, 0.0, 0.0, 0.0, 0.0, 1.0 ], [ -1.0, 0.0, 0.0, 0.0, 0.0, -1.0, 0.0, 0.0, 0.0, 0.0, 1.0, 0.0, 0.0, 0.0, 0.0, 1.0 ], [ 0.0, 0.0, -1.0, 0.0, -1.0, 0.0, 0.0, 0.0, 0.0, 1.0, 0.0, 0.0, 0.0, 0.0, 0.0, 1.0 ], [ 0.0, -1.0, 0.0, 0.0, 0.0, 0.0, -1.0, 0.0, 1.0, 0.0, 0.0, 0.0, 0.0, 0.0, 0.0, 1.0 ], [ -0.809017, -0.309017, -0.5, 0.0, -0.309017, -0.5, 0.809017, 0.0, -0.5, 0.809017, 0.309017, 0.0, 0.0, 0.0, 0.0, 1.0 ], [ 0.5, -0.809017, -0.309017, 0.0, -0.809017, -0.309017, -0.5, 0.0, 0.309017, 0.5, -0.809017, 0.0, 0.0, 0.0, 0.0, 1.0 ], [ -0.309017, -0.5, 0.809017, 0.0, 0.5, -0.809017, -0.309017, 0.0, 0.809017, 0.309017, 0.5, 0.0, 0.0, 0.0, 0.0, 1.0 ], [ -0.5, -0.809017, -0.309017, 0.0, -0.809017, 0.309017, 0.5, 0.0, -0.309017, 0.5, -0.809017, 0.0, 0.0, 0.0, 0.0, 1.0 ], [ 0.309017, -0.5, 0.809017, 0.0, -0.5, -0.809017, -0.309017, 0.0, 0.809017, -0.309017, -0.5, 0.0, 0.0, 0.0, 0.0, 1.0 ], [ -0.809017, 0.309017, 0.5, 0.0, 0.309017, -0.5, 0.809017, 0.0, 0.5, 0.809017, 0.309017, 0.0, 0.0, 0.0, 0.0, 1.0 ], [ -0.5, -0.809017, 0.309017, 0.0, -0.809017, 0.309017, -0.5, 0.0, 0.309017, -0.5, -0.809017, 0.0, 0.0, 0.0, 0.0, 1.0 ], [ -0.309017, 0.5, 0.809017, 0.0, -0.5, -0.809017, 0.309017, 0.0, 0.809017, -0.309017, 0.5, 0.0, 0.0, 0.0, 0.0, 1.0 ], [ -0.809017, 0.309017, -0.5, 0.0, -0.309017, 0.5, 0.809017, 0.0, 0.5, 0.809017, -0.309017, 0.0, 0.0, 0.0, 0.0, 1.0 ], [ -0.809017, -0.309017, 0.5, 0.0, -0.309017, -0.5, -0.809017, 0.0, 0.5, -0.809017, 0.309017, 0.0, 0.0, 0.0, 0.0, 1.0 ], [ -0.5, 0.809017, -0.309017, 0.0, -0.809017, -0.309017, 0.5, 0.0, 0.309017, 0.5, 0.809017, 0.0, 0.0, 0.0, 0.0, 1.0 ], [ -0.309017, -0.5, -0.809017, 0.0, -0.5, 0.809017, -0.309017, 0.0, 0.809017, 0.309017, -0.5, 0.0, 0.0, 0.0, 0.0, 1.0 ], [ -1.0, 0.0, 0.0, 0.0, 0.0, 1.0, 0.0, 0.0, 0.0, 0.0, -1.0, 0.0, 0.0, 0.0, 0.0, 1.0 ], [ 0.0, 0.0, -1.0, 0.0, 1.0, 0.0, 0.0, 0.0, 0.0, -1.0, 0.0, 0.0, 0.0, 0.0, 0.0, 1.0 ], [ 0.0, -1.0, 0.0, 0.0, 0.0, 0.0, 1.0, 0.0, -1.0, 0.0, 0.0, 0.0, 0.0, 0.0, 0.0, 1.0 ], [ -0.809017, -0.309017, -0.5, 0.0, 0.309017, 0.5, -0.809017, 0.0, 0.5, -0.809017, -0.309017, 0.0, 0.0, 0.0, 0.0, 1.0 ], [ 0.5, -0.809017, -0.309017, 0.0, 0.809017, 0.309017, 0.5, 0.0, -0.309017, -0.5, 0.809017, 0.0, 0.0, 0.0, 0.0, 1.0 ], [ -0.309017, -0.5, 0.809017, 0.0, -0.5, 0.809017, 0.309017, 0.0, -0.809017, -0.309017, -0.5, 0.0, 0.0, 0.0, 0.0, 1.0 ], [ -0.5, -0.809017, -0.309017, 0.0, 0.809017, -0.309017, -0.5, 0.0, 0.309017, -0.5, 0.809017, 0.0, 0.0, 0.0, 0.0, 1.0 ], [ 0.309017, -0.5, 0.809017, 0.0, 0.5, 0.809017, 0.309017, 0.0, -0.809017, 0.309017, 0.5, 0.0, 0.0, 0.0, 0.0, 1.0 ], [ -0.809017, 0.309017, 0.5, 0.0, -0.309017, 0.5, -0.809017, 0.0, -0.5, -0.809017, -0.309017, 0.0, 0.0, 0.0, 0.0, 1.0 ], [ -0.5, -0.809017, 0.309017, 0.0, 0.809017, -0.309017, 0.5, 0.0, -0.309017, 0.5, 0.809017, 0.0, 0.0, 0.0, 0.0, 1.0 ], [ -0.309017, 0.5, 0.809017, 0.0, 0.5, 0.809017, -0.309017, 0.0, -0.809017, 0.309017, -0.5, 0.0, 0.0, 0.0, 0.0, 1.0 ], [ -0.809017, 0.309017, -0.5, 0.0, 0.309017, -0.5, -0.809017, 0.0, -0.5, -0.809017, 0.309017, 0.0, 0.0, 0.0, 0.0, 1.0 ], [ -0.809017, -0.309017, 0.5, 0.0, 0.309017, 0.5, 0.809017, 0.0, -0.5, 0.809017, -0.309017, 0.0, 0.0, 0.0, 0.0, 1.0 ], [ -0.5, 0.809017, -0.309017, 0.0, 0.809017, 0.309017, -0.5, 0.0, -0.309017, -0.5, -0.809017, 0.0, 0.0, 0.0, 0.0, 1.0 ], [ -0.309017, -0.5, -0.809017, 0.0, 0.5, -0.809017, 0.309017, 0.0, -0.809017, -0.309017, 0.5, 0.0, 0.0, 0.0, 0.0, 1.0 ] ],
  "lights" : {
    "directionalLights" : [ {
      "direction" : [ 1.0, -1.0, -1.0 ],
      "color" : "#EBEBE4"
    }, {
      "direction" : [ -1.0, 0.0, 0.0 ],
      "color" : "#E4E4EB"
    }, {
      "direction" : [ 0.0, 0.0, -1.0 ],
      "color" : "#1E1E1E"
    } ],
    "ambientColor" : "#292929",
    "backgroundColor" : "#AFC8DC"
  },
  "camera" : {
    "position" : {
      "x" : -274.23062,
      "y" : -261.15942,
      "z" : -242.78479
    },
    "width" : 202.42557,
    "upDirectionRV" : {
      "x" : 0.635838,
      "y" : -0.7647295,
      "z" : 0.10441384,
      "zero" : false
    },
    "lookAtPointRV" : {
      "x" : 0.0,
      "y" : 0.0,
      "z" : 0.0,
      "zero" : true
    },
    "perspective" : true,
    "fieldOfView" : 0.44262907,
    "viewDistance" : 449.8344,
    "lookDirectionRV" : {
      "x" : 0.6096257,
      "y" : 0.5805679,
      "z" : 0.53972036,
      "zero" : false
    },
    "nearClipDistance" : 1.1245862,
    "lookDirection" : {
      "x" : 0.6096257,
      "y" : 0.5805679,
      "z" : 0.53972036
    },
    "farClipDistance" : 899.6686,
    "upDirection" : {
      "x" : 0.635838,
      "y" : -0.7647295,
      "z" : 0.10441384
    },
    "lookAtPoint" : {
      "x" : 0.0,
      "y" : 0.0,
      "z" : 0.0
    },
    "stereo" : false
  },
  "embedding" : [ 1.0, 0.0, 0.0, 0.0, 0.0, 1.0, 0.0, 0.0, 0.0, 0.0, 1.0, 0.0, 0.0, 0.0, 0.0, 1.0 ],
  "shapes" : [ {
    "id" : "275f076d-33f3-48f9-a8ef-e61900d590bd",
    "orbit" : "green",
    "orbitC" : "[[2,-1,1],[5,-3,1]]",
    "length" : "[1,0,2]",
    "name" : " :1/2",
    "vertices" : [ {
      "x" : 3.8315594,
      "y" : 1.2725425,
      "z" : -0.677051
    }, {
      "x" : 4.854102,
      "y" : 1.309017,
      "z" : -0.809017
    }, {
      "x" : 3.8315594,
      "y" : 1.2725425,
      "z" : -0.29508498
    }, {
      "x" : 3.6405764,
      "y" : 1.5815595,
      "z" : -0.79508495
    }, {
      "x" : 3.6405764,
      "y" : 1.5815595,
      "z" : -0.41311896
    }, {
      "x" : 0.809017,
      "y" : 0.618034,
      "z" : 0.309017
    }, {
      "x" : 1.0,
      "y" : 0.309017,
      "z" : 0.19098301
    }, {
      "x" : 1.9045085,
      "y" : 0.5364745,
      "z" : -0.013932022
    }, {
      "x" : 4.545085,
      "y" : 1.809017,
      "z" : -1.0
    }, {
      "x" : 4.736068,
      "y" : 1.5,
      "z" : -1.118034
    }, {
      "x" : 4.736068,
      "y" : 1.5,
      "z" : -0.5
    }, {
      "x" : 4.545085,
      "y" : 1.809017,
      "z" : -0.618034
    }, {
      "x" : 1.7135255,
      "y" : 0.8454915,
      "z" : -0.13196601
    }, {
      "x" : 0.690983,
      "y" : 0.809017,
      "z" : 0.0
    }, {
      "x" : 1.9045085,
      "y" : 0.5364745,
      "z" : -0.39589804
    }, {
      "x" : 1.7135255,
      "y" : 0.8454915,
      "z" : -0.51393205
    }, {
      "x" : 0.809017,
      "y" : 0.618034,
      "z" : -0.309017
    }, {
      "x" : 1.0,
      "y" : 0.309017,
      "z" : -0.19098301
    }, {
      "x" : 5.545085,
      "y" : 2.118034,
      "z" : -0.809017
    } ],
    "faces" : [ {
      "vertices" : [ 0, 14, 15, 3 ]
    }, {
      "vertices" : [ 3, 15, 12, 4 ]
    }, {
      "vertices" : [ 0, 1, 2 ]
    }, {
      "vertices" : [ 12, 15, 13 ]
    }, {
      "vertices" : [ 0, 9, 1 ]
    }, {
      "vertices" : [ 0, 3, 9 ]
    }, {
      "vertices" : [ 13, 15, 16 ]
    }, {
      "vertices" : [ 6, 17, 14, 7 ]
    }, {
      "vertices" : [ 1, 10, 2 ]
    }, {
      "vertices" : [ 5, 6, 7 ]
    }, {
      "vertices" : [ 3, 8, 9 ]
    }, {
      "vertices" : [ 0, 2, 7, 14 ]
    }, {
      "vertices" : [ 5, 7, 12 ]
    }, {
      "vertices" : [ 2, 4, 12, 7 ]
    }, {
      "vertices" : [ 3, 4, 11, 8 ]
    }, {
      "vertices" : [ 2, 10, 11, 4 ]
    }, {
      "vertices" : [ 5, 12, 13 ]
    }, {
      "vertices" : [ 14, 17, 16, 15 ]
    } ]
  }, {
    "id" : "b8aff7c0-c893-40ca-a61d-85cd10f98d51",
    "name" : "ball",
    "vertices" : [ {
      "x" : 0.309017,
      "y" : -0.809017,
      "z" : 0.618034
    }, {
      "x" : 0.809017,
      "y" : -0.618034,
      "z" : 0.309017
    }, {
      "x" : 0.618034,
      "y" : -0.309017,
      "z" : 0.809017
    }, {
      "x" : 1.0,
      "y" : 0.309017,
      "z" : 0.19098301
    }, {
      "x" : 0.809017,
      "y" : 0.618034,
      "z" : 0.309017
    }, {
      "x" : 0.618034,
      "y" : 0.309017,
      "z" : 0.809017
    }, {
      "x" : 0.809017,
      "y" : 0.0,
      "z" : 0.690983
    }, {
      "x" : 0.19098301,
      "y" : -1.0,
      "z" : 0.309017
    }, {
      "x" : -0.19098301,
      "y" : -1.0,
      "z" : 0.309017
    }, {
      "x" : -0.19098301,
      "y" : -1.0,
      "z" : -0.309017
    }, {
      "x" : 0.19098301,
      "y" : -1.0,
      "z" : -0.309017
    }, {
      "x" : 1.0,
      "y" : -0.309017,
      "z" : -0.19098301
    }, {
      "x" : 0.809017,
      "y" : -0.618034,
      "z" : -0.309017
    }, {
      "x" : 0.618034,
      "y" : -0.309017,
      "z" : -0.809017
    }, {
      "x" : 0.809017,
      "y" : 0.0,
      "z" : -0.690983
    }, {
      "x" : 0.0,
      "y" : 0.690983,
      "z" : -0.809017
    }, {
      "x" : 0.309017,
      "y" : 0.809017,
      "z" : -0.618034
    }, {
      "x" : 0.618034,
      "y" : 0.309017,
      "z" : -0.809017
    }, {
      "x" : 0.309017,
      "y" : 0.19098301,
      "z" : -1.0
    }, {
      "x" : 1.0,
      "y" : 0.309017,
      "z" : -0.19098301
    }, {
      "x" : -0.309017,
      "y" : -0.809017,
      "z" : 0.618034
    }, {
      "x" : 0.0,
      "y" : -0.690983,
      "z" : 0.809017
    }, {
      "x" : 0.809017,
      "y" : 0.618034,
      "z" : -0.309017
    }, {
      "x" : 0.690983,
      "y" : 0.809017,
      "z" : 0.0
    }, {
      "x" : -0.690983,
      "y" : 0.809017,
      "z" : 0.0
    }, {
      "x" : -0.809017,
      "y" : 0.618034,
      "z" : 0.309017
    }, {
      "x" : -0.309017,
      "y" : 0.809017,
      "z" : 0.618034
    }, {
      "x" : -0.19098301,
      "y" : 1.0,
      "z" : 0.309017
    }, {
      "x" : 0.309017,
      "y" : -0.19098301,
      "z" : -1.0
    }, {
      "x" : 0.19098301,
      "y" : 1.0,
      "z" : 0.309017
    }, {
      "x" : 0.309017,
      "y" : 0.809017,
      "z" : 0.618034
    }, {
      "x" : -0.809017,
      "y" : -0.618034,
      "z" : 0.309017
    }, {
      "x" : -0.690983,
      "y" : -0.809017,
      "z" : 0.0
    }, {
      "x" : 0.0,
      "y" : 0.690983,
      "z" : 0.809017
    }, {
      "x" : 0.309017,
      "y" : -0.809017,
      "z" : -0.618034
    }, {
      "x" : 0.0,
      "y" : -0.690983,
      "z" : -0.809017
    }, {
      "x" : -1.0,
      "y" : 0.309017,
      "z" : 0.19098301
    }, {
      "x" : -0.809017,
      "y" : 0.0,
      "z" : 0.690983
    }, {
      "x" : -0.618034,
      "y" : 0.309017,
      "z" : 0.809017
    }, {
      "x" : 1.0,
      "y" : -0.309017,
      "z" : 0.19098301
    }, {
      "x" : -0.309017,
      "y" : -0.809017,
      "z" : -0.618034
    }, {
      "x" : -1.0,
      "y" : 0.309017,
      "z" : -0.19098301
    }, {
      "x" : -1.0,
      "y" : -0.309017,
      "z" : -0.19098301
    }, {
      "x" : -1.0,
      "y" : -0.309017,
      "z" : 0.19098301
    }, {
      "x" : 0.19098301,
      "y" : 1.0,
      "z" : -0.309017
    }, {
      "x" : -0.809017,
      "y" : 0.618034,
      "z" : -0.309017
    }, {
      "x" : -0.19098301,
      "y" : 1.0,
      "z" : -0.309017
    }, {
      "x" : -0.309017,
      "y" : 0.809017,
      "z" : -0.618034
    }, {
      "x" : -0.618034,
      "y" : -0.309017,
      "z" : 0.809017
    }, {
      "x" : 0.309017,
      "y" : 0.19098301,
      "z" : 1.0
    }, {
      "x" : -0.309017,
      "y" : 0.19098301,
      "z" : -1.0
    }, {
      "x" : -0.309017,
      "y" : 0.19098301,
      "z" : 1.0
    }, {
      "x" : -0.309017,
      "y" : -0.19098301,
      "z" : 1.0
    }, {
      "x" : 0.309017,
      "y" : -0.19098301,
      "z" : 1.0
    }, {
      "x" : 0.690983,
      "y" : -0.809017,
      "z" : 0.0
    }, {
      "x" : -0.809017,
      "y" : 0.0,
      "z" : -0.690983
    }, {
      "x" : -0.618034,
      "y" : -0.309017,
      "z" : -0.809017
    }, {
      "x" : -0.309017,
      "y" : -0.19098301,
      "z" : -1.0
    }, {
      "x" : -0.618034,
      "y" : 0.309017,
      "z" : -0.809017
    }, {
      "x" : -0.809017,
      "y" : -0.618034,
      "z" : -0.309017
    } ],
    "faces" : [ {
      "vertices" : [ 9, 40, 35, 34, 10 ]
    }, {
      "vertices" : [ 0, 1, 2 ]
    }, {
      "vertices" : [ 33, 51, 49 ]
    }, {
      "vertices" : [ 25, 36, 37, 38 ]
    }, {
      "vertices" : [ 41, 55, 42 ]
    }, {
      "vertices" : [ 9, 32, 59, 40 ]
    }, {
      "vertices" : [ 20, 21, 52, 48 ]
    }, {
      "vertices" : [ 26, 33, 30, 29, 27 ]
    }, {
      "vertices" : [ 3, 4, 5, 6 ]
    }, {
      "vertices" : [ 27, 29, 44, 46 ]
    }, {
      "vertices" : [ 50, 57, 56, 55, 58 ]
    }, {
      "vertices" : [ 26, 38, 51, 33 ]
    }, {
      "vertices" : [ 45, 47, 58 ]
    }, {
      "vertices" : [ 18, 28, 57, 50 ]
    }, {
      "vertices" : [ 40, 59, 56 ]
    }, {
      "vertices" : [ 31, 48, 37, 43 ]
    }, {
      "vertices" : [ 7, 8, 9, 10 ]
    }, {
      "vertices" : [ 36, 41, 42, 43 ]
    }, {
      "vertices" : [ 24, 46, 47, 45 ]
    }, {
      "vertices" : [ 4, 30, 5 ]
    }, {
      "vertices" : [ 15, 47, 46, 44, 16 ]
    }, {
      "vertices" : [ 15, 50, 58, 47 ]
    }, {
      "vertices" : [ 24, 45, 41, 36, 25 ]
    }, {
      "vertices" : [ 11, 14, 19 ]
    }, {
      "vertices" : [ 3, 6, 39 ]
    }, {
      "vertices" : [ 1, 39, 6, 2 ]
    }, {
      "vertices" : [ 8, 32, 9 ]
    }, {
      "vertices" : [ 11, 12, 13, 14 ]
    }, {
      "vertices" : [ 16, 22, 17 ]
    }, {
      "vertices" : [ 0, 21, 20, 8, 7 ]
    }, {
      "vertices" : [ 12, 34, 13 ]
    }, {
      "vertices" : [ 35, 40, 56, 57 ]
    }, {
      "vertices" : [ 0, 7, 54, 1 ]
    }, {
      "vertices" : [ 15, 16, 17, 18 ]
    }, {
      "vertices" : [ 3, 19, 22, 23, 4 ]
    }, {
      "vertices" : [ 7, 10, 54 ]
    }, {
      "vertices" : [ 41, 45, 58, 55 ]
    }, {
      "vertices" : [ 3, 39, 11, 19 ]
    }, {
      "vertices" : [ 14, 17, 22, 19 ]
    }, {
      "vertices" : [ 0, 2, 53, 21 ]
    }, {
      "vertices" : [ 49, 51, 52, 53 ]
    }, {
      "vertices" : [ 31, 43, 42, 59, 32 ]
    }, {
      "vertices" : [ 15, 18, 50 ]
    }, {
      "vertices" : [ 42, 55, 56, 59 ]
    }, {
      "vertices" : [ 4, 23, 29, 30 ]
    }, {
      "vertices" : [ 25, 38, 26 ]
    }, {
      "vertices" : [ 13, 28, 18, 17, 14 ]
    }, {
      "vertices" : [ 8, 20, 31, 32 ]
    }, {
      "vertices" : [ 23, 44, 29 ]
    }, {
      "vertices" : [ 24, 27, 46 ]
    }, {
      "vertices" : [ 37, 48, 52, 51, 38 ]
    }, {
      "vertices" : [ 20, 48, 31 ]
    }, {
      "vertices" : [ 24, 25, 26, 27 ]
    }, {
      "vertices" : [ 16, 44, 23, 22 ]
    }, {
      "vertices" : [ 13, 34, 35, 28 ]
    }, {
      "vertices" : [ 10, 34, 12, 54 ]
    }, {
      "vertices" : [ 2, 6, 5, 49, 53 ]
    }, {
      "vertices" : [ 36, 43, 37 ]
    }, {
      "vertices" : [ 5, 30, 33, 49 ]
    }, {
      "vertices" : [ 1, 54, 12, 11, 39 ]
    }, {
      "vertices" : [ 28, 35, 57 ]
    }, {
      "vertices" : [ 21, 53, 52 ]
    } ]
  }, {
    "id" : "8936b449-e319-4128-8985-3bb59cd40c77",
    "vertices" : [ {
      "x" : 0.0,
      "y" : 0.0,
      "z" : 0.0
    }, {
      "x" : 0.809017,
      "y" : 5.545085,
      "z" : 2.118034
    }, {
      "x" : 2.118034,
      "y" : 0.809017,
      "z" : 5.545085
    } ],
    "faces" : [ {
      "vertices" : [ 0, 1, 2 ]
    }, {
      "vertices" : [ 0, 2, 1 ]
    } ]
  }, {
    "id" : "816f0bb3-df14-4647-bed4-343475bee1c7",
    "vertices" : [ {
      "x" : 0.0,
      "y" : 0.0,
      "z" : 0.0
    }, {
      "x" : -2.118034,
      "y" : 0.809017,
      "z" : -5.545085
    }, {
      "x" : -0.809017,
      "y" : 5.545085,
      "z" : -2.118034
    } ],
    "faces" : [ {
      "vertices" : [ 0, 1, 2 ]
    }, {
      "vertices" : [ 0, 2, 1 ]
    } ]
  }, {
    "id" : "bea94ca6-2e45-4ce4-8395-b44aa9d924c9",
    "vertices" : [ {
      "x" : 0.0,
      "y" : 0.0,
      "z" : 0.0
    }, {
      "x" : 2.118034,
      "y" : 0.809017,
      "z" : 5.545085
    }, {
      "x" : 1.309017,
      "y" : -4.736068,
      "z" : 3.427051
    } ],
    "faces" : [ {
      "vertices" : [ 0, 1, 2 ]
    }, {
      "vertices" : [ 0, 2, 1 ]
    } ]
  }, {
    "id" : "fc632a61-13e7-41e2-998a-c8230872554f",
    "vertices" : [ {
      "x" : 0.0,
      "y" : 0.0,
      "z" : 0.0
    }, {
      "x" : 0.809017,
      "y" : -5.545085,
      "z" : 2.118034
    }, {
      "x" : -1.309017,
      "y" : -4.736068,
      "z" : -3.427051
    } ],
    "faces" : [ {
      "vertices" : [ 0, 1, 2 ]
    }, {
      "vertices" : [ 0, 2, 1 ]
    } ]
  }, {
    "id" : "bd3c1cb4-5402-4254-9c1b-67c2d63ff752",
    "vertices" : [ {
      "x" : 0.0,
      "y" : 0.0,
      "z" : 0.0
    }, {
      "x" : 1.309017,
      "y" : 4.736068,
      "z" : 3.427051
    }, {
      "x" : 2.118034,
      "y" : -0.809017,
      "z" : 5.545085
    } ],
    "faces" : [ {
      "vertices" : [ 0, 1, 2 ]
    }, {
      "vertices" : [ 0, 2, 1 ]
    } ]
  }, {
    "id" : "037c5185-3564-4eb2-88b5-21d78e2b9003",
    "vertices" : [ {
      "x" : 0.0,
      "y" : 0.0,
      "z" : 0.0
    }, {
      "x" : -0.809017,
      "y" : -5.545085,
      "z" : -2.118034
    }, {
      "x" : -2.118034,
      "y" : -0.809017,
      "z" : -5.545085
    } ],
    "faces" : [ {
      "vertices" : [ 0, 1, 2 ]
    }, {
      "vertices" : [ 0, 2, 1 ]
    } ]
  }, {
    "id" : "c1548edb-d196-4052-b18e-cd29e2209b44",
    "vertices" : [ {
      "x" : 0.0,
      "y" : 0.0,
      "z" : 0.0
    }, {
      "x" : -1.309017,
      "y" : 4.736068,
      "z" : -3.427051
    }, {
      "x" : 0.809017,
      "y" : 5.545085,
      "z" : 2.118034
    } ],
    "faces" : [ {
      "vertices" : [ 0, 1, 2 ]
    }, {
      "vertices" : [ 0, 2, 1 ]
    } ]
  }, {
    "id" : "95654c4d-103a-4f00-aa56-cc98c8b27843",
    "vertices" : [ {
      "x" : 0.0,
      "y" : 0.0,
      "z" : 0.0
    }, {
      "x" : 0.0,
      "y" : 4.236068,
      "z" : 4.236068
    }, {
      "x" : 0.0,
      "y" : 0.0,
      "z" : 8.472136
    }, {
      "x" : 0.0,
      "y" : -4.236068,
      "z" : 4.236068
    } ],
    "faces" : [ {
      "vertices" : [ 0, 1, 2, 3 ]
    }, {
      "vertices" : [ 0, 3, 2, 1 ]
    } ]
  }, {
    "id" : "d593b9b2-7f3d-4853-b587-d976c271b676",
    "vertices" : [ {
      "x" : 0.0,
      "y" : 0.0,
      "z" : 0.0
    }, {
      "x" : 0.0,
      "y" : -4.236068,
      "z" : -4.236068
    }, {
      "x" : 0.0,
      "y" : 0.0,
      "z" : -8.472136
    }, {
      "x" : 0.0,
      "y" : 4.236068,
      "z" : -4.236068
    } ],
    "faces" : [ {
      "vertices" : [ 0, 1, 2, 3 ]
    }, {
      "vertices" : [ 0, 3, 2, 1 ]
    } ]
  }, {
    "id" : "8405c84e-f409-45ae-9532-6c86ee42fd8e",
    "vertices" : [ {
      "x" : 0.0,
      "y" : 0.0,
      "z" : 0.0
    }, {
      "x" : 1.309017,
      "y" : -4.736068,
      "z" : 3.427051
    }, {
      "x" : -0.809017,
      "y" : -5.545085,
      "z" : -2.118034
    } ],
    "faces" : [ {
      "vertices" : [ 0, 1, 2 ]
    }, {
      "vertices" : [ 0, 2, 1 ]
    } ]
  }, {
    "id" : "daa95255-a170-44da-9d6e-e5da6b27b3d1",
    "vertices" : [ {
      "x" : 0.0,
      "y" : 0.0,
      "z" : 0.0
    }, {
      "x" : -2.118034,
      "y" : -0.809017,
      "z" : -5.545085
    }, {
      "x" : -1.309017,
      "y" : 4.736068,
      "z" : -3.427051
    } ],
    "faces" : [ {
      "vertices" : [ 0, 1, 2 ]
    }, {
      "vertices" : [ 0, 2, 1 ]
    } ]
  }, {
    "id" : "93e981f0-5519-4811-9586-810aa645dfb2",
    "vertices" : [ {
      "x" : 0.0,
      "y" : 0.0,
      "z" : 0.0
    }, {
      "x" : 0.0,
      "y" : 4.236068,
      "z" : -4.236068
    }, {
      "x" : 0.0,
      "y" : 8.472136,
      "z" : 0.0
    }, {
      "x" : 0.0,
      "y" : 4.236068,
      "z" : 4.236068
    } ],
    "faces" : [ {
      "vertices" : [ 0, 1, 2, 3 ]
    }, {
      "vertices" : [ 0, 3, 2, 1 ]
    } ]
  }, {
    "id" : "1a4c2a32-0b1f-4711-ac3d-daa6a0ca3268",
    "vertices" : [ {
      "x" : 0.0,
      "y" : 0.0,
      "z" : 0.0
    }, {
      "x" : 0.0,
      "y" : -4.236068,
      "z" : 4.236068
    }, {
      "x" : 0.0,
      "y" : -8.472136,
      "z" : 0.0
    }, {
      "x" : 0.0,
      "y" : -4.236068,
      "z" : -4.236068
    } ],
    "faces" : [ {
      "vertices" : [ 0, 1, 2, 3 ]
    }, {
      "vertices" : [ 0, 3, 2, 1 ]
    } ]
  } ],
  "instances" : [ {
    "shape" : "275f076d-33f3-48f9-a8ef-e61900d590bd",
    "color" : "#008D36",
    "position" : {
      "x" : -16.944271,
      "y" : -42.36068,
      "z" : -8.472136
    },
    "orientation" : 6
  }, {
    "shape" : "275f076d-33f3-48f9-a8ef-e61900d590bd",
    "color" : "#008D36",
    "position" : {
      "x" : 4.236068,
      "y" : 25.416409,
      "z" : 12.708204
    },
    "orientation" : 7
  }, {
    "shape" : "b8aff7c0-c893-40ca-a61d-85cd10f98d51",
    "color" : "#F2F2F2",
    "position" : {
      "x" : 21.18034,
      "y" : -29.652475,
      "z" : 16.944271
    }
  }, {
    "shape" : "275f076d-33f3-48f9-a8ef-e61900d590bd",
    "color" : "#008D36",
    "position" : {
      "x" : -29.652475,
      "y" : -46.59675,
      "z" : 0.0
    },
    "orientation" : 7
  }, {
    "shape" : "8936b449-e319-4128-8985-3bb59cd40c77",
    "color" : "#F7CF7F",
    "position" : {
      "x" : 4.236068,
      "y" : -4.236068,
      "z" : 16.944271
    },
    "orientation" : 54
  }, {
    "shape" : "b8aff7c0-c893-40ca-a61d-85cd10f98d51",
    "color" : "#F2F2F2",
    "position" : {
      "x" : 21.18034,
      "y" : -38.12461,
      "z" : -8.472136
    }
  }, {
    "shape" : "816f0bb3-df14-4647-bed4-343475bee1c7",
    "color" : "#F7CF7F",
    "position" : {
      "x" : -12.708204,
      "y" : -4.236068,
      "z" : -25.416409
    },
    "orientation" : 3
  }, {
    "shape" : "275f076d-33f3-48f9-a8ef-e61900d590bd",
    "color" : "#008D36",
    "position" : {
      "x" : 12.708204,
      "y" : -38.12461,
      "z" : -16.944271
    },
    "orientation" : 8
  }, {
    "shape" : "275f076d-33f3-48f9-a8ef-e61900d590bd",
    "color" : "#008D36",
    "position" : {
      "x" : -25.416409,
      "y" : -16.944271,
      "z" : -8.472136
    },
    "orientation" : 23
  }, {
    "shape" : "275f076d-33f3-48f9-a8ef-e61900d590bd",
    "color" : "#008D36",
    "position" : {
      "x" : -8.472136,
      "y" : -46.59675,
      "z" : -38.12461
    },
    "orientation" : 23
  }, {
    "shape" : "275f076d-33f3-48f9-a8ef-e61900d590bd",
    "color" : "#008D36",
    "position" : {
      "x" : 25.416409,
      "y" : -8.472136,
      "z" : -42.36068
    },
    "orientation" : 37
  }, {
    "shape" : "275f076d-33f3-48f9-a8ef-e61900d590bd",
    "color" : "#008D36",
    "position" : {
      "x" : 38.12461,
      "y" : 12.708204,
      "z" : -25.416409
    },
    "orientation" : 36
  }, {
    "shape" : "275f076d-33f3-48f9-a8ef-e61900d590bd",
    "color" : "#008D36",
    "position" : {
      "x" : -8.472136,
      "y" : -8.472136,
      "z" : 8.472136
    },
    "orientation" : 53
  }, {
    "shape" : "275f076d-33f3-48f9-a8ef-e61900d590bd",
    "color" : "#008D36",
    "position" : {
      "x" : 29.652475,
      "y" : -21.18034,
      "z" : -16.944271
    },
    "orientation" : 7
  }, {
    "shape" : "275f076d-33f3-48f9-a8ef-e61900d590bd",
    "color" : "#008D36",
    "position" : {
      "x" : 12.708204,
      "y" : 21.18034,
      "z" : 25.416409
    },
    "orientation" : 36
  }, {
    "shape" : "275f076d-33f3-48f9-a8ef-e61900d590bd",
    "color" : "#008D36",
    "position" : {
      "x" : 21.18034,
      "y" : -12.708204,
      "z" : 0.0
    },
    "orientation" : 21
  }, {
    "shape" : "275f076d-33f3-48f9-a8ef-e61900d590bd",
    "color" : "#008D36",
    "position" : {
      "x" : -16.944271,
      "y" : -33.888542,
      "z" : 16.944271
    },
    "orientation" : 53
  }, {
    "shape" : "bea94ca6-2e45-4ce4-8395-b44aa9d924c9",
    "color" : "#F7CF7F",
    "position" : {
      "x" : -21.18034,
      "y" : -38.12461,
      "z" : -33.888542
    },
    "orientation" : 39
  }, {
    "shape" : "fc632a61-13e7-41e2-998a-c8230872554f",
    "color" : "#F7CF7F",
    "position" : {
      "x" : 25.416409,
      "y" : -16.944271,
      "z" : 0.0
    },
    "orientation" : 19
  }, {
    "shape" : "275f076d-33f3-48f9-a8ef-e61900d590bd",
    "color" : "#008D36",
    "position" : {
      "x" : 38.12461,
      "y" : 12.708204,
      "z" : 25.416409
    },
    "orientation" : 22
  }, {
    "shape" : "275f076d-33f3-48f9-a8ef-e61900d590bd",
    "color" : "#008D36",
    "position" : {
      "x" : 25.416409,
      "y" : 16.944271,
      "z" : -33.888542
    },
    "orientation" : 21
  }, {
    "shape" : "275f076d-33f3-48f9-a8ef-e61900d590bd",
    "color" : "#008D36",
    "position" : {
      "x" : -42.36068,
      "y" : -12.708204,
      "z" : -4.236068
    },
    "orientation" : 21
  }, {
    "shape" : "275f076d-33f3-48f9-a8ef-e61900d590bd",
    "color" : "#008D36",
    "position" : {
      "x" : -12.708204,
      "y" : -12.708204,
      "z" : 33.888542
    },
    "orientation" : 23
  }, {
    "shape" : "275f076d-33f3-48f9-a8ef-e61900d590bd",
    "color" : "#008D36",
    "position" : {
      "x" : 4.236068,
      "y" : 4.236068,
      "z" : -50.832817
    },
    "orientation" : 51
  }, {
    "shape" : "275f076d-33f3-48f9-a8ef-e61900d590bd",
    "color" : "#008D36",
    "position" : {
      "x" : -29.652475,
      "y" : 25.416409,
      "z" : 12.708204
    },
    "orientation" : 7
  }, {
    "shape" : "275f076d-33f3-48f9-a8ef-e61900d590bd",
    "color" : "#008D36",
    "position" : {
      "x" : 16.944271,
      "y" : 0.0,
      "z" : 8.472136
    },
    "orientation" : 38
  }, {
    "shape" : "275f076d-33f3-48f9-a8ef-e61900d590bd",
    "color" : "#008D36",
    "position" : {
      "x" : 0.0,
      "y" : 12.708204,
      "z" : -29.652475
    },
    "orientation" : 52
  }, {
    "shape" : "b8aff7c0-c893-40ca-a61d-85cd10f98d51",
    "color" : "#F2F2F2",
    "position" : {
      "x" : -42.36068,
      "y" : 16.944271,
      "z" : -16.944271
    }
  }, {
    "shape" : "275f076d-33f3-48f9-a8ef-e61900d590bd",
    "color" : "#008D36",
    "position" : {
      "x" : -25.416409,
      "y" : -29.652475,
      "z" : -4.236068
    },
    "orientation" : 36
  }, {
    "shape" : "275f076d-33f3-48f9-a8ef-e61900d590bd",
    "color" : "#008D36",
    "position" : {
      "x" : 16.944271,
      "y" : -21.18034,
      "z" : 4.236068
    },
    "orientation" : 6
  }, {
    "shape" : "fc632a61-13e7-41e2-998a-c8230872554f",
    "color" : "#F7CF7F",
    "position" : {
      "x" : 33.888542,
      "y" : -25.416409,
      "z" : -25.416409
    },
    "orientation" : 4
  }, {
    "shape" : "b8aff7c0-c893-40ca-a61d-85cd10f98d51",
    "color" : "#F2F2F2",
    "position" : {
      "x" : 0.0,
      "y" : 33.888542,
      "z" : 0.0
    }
  }, {
    "shape" : "bd3c1cb4-5402-4254-9c1b-67c2d63ff752",
    "color" : "#F7CF7F",
    "position" : {
      "x" : -25.416409,
      "y" : -8.472136,
      "z" : 16.944271
    },
    "orientation" : 3
  }, {
    "shape" : "275f076d-33f3-48f9-a8ef-e61900d590bd",
    "color" : "#008D36",
    "position" : {
      "x" : -4.236068,
      "y" : 16.944271,
      "z" : -12.708204
    },
    "orientation" : 53
  }, {
    "shape" : "275f076d-33f3-48f9-a8ef-e61900d590bd",
    "color" : "#008D36",
    "position" : {
      "x" : -12.708204,
      "y" : -8.472136,
      "z" : 29.652475
    },
    "orientation" : 52
  }, {
    "shape" : "275f076d-33f3-48f9-a8ef-e61900d590bd",
    "color" : "#008D36",
    "position" : {
      "x" : 29.652475,
      "y" : 8.472136,
      "z" : 4.236068
    },
    "orientation" : 6
  }, {
    "shape" : "275f076d-33f3-48f9-a8ef-e61900d590bd",
    "color" : "#008D36",
    "position" : {
      "x" : 4.236068,
      "y" : -59.30495,
      "z" : -12.708204
    },
    "orientation" : 51
  }, {
    "shape" : "037c5185-3564-4eb2-88b5-21d78e2b9003",
    "color" : "#F7CF7F",
    "position" : {
      "x" : -21.18034,
      "y" : -33.888542,
      "z" : 4.236068
    },
    "orientation" : 39
  }, {
    "shape" : "fc632a61-13e7-41e2-998a-c8230872554f",
    "color" : "#F7CF7F",
    "position" : {
      "x" : -4.236068,
      "y" : -29.652475,
      "z" : -33.888542
    },
    "orientation" : 3
  }, {
    "shape" : "b8aff7c0-c893-40ca-a61d-85cd10f98d51",
    "color" : "#F2F2F2",
    "position" : {
      "x" : 29.652475,
      "y" : -8.472136,
      "z" : -46.59675
    }
  }, {
    "shape" : "275f076d-33f3-48f9-a8ef-e61900d590bd",
    "color" : "#008D36",
    "position" : {
      "x" : -29.652475,
      "y" : 0.0,
      "z" : 29.652475
    },
    "orientation" : 53
  }, {
    "shape" : "b8aff7c0-c893-40ca-a61d-85cd10f98d51",
    "color" : "#F2F2F2",
    "position" : {
      "x" : 46.59675,
      "y" : 12.708204,
      "z" : 8.472136
    }
  }, {
    "shape" : "275f076d-33f3-48f9-a8ef-e61900d590bd",
    "color" : "#008D36",
    "position" : {
      "x" : -12.708204,
      "y" : -12.708204,
      "z" : 0.0
    },
    "orientation" : 21
  }, {
    "shape" : "b8aff7c0-c893-40ca-a61d-85cd10f98d51",
    "color" : "#F2F2F2",
    "position" : {
      "x" : -21.18034,
      "y" : -46.59675,
      "z" : -42.36068
    }
  }, {
    "shape" : "275f076d-33f3-48f9-a8ef-e61900d590bd",
    "color" : "#008D36",
    "position" : {
      "x" : 16.944271,
      "y" : -16.944271,
      "z" : 16.944271
    },
    "orientation" : 37
  }, {
    "shape" : "275f076d-33f3-48f9-a8ef-e61900d590bd",
    "color" : "#008D36",
    "position" : {
      "x" : 4.236068,
      "y" : 0.0,
      "z" : -38.12461
    },
    "orientation" : 53
  }, {
    "shape" : "fc632a61-13e7-41e2-998a-c8230872554f",
    "color" : "#F7CF7F",
    "position" : {
      "x" : 42.36068,
      "y" : -8.472136,
      "z" : -33.888542
    },
    "orientation" : 5
  }, {
    "shape" : "275f076d-33f3-48f9-a8ef-e61900d590bd",
    "color" : "#008D36",
    "position" : {
      "x" : 8.472136,
      "y" : 42.36068,
      "z" : -8.472136
    },
    "orientation" : 6
  }, {
    "shape" : "816f0bb3-df14-4647-bed4-343475bee1c7",
    "color" : "#F7CF7F",
    "position" : {
      "x" : -29.652475,
      "y" : -25.416409,
      "z" : 12.708204
    },
    "orientation" : 19
  }, {
    "shape" : "b8aff7c0-c893-40ca-a61d-85cd10f98d51",
    "color" : "#F2F2F2",
    "position" : {
      "x" : -12.708204,
      "y" : -12.708204,
      "z" : -25.416409
    }
  }, {
    "shape" : "8936b449-e319-4128-8985-3bb59cd40c77",
    "color" : "#F7CF7F",
    "position" : {
      "x" : -4.236068,
      "y" : -16.944271,
      "z" : 29.652475
    },
    "orientation" : 9
  }, {
    "shape" : "275f076d-33f3-48f9-a8ef-e61900d590bd",
    "color" : "#008D36",
    "position" : {
      "x" : -33.888542,
      "y" : -16.944271,
      "z" : 33.888542
    },
    "orientation" : 23
  }, {
    "shape" : "c1548edb-d196-4052-b18e-cd29e2209b44",
    "color" : "#F7CF7F",
    "position" : {
      "x" : -8.472136,
      "y" : 25.416409,
      "z" : -25.416409
    },
    "orientation" : 24
  }, {
    "shape" : "275f076d-33f3-48f9-a8ef-e61900d590bd",
    "color" : "#008D36",
    "position" : {
      "x" : 33.888542,
      "y" : -8.472136,
      "z" : -16.944271
    },
    "orientation" : 6
  }, {
    "shape" : "8936b449-e319-4128-8985-3bb59cd40c77",
    "color" : "#F7CF7F",
    "position" : {
      "x" : 4.236068,
      "y" : -50.832817,
      "z" : -38.12461
    },
    "orientation" : 54
  }, {
    "shape" : "816f0bb3-df14-4647-bed4-343475bee1c7",
    "color" : "#F7CF7F",
    "position" : {
      "x" : -8.472136,
      "y" : 33.888542,
      "z" : -8.472136
    },
    "orientation" : 3
  }, {
    "shape" : "275f076d-33f3-48f9-a8ef-e61900d590bd",
    "color" : "#008D36",
    "position" : {
      "x" : 0.0,
      "y" : -25.416409,
      "z" : 8.472136
    },
    "orientation" : 38
  }, {
    "shape" : "037c5185-3564-4eb2-88b5-21d78e2b9003",
    "color" : "#F7CF7F",
    "position" : {
      "x" : 38.12461,
      "y" : -25.416409,
      "z" : -12.708204
    },
    "orientation" : 39
  }, {
    "shape" : "275f076d-33f3-48f9-a8ef-e61900d590bd",
    "color" : "#008D36",
    "position" : {
      "x" : 29.652475,
      "y" : -33.888542,
      "z" : -38.12461
    },
    "orientation" : 8
  }, {
    "shape" : "275f076d-33f3-48f9-a8ef-e61900d590bd",
    "color" : "#008D36",
    "position" : {
      "x" : 38.12461,
      "y" : -4.236068,
      "z" : -33.888542
    },
    "orientation" : 51
  }, {
    "shape" : "275f076d-33f3-48f9-a8ef-e61900d590bd",
    "color" : "#008D36",
    "position" : {
      "x" : -25.416409,
      "y" : -29.652475,
      "z" : -4.236068
    },
    "orientation" : 6
  }, {
    "shape" : "b8aff7c0-c893-40ca-a61d-85cd10f98d51",
    "color" : "#F2F2F2",
    "position" : {
      "x" : -12.708204,
      "y" : -38.12461,
      "z" : 8.472136
    }
  }, {
    "shape" : "275f076d-33f3-48f9-a8ef-e61900d590bd",
    "color" : "#008D36",
    "position" : {
      "x" : -12.708204,
      "y" : 8.472136,
      "z" : -12.708204
    },
    "orientation" : 38
  }, {
    "shape" : "037c5185-3564-4eb2-88b5-21d78e2b9003",
    "color" : "#F7CF7F",
    "position" : {
      "x" : -12.708204,
      "y" : 0.0,
      "z" : -12.708204
    },
    "orientation" : 24
  }, {
    "shape" : "275f076d-33f3-48f9-a8ef-e61900d590bd",
    "color" : "#008D36",
    "position" : {
      "x" : 21.18034,
      "y" : -38.12461,
      "z" : -42.36068
    },
    "orientation" : 36
  }, {
    "shape" : "275f076d-33f3-48f9-a8ef-e61900d590bd",
    "color" : "#008D36",
    "position" : {
      "x" : 21.18034,
      "y" : -29.652475,
      "z" : 16.944271
    },
    "orientation" : 37
  }, {
    "shape" : "275f076d-33f3-48f9-a8ef-e61900d590bd",
    "color" : "#008D36",
    "position" : {
      "x" : -21.18034,
      "y" : -33.888542,
      "z" : -21.18034
    },
    "orientation" : 38
  }, {
    "shape" : "816f0bb3-df14-4647-bed4-343475bee1c7",
    "color" : "#F7CF7F",
    "position" : {
      "x" : 8.472136,
      "y" : -50.832817,
      "z" : -42.36068
    },
    "orientation" : 5
  }, {
    "shape" : "bd3c1cb4-5402-4254-9c1b-67c2d63ff752",
    "color" : "#F7CF7F",
    "position" : {
      "x" : 12.708204,
      "y" : 4.236068,
      "z" : -25.416409
    },
    "orientation" : 19
  }, {
    "shape" : "037c5185-3564-4eb2-88b5-21d78e2b9003",
    "color" : "#F7CF7F",
    "position" : {
      "x" : 16.944271,
      "y" : -16.944271,
      "z" : 8.472136
    },
    "orientation" : 54
  }, {
    "shape" : "275f076d-33f3-48f9-a8ef-e61900d590bd",
    "color" : "#008D36",
    "position" : {
      "x" : 38.12461,
      "y" : 8.472136,
      "z" : 21.18034
    },
    "orientation" : 22
  }, {
    "shape" : "b8aff7c0-c893-40ca-a61d-85cd10f98d51",
    "color" : "#F2F2F2",
    "position" : {
      "x" : 33.888542,
      "y" : 8.472136,
      "z" : -25.416409
    }
  }, {
    "shape" : "bea94ca6-2e45-4ce4-8395-b44aa9d924c9",
    "color" : "#F7CF7F",
    "position" : {
      "x" : -25.416409,
      "y" : 25.416409,
      "z" : -16.944271
    },
    "orientation" : 39
  }, {
    "shape" : "b8aff7c0-c893-40ca-a61d-85cd10f98d51",
    "color" : "#F2F2F2",
    "position" : {
      "x" : 42.36068,
      "y" : 4.236068,
      "z" : 12.708204
    }
  }, {
    "shape" : "275f076d-33f3-48f9-a8ef-e61900d590bd",
    "color" : "#008D36",
    "position" : {
      "x" : -21.18034,
      "y" : -4.236068,
      "z" : 16.944271
    },
    "orientation" : 6
  }, {
    "shape" : "275f076d-33f3-48f9-a8ef-e61900d590bd",
    "color" : "#008D36",
    "position" : {
      "x" : 0.0,
      "y" : 0.0,
      "z" : 25.416409
    },
    "orientation" : 22
  }, {
    "shape" : "8936b449-e319-4128-8985-3bb59cd40c77",
    "color" : "#F7CF7F",
    "position" : {
      "x" : -4.236068,
      "y" : 29.652475,
