{
  "polygons" : "true",
  "field" : "golden",
  "symmetry" : "icosahedral",
  "orientations" : [ [ 1.0, 0.0, 0.0, 0.0, 0.0, 1.0, 0.0, 0.0, 0.0, 0.0, 1.0, 0.0, 0.0, 0.0, 0.0, 1.0 ], [ 0.0, 0.0, 1.0, 0.0, 1.0, 0.0, 0.0, 0.0, 0.0, 1.0, 0.0, 0.0, 0.0, 0.0, 0.0, 1.0 ], [ 0.0, 1.0, 0.0, 0.0, 0.0, 0.0, 1.0, 0.0, 1.0, 0.0, 0.0, 0.0, 0.0, 0.0, 0.0, 1.0 ], [ 0.809017, 0.309017, 0.5, 0.0, 0.309017, 0.5, -0.809017, 0.0, -0.5, 0.809017, 0.309017, 0.0, 0.0, 0.0, 0.0, 1.0 ], [ -0.5, 0.809017, 0.309017, 0.0, 0.809017, 0.309017, 0.5, 0.0, 0.309017, 0.5, -0.809017, 0.0, 0.0, 0.0, 0.0, 1.0 ], [ 0.309017, 0.5, -0.809017, 0.0, -0.5, 0.809017, 0.309017, 0.0, 0.809017, 0.309017, 0.5, 0.0, 0.0, 0.0, 0.0, 1.0 ], [ 0.5, 0.809017, 0.309017, 0.0, 0.809017, -0.309017, -0.5, 0.0, -0.309017, 0.5, -0.809017, 0.0, 0.0, 0.0, 0.0, 1.0 ], [ -0.309017, 0.5, -0.809017, 0.0, 0.5, 0.809017, 0.309017, 0.0, 0.809017, -0.309017, -0.5, 0.0, 0.0, 0.0, 0.0, 1.0 ], [ 0.809017, -0.309017, -0.5, 0.0, -0.309017, 0.5, -0.809017, 0.0, 0.5, 0.809017, 0.309017, 0.0, 0.0, 0.0, 0.0, 1.0 ], [ 0.5, 0.809017, -0.309017, 0.0, 0.809017, -0.309017, 0.5, 0.0, 0.309017, -0.5, -0.809017, 0.0, 0.0, 0.0, 0.0, 1.0 ], [ 0.309017, -0.5, -0.809017, 0.0, 0.5, 0.809017, -0.309017, 0.0, 0.809017, -0.309017, 0.5, 0.0, 0.0, 0.0, 0.0, 1.0 ], [ 0.809017, -0.309017, 0.5, 0.0, 0.309017, -0.5, -0.809017, 0.0, 0.5, 0.809017, -0.309017, 0.0, 0.0, 0.0, 0.0, 1.0 ], [ 0.809017, 0.309017, -0.5, 0.0, 0.309017, 0.5, 0.809017, 0.0, 0.5, -0.809017, 0.309017, 0.0, 0.0, 0.0, 0.0, 1.0 ], [ 0.5, -0.809017, 0.309017, 0.0, 0.809017, 0.309017, -0.5, 0.0, 0.309017, 0.5, 0.809017, 0.0, 0.0, 0.0, 0.0, 1.0 ], [ 0.309017, 0.5, 0.809017, 0.0, 0.5, -0.809017, 0.309017, 0.0, 0.809017, 0.309017, -0.5, 0.0, 0.0, 0.0, 0.0, 1.0 ], [ 1.0, 0.0, 0.0, 0.0, 0.0, -1.0, 0.0, 0.0, 0.0, 0.0, -1.0, 0.0, 0.0, 0.0, 0.0, 1.0 ], [ 0.0, 0.0, 1.0, 0.0, -1.0, 0.0, 0.0, 0.0, 0.0, -1.0, 0.0, 0.0, 0.0, 0.0, 0.0, 1.0 ], [ 0.0, 1.0, 0.0, 0.0, 0.0, 0.0, -1.0, 0.0, -1.0, 0.0, 0.0, 0.0, 0.0, 0.0, 0.0, 1.0 ], [ 0.809017, 0.309017, 0.5, 0.0, -0.309017, -0.5, 0.809017, 0.0, 0.5, -0.809017, -0.309017, 0.0, 0.0, 0.0, 0.0, 1.0 ], [ -0.5, 0.809017, 0.309017, 0.0, -0.809017, -0.309017, -0.5, 0.0, -0.309017, -0.5, 0.809017, 0.0, 0.0, 0.0, 0.0, 1.0 ], [ 0.309017, 0.5, -0.809017, 0.0, 0.5, -0.809017, -0.309017, 0.0, -0.809017, -0.309017, -0.5, 0.0, 0.0, 0.0, 0.0, 1.0 ], [ 0.5, 0.809017, 0.309017, 0.0, -0.809017, 0.309017, 0.5, 0.0, 0.309017, -0.5, 0.809017, 0.0, 0.0, 0.0, 0.0, 1.0 ], [ -0.309017, 0.5, -0.809017, 0.0, -0.5, -0.809017, -0.309017, 0.0, -0.809017, 0.309017, 0.5, 0.0, 0.0, 0.0, 0.0, 1.0 ], [ 0.809017, -0.309017, -0.5, 0.0, 0.309017, -0.5, 0.809017, 0.0, -0.5, -0.809017, -0.309017, 0.0, 0.0, 0.0, 0.0, 1.0 ], [ 0.5, 0.809017, -0.309017, 0.0, -0.809017, 0.309017, -0.5, 0.0, -0.309017, 0.5, 0.809017, 0.0, 0.0, 0.0, 0.0, 1.0 ], [ 0.309017, -0.5, -0.809017, 0.0, -0.5, -0.809017, 0.309017, 0.0, -0.809017, 0.309017, -0.5, 0.0, 0.0, 0.0, 0.0, 1.0 ], [ 0.809017, -0.309017, 0.5, 0.0, -0.309017, 0.5, 0.809017, 0.0, -0.5, -0.809017, 0.309017, 0.0, 0.0, 0.0, 0.0, 1.0 ], [ 0.809017, 0.309017, -0.5, 0.0, -0.309017, -0.5, -0.809017, 0.0, -0.5, 0.809017, -0.309017, 0.0, 0.0, 0.0, 0.0, 1.0 ], [ 0.5, -0.809017, 0.309017, 0.0, -0.809017, -0.309017, 0.5, 0.0, -0.309017, -0.5, -0.809017, 0.0, 0.0, 0.0, 0.0, 1.0 ], [ 0.309017, 0.5, 0.809017, 0.0, -0.5, 0.809017, -0.309017, 0.0, -0.809017, -0.309017, 0.5, 0.0, 0.0, 0.0, 0.0, 1.0 ], [ -1.0, 0.0, 0.0, 0.0, 0.0, -1.0, 0.0, 0.0, 0.0, 0.0, 1.0, 0.0, 0.0, 0.0, 0.0, 1.0 ], [ 0.0, 0.0, -1.0, 0.0, -1.0, 0.0, 0.0, 0.0, 0.0, 1.0, 0.0, 0.0, 0.0, 0.0, 0.0, 1.0 ], [ 0.0, -1.0, 0.0, 0.0, 0.0, 0.0, -1.0, 0.0, 1.0, 0.0, 0.0, 0.0, 0.0, 0.0, 0.0, 1.0 ], [ -0.809017, -0.309017, -0.5, 0.0, -0.309017, -0.5, 0.809017, 0.0, -0.5, 0.809017, 0.309017, 0.0, 0.0, 0.0, 0.0, 1.0 ], [ 0.5, -0.809017, -0.309017, 0.0, -0.809017, -0.309017, -0.5, 0.0, 0.309017, 0.5, -0.809017, 0.0, 0.0, 0.0, 0.0, 1.0 ], [ -0.309017, -0.5, 0.809017, 0.0, 0.5, -0.809017, -0.309017, 0.0, 0.809017, 0.309017, 0.5, 0.0, 0.0, 0.0, 0.0, 1.0 ], [ -0.5, -0.809017, -0.309017, 0.0, -0.809017, 0.309017, 0.5, 0.0, -0.309017, 0.5, -0.809017, 0.0, 0.0, 0.0, 0.0, 1.0 ], [ 0.309017, -0.5, 0.809017, 0.0, -0.5, -0.809017, -0.309017, 0.0, 0.809017, -0.309017, -0.5, 0.0, 0.0, 0.0, 0.0, 1.0 ], [ -0.809017, 0.309017, 0.5, 0.0, 0.309017, -0.5, 0.809017, 0.0, 0.5, 0.809017, 0.309017, 0.0, 0.0, 0.0, 0.0, 1.0 ], [ -0.5, -0.809017, 0.309017, 0.0, -0.809017, 0.309017, -0.5, 0.0, 0.309017, -0.5, -0.809017, 0.0, 0.0, 0.0, 0.0, 1.0 ], [ -0.309017, 0.5, 0.809017, 0.0, -0.5, -0.809017, 0.309017, 0.0, 0.809017, -0.309017, 0.5, 0.0, 0.0, 0.0, 0.0, 1.0 ], [ -0.809017, 0.309017, -0.5, 0.0, -0.309017, 0.5, 0.809017, 0.0, 0.5, 0.809017, -0.309017, 0.0, 0.0, 0.0, 0.0, 1.0 ], [ -0.809017, -0.309017, 0.5, 0.0, -0.309017, -0.5, -0.809017, 0.0, 0.5, -0.809017, 0.309017, 0.0, 0.0, 0.0, 0.0, 1.0 ], [ -0.5, 0.809017, -0.309017, 0.0, -0.809017, -0.309017, 0.5, 0.0, 0.309017, 0.5, 0.809017, 0.0, 0.0, 0.0, 0.0, 1.0 ], [ -0.309017, -0.5, -0.809017, 0.0, -0.5, 0.809017, -0.309017, 0.0, 0.809017, 0.309017, -0.5, 0.0, 0.0, 0.0, 0.0, 1.0 ], [ -1.0, 0.0, 0.0, 0.0, 0.0, 1.0, 0.0, 0.0, 0.0, 0.0, -1.0, 0.0, 0.0, 0.0, 0.0, 1.0 ], [ 0.0, 0.0, -1.0, 0.0, 1.0, 0.0, 0.0, 0.0, 0.0, -1.0, 0.0, 0.0, 0.0, 0.0, 0.0, 1.0 ], [ 0.0, -1.0, 0.0, 0.0, 0.0, 0.0, 1.0, 0.0, -1.0, 0.0, 0.0, 0.0, 0.0, 0.0, 0.0, 1.0 ], [ -0.809017, -0.309017, -0.5, 0.0, 0.309017, 0.5, -0.809017, 0.0, 0.5, -0.809017, -0.309017, 0.0, 0.0, 0.0, 0.0, 1.0 ], [ 0.5, -0.809017, -0.309017, 0.0, 0.809017, 0.309017, 0.5, 0.0, -0.309017, -0.5, 0.809017, 0.0, 0.0, 0.0, 0.0, 1.0 ], [ -0.309017, -0.5, 0.809017, 0.0, -0.5, 0.809017, 0.309017, 0.0, -0.809017, -0.309017, -0.5, 0.0, 0.0, 0.0, 0.0, 1.0 ], [ -0.5, -0.809017, -0.309017, 0.0, 0.809017, -0.309017, -0.5, 0.0, 0.309017, -0.5, 0.809017, 0.0, 0.0, 0.0, 0.0, 1.0 ], [ 0.309017, -0.5, 0.809017, 0.0, 0.5, 0.809017, 0.309017, 0.0, -0.809017, 0.309017, 0.5, 0.0, 0.0, 0.0, 0.0, 1.0 ], [ -0.809017, 0.309017, 0.5, 0.0, -0.309017, 0.5, -0.809017, 0.0, -0.5, -0.809017, -0.309017, 0.0, 0.0, 0.0, 0.0, 1.0 ], [ -0.5, -0.809017, 0.309017, 0.0, 0.809017, -0.309017, 0.5, 0.0, -0.309017, 0.5, 0.809017, 0.0, 0.0, 0.0, 0.0, 1.0 ], [ -0.309017, 0.5, 0.809017, 0.0, 0.5, 0.809017, -0.309017, 0.0, -0.809017, 0.309017, -0.5, 0.0, 0.0, 0.0, 0.0, 1.0 ], [ -0.809017, 0.309017, -0.5, 0.0, 0.309017, -0.5, -0.809017, 0.0, -0.5, -0.809017, 0.309017, 0.0, 0.0, 0.0, 0.0, 1.0 ], [ -0.809017, -0.309017, 0.5, 0.0, 0.309017, 0.5, 0.809017, 0.0, -0.5, 0.809017, -0.309017, 0.0, 0.0, 0.0, 0.0, 1.0 ], [ -0.5, 0.809017, -0.309017, 0.0, 0.809017, 0.309017, -0.5, 0.0, -0.309017, -0.5, -0.809017, 0.0, 0.0, 0.0, 0.0, 1.0 ], [ -0.309017, -0.5, -0.809017, 0.0, 0.5, -0.809017, 0.309017, 0.0, -0.809017, -0.309017, 0.5, 0.0, 0.0, 0.0, 0.0, 1.0 ] ],
  "lights" : {
    "directionalLights" : [ {
      "direction" : [ 1.0, -1.0, -1.0 ],
      "color" : "#EBEBE4"
    }, {
      "direction" : [ -1.0, 0.0, 0.0 ],
      "color" : "#E4E4EB"
    }, {
      "direction" : [ 0.0, 0.0, -1.0 ],
      "color" : "#1E1E1E"
    } ],
    "ambientColor" : "#292929",
    "backgroundColor" : "#AFC8DC"
  },
  "camera" : {
    "width" : 175.98044,
    "position" : {
      "x" : -139.54143,
      "y" : 365.32416,
      "z" : 0.0
    },
    "fieldOfView" : 0.44262937,
    "lookAtPointRV" : {
      "x" : 0.0,
      "y" : 0.0,
      "z" : 0.0,
      "zero" : true
    },
    "upDirectionRV" : {
      "x" : 0.809017,
      "y" : 0.309017,
      "z" : -0.50000006,
      "zero" : false
    },
    "lookDirectionRV" : {
      "x" : 0.3568221,
      "y" : -0.93417233,
      "z" : 0.0,
      "zero" : false
    },
    "viewDistance" : 391.0672,
    "perspective" : false,
    "nearClipDistance" : 0.9776689,
    "lookAtPoint" : {
      "x" : 0.0,
      "y" : 0.0,
      "z" : 0.0
    },
    "upDirection" : {
      "x" : 0.809017,
      "y" : 0.309017,
      "z" : -0.50000006
    },
    "farClipDistance" : 782.1341,
    "lookDirection" : {
      "x" : 0.3568221,
      "y" : -0.93417233,
      "z" : 0.0
    },
    "stereo" : false
  },
  "embedding" : [ 1.0, 0.0, 0.0, 0.0, 0.0, 1.0, 0.0, 0.0, 0.0, 0.0, 1.0, 0.0, 0.0, 0.0, 0.0, 1.0 ],
  "shapes" : [ {
    "id" : "403eee86-c133-4199-8df9-787d37f52057",
    "orbit" : "blue",
    "orbitC" : "[[0,0,1],[0,0,1]]",
    "length" : "[\"1\",\"0\",\"1\"]",
    "name" : "b1",
    "vertices" : [ {
      "x" : 7.472136,
      "y" : 0.309017,
      "z" : 0.19098301
    }, {
      "x" : 7.472136,
      "y" : 0.309017,
      "z" : -0.19098301
    }, {
      "x" : 1.0,
      "y" : 0.309017,
      "z" : -0.19098301
    }, {
      "x" : 1.0,
      "y" : 0.309017,
      "z" : 0.19098301
    }, {
      "x" : 7.472136,
      "y" : -0.309017,
      "z" : 0.19098301
    }, {
      "x" : 1.0,
      "y" : -0.309017,
      "z" : 0.19098301
    }, {
      "x" : 1.0,
      "y" : -0.309017,
      "z" : -0.19098301
    }, {
      "x" : 7.472136,
      "y" : -0.309017,
      "z" : -0.19098301
    }, {
      "x" : 8.472136,
      "y" : 0.0,
      "z" : 0.0
    } ],
    "faces" : [ {
      "vertices" : [ 1, 7, 6, 2 ]
    }, {
      "vertices" : [ 0, 1, 2, 3 ]
    }, {
      "vertices" : [ 4, 5, 6, 7 ]
    }, {
      "vertices" : [ 0, 3, 5, 4 ]
    } ]
  }, {
    "id" : "785c5dbb-c0f1-4d0e-bb5c-6ca32a61a330",
    "name" : "ball",
    "vertices" : [ {
      "x" : 0.309017,
      "y" : -0.809017,
      "z" : 0.618034
    }, {
      "x" : 0.809017,
      "y" : -0.618034,
      "z" : 0.309017
    }, {
      "x" : 0.618034,
      "y" : -0.309017,
      "z" : 0.809017
    }, {
      "x" : 1.0,
      "y" : 0.309017,
      "z" : 0.19098301
    }, {
      "x" : 0.809017,
      "y" : 0.618034,
      "z" : 0.309017
    }, {
      "x" : 0.618034,
      "y" : 0.309017,
      "z" : 0.809017
    }, {
      "x" : 0.809017,
      "y" : 0.0,
      "z" : 0.690983
    }, {
      "x" : 0.19098301,
      "y" : -1.0,
      "z" : 0.309017
    }, {
      "x" : -0.19098301,
      "y" : -1.0,
      "z" : 0.309017
    }, {
      "x" : -0.19098301,
      "y" : -1.0,
      "z" : -0.309017
    }, {
      "x" : 0.19098301,
      "y" : -1.0,
      "z" : -0.309017
    }, {
      "x" : 1.0,
      "y" : -0.309017,
      "z" : -0.19098301
    }, {
      "x" : 0.809017,
      "y" : -0.618034,
      "z" : -0.309017
    }, {
      "x" : 0.618034,
      "y" : -0.309017,
      "z" : -0.809017
    }, {
      "x" : 0.809017,
      "y" : 0.0,
      "z" : -0.690983
    }, {
      "x" : 0.0,
      "y" : 0.690983,
      "z" : -0.809017
    }, {
      "x" : 0.309017,
      "y" : 0.809017,
      "z" : -0.618034
    }, {
      "x" : 0.618034,
      "y" : 0.309017,
      "z" : -0.809017
    }, {
      "x" : 0.309017,
      "y" : 0.19098301,
      "z" : -1.0
    }, {
      "x" : 1.0,
      "y" : 0.309017,
      "z" : -0.19098301
    }, {
      "x" : -0.309017,
      "y" : -0.809017,
      "z" : 0.618034
    }, {
      "x" : 0.0,
      "y" : -0.690983,
      "z" : 0.809017
    }, {
      "x" : 0.809017,
      "y" : 0.618034,
      "z" : -0.309017
    }, {
      "x" : 0.690983,
      "y" : 0.809017,
      "z" : 0.0
    }, {
      "x" : -0.690983,
      "y" : 0.809017,
      "z" : 0.0
    }, {
      "x" : -0.809017,
      "y" : 0.618034,
      "z" : 0.309017
    }, {
      "x" : -0.309017,
      "y" : 0.809017,
      "z" : 0.618034
    }, {
      "x" : -0.19098301,
      "y" : 1.0,
      "z" : 0.309017
    }, {
      "x" : 0.309017,
      "y" : -0.19098301,
      "z" : -1.0
    }, {
      "x" : 0.19098301,
      "y" : 1.0,
      "z" : 0.309017
    }, {
      "x" : 0.309017,
      "y" : 0.809017,
      "z" : 0.618034
    }, {
      "x" : -0.809017,
      "y" : -0.618034,
      "z" : 0.309017
    }, {
      "x" : -0.690983,
      "y" : -0.809017,
      "z" : 0.0
    }, {
      "x" : 0.0,
      "y" : 0.690983,
      "z" : 0.809017
    }, {
      "x" : 0.309017,
      "y" : -0.809017,
      "z" : -0.618034
    }, {
      "x" : 0.0,
      "y" : -0.690983,
      "z" : -0.809017
    }, {
      "x" : -1.0,
      "y" : 0.309017,
      "z" : 0.19098301
    }, {
      "x" : -0.809017,
      "y" : 0.0,
      "z" : 0.690983
    }, {
      "x" : -0.618034,
      "y" : 0.309017,
      "z" : 0.809017
    }, {
      "x" : 1.0,
      "y" : -0.309017,
      "z" : 0.19098301
    }, {
      "x" : -0.309017,
      "y" : -0.809017,
      "z" : -0.618034
    }, {
      "x" : -1.0,
      "y" : 0.309017,
      "z" : -0.19098301
    }, {
      "x" : -1.0,
      "y" : -0.309017,
      "z" : -0.19098301
    }, {
      "x" : -1.0,
      "y" : -0.309017,
      "z" : 0.19098301
    }, {
      "x" : 0.19098301,
      "y" : 1.0,
      "z" : -0.309017
    }, {
      "x" : -0.809017,
      "y" : 0.618034,
      "z" : -0.309017
    }, {
      "x" : -0.19098301,
      "y" : 1.0,
      "z" : -0.309017
    }, {
      "x" : -0.309017,
      "y" : 0.809017,
      "z" : -0.618034
    }, {
      "x" : -0.618034,
      "y" : -0.309017,
      "z" : 0.809017
    }, {
      "x" : 0.309017,
      "y" : 0.19098301,
      "z" : 1.0
    }, {
      "x" : -0.309017,
      "y" : 0.19098301,
      "z" : -1.0
    }, {
      "x" : -0.309017,
      "y" : 0.19098301,
      "z" : 1.0
    }, {
      "x" : -0.309017,
      "y" : -0.19098301,
      "z" : 1.0
    }, {
      "x" : 0.309017,
      "y" : -0.19098301,
      "z" : 1.0
    }, {
      "x" : 0.690983,
      "y" : -0.809017,
      "z" : 0.0
    }, {
      "x" : -0.809017,
      "y" : 0.0,
      "z" : -0.690983
    }, {
      "x" : -0.618034,
      "y" : -0.309017,
      "z" : -0.809017
    }, {
      "x" : -0.309017,
      "y" : -0.19098301,
      "z" : -1.0
    }, {
      "x" : -0.618034,
      "y" : 0.309017,
      "z" : -0.809017
    }, {
      "x" : -0.809017,
      "y" : -0.618034,
      "z" : -0.309017
    } ],
    "faces" : [ {
      "vertices" : [ 9, 40, 35, 34, 10 ]
    }, {
      "vertices" : [ 0, 1, 2 ]
    }, {
      "vertices" : [ 33, 51, 49 ]
    }, {
      "vertices" : [ 25, 36, 37, 38 ]
    }, {
      "vertices" : [ 41, 55, 42 ]
    }, {
      "vertices" : [ 9, 32, 59, 40 ]
    }, {
      "vertices" : [ 20, 21, 52, 48 ]
    }, {
      "vertices" : [ 26, 33, 30, 29, 27 ]
    }, {
      "vertices" : [ 3, 4, 5, 6 ]
    }, {
      "vertices" : [ 27, 29, 44, 46 ]
    }, {
      "vertices" : [ 50, 57, 56, 55, 58 ]
    }, {
      "vertices" : [ 26, 38, 51, 33 ]
    }, {
      "vertices" : [ 45, 47, 58 ]
    }, {
      "vertices" : [ 18, 28, 57, 50 ]
    }, {
      "vertices" : [ 40, 59, 56 ]
    }, {
      "vertices" : [ 31, 48, 37, 43 ]
    }, {
      "vertices" : [ 7, 8, 9, 10 ]
    }, {
      "vertices" : [ 36, 41, 42, 43 ]
    }, {
      "vertices" : [ 24, 46, 47, 45 ]
    }, {
      "vertices" : [ 4, 30, 5 ]
    }, {
      "vertices" : [ 15, 47, 46, 44, 16 ]
    }, {
      "vertices" : [ 15, 50, 58, 47 ]
    }, {
      "vertices" : [ 24, 45, 41, 36, 25 ]
    }, {
      "vertices" : [ 11, 14, 19 ]
    }, {
      "vertices" : [ 3, 6, 39 ]
    }, {
      "vertices" : [ 1, 39, 6, 2 ]
    }, {
      "vertices" : [ 8, 32, 9 ]
    }, {
      "vertices" : [ 11, 12, 13, 14 ]
    }, {
      "vertices" : [ 16, 22, 17 ]
    }, {
      "vertices" : [ 0, 21, 20, 8, 7 ]
    }, {
      "vertices" : [ 12, 34, 13 ]
    }, {
      "vertices" : [ 35, 40, 56, 57 ]
    }, {
      "vertices" : [ 0, 7, 54, 1 ]
    }, {
      "vertices" : [ 15, 16, 17, 18 ]
    }, {
      "vertices" : [ 3, 19, 22, 23, 4 ]
    }, {
      "vertices" : [ 7, 10, 54 ]
    }, {
      "vertices" : [ 41, 45, 58, 55 ]
    }, {
      "vertices" : [ 3, 39, 11, 19 ]
    }, {
      "vertices" : [ 14, 17, 22, 19 ]
    }, {
      "vertices" : [ 0, 2, 53, 21 ]
    }, {
      "vertices" : [ 49, 51, 52, 53 ]
    }, {
      "vertices" : [ 31, 43, 42, 59, 32 ]
    }, {
      "vertices" : [ 15, 18, 50 ]
    }, {
      "vertices" : [ 42, 55, 56, 59 ]
    }, {
      "vertices" : [ 4, 23, 29, 30 ]
    }, {
      "vertices" : [ 25, 38, 26 ]
    }, {
      "vertices" : [ 13, 28, 18, 17, 14 ]
    }, {
      "vertices" : [ 8, 20, 31, 32 ]
    }, {
      "vertices" : [ 23, 44, 29 ]
    }, {
      "vertices" : [ 24, 27, 46 ]
    }, {
      "vertices" : [ 37, 48, 52, 51, 38 ]
    }, {
      "vertices" : [ 20, 48, 31 ]
    }, {
      "vertices" : [ 24, 25, 26, 27 ]
    }, {
      "vertices" : [ 16, 44, 23, 22 ]
    }, {
      "vertices" : [ 13, 34, 35, 28 ]
    }, {
      "vertices" : [ 10, 34, 12, 54 ]
    }, {
      "vertices" : [ 2, 6, 5, 49, 53 ]
    }, {
      "vertices" : [ 36, 43, 37 ]
    }, {
      "vertices" : [ 5, 30, 33, 49 ]
    }, {
      "vertices" : [ 1, 54, 12, 11, 39 ]
    }, {
      "vertices" : [ 28, 35, 57 ]
    }, {
      "vertices" : [ 21, 53, 52 ]
    } ]
  }, {
    "id" : "cec582ee-1c75-4ba4-9e26-9235c60b8820",
    "orbit" : "red",
    "orbitC" : "[[-1,1,1],[0,0,1]]",
    "length" : "[\"1\",\"0\",\"1\"]",
    "name" : "r1",
    "vertices" : [ {
      "x" : 2.618034,
      "y" : 1.736068,
      "z" : 0.309017
    }, {
      "x" : 4.236068,
      "y" : 2.5,
      "z" : 0.309017
    }, {
      "x" : 4.045085,
      "y" : 2.809017,
      "z" : 0.19098301
    }, {
      "x" : 0.809017,
      "y" : 0.618034,
      "z" : -0.309017
    }, {
      "x" : 0.690983,
      "y" : 0.809017,
      "z" : 0.0
    }, {
      "x" : 2.5,
      "y" : 1.927051,
      "z" : 0.0
    }, {
      "x" : 2.618034,
      "y" : 1.736068,
      "z" : -0.309017
    }, {
      "x" : 6.045085,
      "y" : 3.618034,
      "z" : 0.309017
    }, {
      "x" : 2.809017,
      "y" : 1.427051,
      "z" : 0.19098301
    }, {
      "x" : 2.809017,
      "y" : 1.427051,
      "z" : -0.19098301
    }, {
      "x" : 4.354102,
      "y" : 2.309017,
      "z" : 0.0
    }, {
      "x" : 4.236068,
      "y" : 2.5,
      "z" : -0.309017
    }, {
      "x" : 6.163119,
      "y" : 3.427051,
      "z" : 0.0
    }, {
      "x" : 1.0,
      "y" : 0.309017,
      "z" : 0.19098301
    }, {
      "x" : 1.0,
      "y" : 0.309017,
      "z" : -0.19098301
    }, {
      "x" : 0.809017,
      "y" : 0.618034,
      "z" : 0.309017
    }, {
      "x" : 5.854102,
      "y" : 3.927051,
      "z" : 0.19098301
    }, {
      "x" : 6.045085,
      "y" : 3.618034,
      "z" : -0.309017
    }, {
      "x" : 5.854102,
      "y" : 3.927051,
      "z" : -0.19098301
    }, {
      "x" : 6.854102,
      "y" : 4.236068,
      "z" : 0.0
    }, {
      "x" : 4.045085,
      "y" : 2.809017,
      "z" : -0.19098301
    } ],
    "faces" : [ {
      "vertices" : [ 3, 6, 9, 14 ]
    }, {
      "vertices" : [ 11, 20, 18, 17 ]
    }, {
      "vertices" : [ 0, 1, 2 ]
    }, {
      "vertices" : [ 0, 15, 13, 8 ]
    }, {
      "vertices" : [ 6, 20, 11 ]
    }, {
      "vertices" : [ 0, 2, 5 ]
    }, {
      "vertices" : [ 0, 8, 1 ]
    }, {
      "vertices" : [ 8, 13, 14, 9 ]
    }, {
      "vertices" : [ 3, 4, 5, 6 ]
    }, {
      "vertices" : [ 10, 11, 17, 12 ]
    }, {
      "vertices" : [ 1, 8, 10 ]
    }, {
      "vertices" : [ 0, 5, 4, 15 ]
    }, {
      "vertices" : [ 2, 16, 18, 20 ]
    }, {
      "vertices" : [ 1, 7, 16, 2 ]
    }, {
      "vertices" : [ 6, 11, 9 ]
    }, {
      "vertices" : [ 8, 9, 10 ]
    }, {
      "vertices" : [ 2, 20, 5 ]
    }, {
      "vertices" : [ 9, 11, 10 ]
    }, {
      "vertices" : [ 1, 10, 12, 7 ]
    }, {
      "vertices" : [ 5, 20, 6 ]
    } ]
  } ],
  "instances" : [ {
    "shape" : "403eee86-c133-4199-8df9-787d37f52057",
    "color" : "#008EC2",
    "position" : {
      "x" : 42.742645,
      "y" : 16.326239,
      "z" : -29.652475
    },
    "orientation" : 47
  }, {
    "shape" : "403eee86-c133-4199-8df9-787d37f52057",
    "color" : "#008EC2",
    "position" : {
      "x" : 34.27051,
      "y" : 13.09017,
      "z" : 9.472136
    },
    "orientation" : 41
  }, {
    "shape" : "785c5dbb-c0f1-4d0e-bb5c-6ca32a61a330",
    "color" : "#F2F2F2",
    "position" : {
      "x" : -22.18034,
      "y" : -6.854102,
      "z" : 12.708204
    }
  }, {
    "shape" : "403eee86-c133-4199-8df9-787d37f52057",
    "color" : "#008EC2",
    "position" : {
      "x" : -4.236068,
      "y" : -1.618034,
      "z" : 19.562305
    },
    "orientation" : 53
  }, {
    "shape" : "785c5dbb-c0f1-4d0e-bb5c-6ca32a61a330",
    "color" : "#F2F2F2",
    "position" : {
      "x" : -24.798374,
      "y" : -9.472136,
      "z" : -15.326238
    }
  }, {
    "shape" : "cec582ee-1c75-4ba4-9e26-9235c60b8820",
    "color" : "#D91218",
    "position" : {
      "x" : 13.708204,
      "y" : 3.618034,
      "z" : 26.416409
    },
    "orientation" : 32
  }, {
    "shape" : "403eee86-c133-4199-8df9-787d37f52057",
    "color" : "#008EC2",
    "position" : {
      "x" : 27.416409,
      "y" : 10.472136,
      "z" : 13.708204
    },
    "orientation" : 41
  }, {
    "shape" : "403eee86-c133-4199-8df9-787d37f52057",
    "color" : "#008EC2",
    "position" : {
      "x" : -24.798374,
      "y" : -9.472136,
      "z" : -37.506577
    },
    "orientation" : 41
  }, {
    "shape" : "785c5dbb-c0f1-4d0e-bb5c-6ca32a61a330",
    "color" : "#F2F2F2",
    "position" : {
      "x" : -13.708204,
      "y" : -5.236068,
      "z" : -39.12461
    }
  }, {
    "shape" : "403eee86-c133-4199-8df9-787d37f52057",
    "color" : "#008EC2",
    "position" : {
      "x" : -35.888542,
      "y" : -13.708204,
      "z" : 25.416409
    },
    "orientation" : 23
  }, {
    "shape" : "cec582ee-1c75-4ba4-9e26-9235c60b8820",
    "color" : "#D91218",
    "position" : {
      "x" : -17.944271,
      "y" : -5.236068,
      "z" : -45.978714
    },
    "orientation" : 2
  }, {
    "shape" : "cec582ee-1c75-4ba4-9e26-9235c60b8820",
    "color" : "#D91218",
    "position" : {
      "x" : 17.944271,
      "y" : 6.854102,
      "z" : -58.686916
    },
    "orientation" : 2
  }, {
    "shape" : "403eee86-c133-4199-8df9-787d37f52057",
    "color" : "#008EC2",
    "position" : {
      "x" : -35.888542,
      "y" : -13.708204,
      "z" : 0.0
    },
    "orientation" : 11
  }, {
    "shape" : "785c5dbb-c0f1-4d0e-bb5c-6ca32a61a330",
    "color" : "#F2F2F2",
    "position" : {
      "x" : -42.742645,
      "y" : -16.326239,
      "z" : -9.472136
    }
  }, {
    "shape" : "785c5dbb-c0f1-4d0e-bb5c-6ca32a61a330",
    "color" : "#F2F2F2",
    "position" : {
      "x" : -35.888542,
      "y" : -13.708204,
      "z" : -13.708204
    }
  }, {
    "shape" : "785c5dbb-c0f1-4d0e-bb5c-6ca32a61a330",
    "color" : "#F2F2F2",
    "position" : {
      "x" : -24.798374,
      "y" : -9.472136,
      "z" : -37.506577
    }
  }, {
    "shape" : "785c5dbb-c0f1-4d0e-bb5c-6ca32a61a330",
    "color" : "#F2F2F2",
    "position" : {
      "x" : -22.18034,
      "y" : -8.472136,
      "z" : 25.416409
    }
  }, {
    "shape" : "785c5dbb-c0f1-4d0e-bb5c-6ca32a61a330",
    "color" : "#F2F2F2",
    "position" : {
      "x" : -1.618034,
      "y" : -0.618034,
      "z" : 51.832817
    }
  }, {
    "shape" : "403eee86-c133-4199-8df9-787d37f52057",
    "color" : "#008EC2",
    "position" : {
      "x" : 11.09017,
      "y" : 4.236068,
      "z" : -45.978714
    },
    "orientation" : 47
  }, {
    "shape" : "785c5dbb-c0f1-4d0e-bb5c-6ca32a61a330",
    "color" : "#FF00CC",
    "position" : {
      "x" : -17.944271,
      "y" : -6.854102,
      "z" : -19.562305
    }
  }, {
    "shape" : "cec582ee-1c75-4ba4-9e26-9235c60b8820",
    "color" : "#D91218",
    "position" : {
      "x" : -46.978714,
      "y" : -17.944271,
      "z" : 18.562305
    },
    "orientation" : 0
  }, {
    "shape" : "403eee86-c133-4199-8df9-787d37f52057",
    "color" : "#008EC2",
    "position" : {
      "x" : -15.326238,
      "y" : -5.854102,
      "z" : 34.888542
    },
    "orientation" : 11
  }, {
    "shape" : "cec582ee-1c75-4ba4-9e26-9235c60b8820",
    "color" : "#D91218",
    "position" : {
      "x" : -22.18034,
      "y" : -6.854102,
      "z" : 12.708204
    },
    "orientation" : 2
  }, {
    "shape" : "403eee86-c133-4199-8df9-787d37f52057",
    "color" : "#008EC2",
    "position" : {
      "x" : -11.09017,
      "y" : -4.236068,
      "z" : 15.326238
    },
    "orientation" : 47
  }, {
    "shape" : "403eee86-c133-4199-8df9-787d37f52057",
    "color" : "#008EC2",
    "position" : {
      "x" : -24.798374,
      "y" : -9.472136,
      "z" : -15.326238
    },
    "orientation" : 2
  }, {
    "shape" : "785c5dbb-c0f1-4d0e-bb5c-6ca32a61a330",
    "color" : "#F2F2F2",
    "position" : {
      "x" : 49.59675,
      "y" : 18.944271,
      "z" : -25.416409
    }
  }, {
    "shape" : "cec582ee-1c75-4ba4-9e26-9235c60b8820",
    "color" : "#D91218",
    "position" : {
      "x" : -26.416409,
      "y" : -8.472136,
      "z" : 32.27051
    },
    "orientation" : 2
  }, {
    "shape" : "403eee86-c133-4199-8df9-787d37f52057",
    "color" : "#008EC2",
    "position" : {
      "x" : 20.562305,
      "y" : 7.854102,
      "z" : -12.708204
    },
    "orientation" : 2
  }, {
    "shape" : "785c5dbb-c0f1-4d0e-bb5c-6ca32a61a330",
    "color" : "#F2F2F2",
    "position" : {
      "x" : 17.944271,
      "y" : 5.236068,
      "z" : 6.854102
    }
  }, {
    "shape" : "785c5dbb-c0f1-4d0e-bb5c-6ca32a61a330",
    "color" : "#F2F2F2",
    "position" : {
      "x" : 13.708204,
      "y" : 6.854102,
      "z" : -26.416409
    }
  }, {
    "shape" : "785c5dbb-c0f1-4d0e-bb5c-6ca32a61a330",
    "color" : "#F2F2F2",
    "position" : {
      "x" : -49.59675,
      "y" : -18.944271,
      "z" : -13.708204
    }
  }, {
    "shape" : "403eee86-c133-4199-8df9-787d37f52057",
    "color" : "#008EC2",
    "position" : {
      "x" : 27.416409,
      "y" : 10.472136,
      "z" : 52.832817
    },
    "orientation" : 23
  }, {
    "shape" : "cec582ee-1c75-4ba4-9e26-9235c60b8820",
    "color" : "#D91218",
    "position" : {
      "x" : 0.0,
      "y" : 0.0,
      "z" : -39.12461
    },
    "orientation" : 17
  }, {
    "shape" : "785c5dbb-c0f1-4d0e-bb5c-6ca32a61a330",
    "color" : "#F2F2F2",
    "position" : {
      "x" : 17.944271,
      "y" : 6.854102,
      "z" : -44.978714
    }
  }, {
    "shape" : "cec582ee-1c75-4ba4-9e26-9235c60b8820",
    "color" : "#D91218",
    "position" : {
      "x" : 6.854102,
      "y" : 2.618034,
      "z" : -26.416409
    },
    "orientation" : 0
  }, {
    "shape" : "785c5dbb-c0f1-4d0e-bb5c-6ca32a61a330",
    "color" : "#F2F2F2",
    "position" : {
      "x" : -8.472136,
      "y" : -3.236068,
      "z" : 39.12461
    }
  }, {
    "shape" : "403eee86-c133-4199-8df9-787d37f52057",
    "color" : "#008EC2",
    "position" : {
      "x" : -46.978714,
      "y" : -17.944271,
      "z" : 10.09017
    },
    "orientation" : 2
  }, {
    "shape" : "403eee86-c133-4199-8df9-787d37f52057",
    "color" : "#008EC2",
    "position" : {
      "x" : 34.27051,
      "y" : 13.09017,
      "z" : 48.59675
    },
    "orientation" : 47
  }, {
    "shape" : "cec582ee-1c75-4ba4-9e26-9235c60b8820",
    "color" : "#D91218",
    "position" : {
      "x" : -45.36068,
      "y" : -18.944271,
      "z" : -20.562305
    },
    "orientation" : 0
  }, {
    "shape" : "785c5dbb-c0f1-4d0e-bb5c-6ca32a61a330",
    "color" : "#F2F2F2",
    "position" : {
      "x" : 34.27051,
      "y" : 13.09017,
      "z" : 31.652475
    }
  }, {
    "shape" : "785c5dbb-c0f1-4d0e-bb5c-6ca32a61a330",
    "color" : "#FF00CC",
    "position" : {
      "x" : 0.0,
      "y" : -1.618034,
      "z" : -26.416409
    }
  }, {
    "shape" : "403eee86-c133-4199-8df9-787d37f52057",
    "color" : "#008EC2",
    "position" : {
      "x" : -17.944271,
      "y" : -6.854102,
      "z" : 19.562305
    },
    "orientation" : 23
  }, {
    "shape" : "cec582ee-1c75-4ba4-9e26-9235c60b8820",
    "color" : "#D91218",
    "position" : {
      "x" : -31.652475,
      "y" : -13.708204,
      "z" : -6.854102
    },
    "orientation" : 32
  }, {
    "shape" : "403eee86-c133-4199-8df9-787d37f52057",
    "color" : "#008EC2",
    "position" : {
      "x" : -11.09017,
      "y" : -4.236068,
      "z" : -1.618034
    },
    "orientation" : 53
  }, {
    "shape" : "cec582ee-1c75-4ba4-9e26-9235c60b8820",
    "color" : "#D91218",
    "position" : {
      "x" : 0.0,
      "y" : -1.618034,
      "z" : -26.416409
    },
    "orientation" : 0
  }, {
    "shape" : "785c5dbb-c0f1-4d0e-bb5c-6ca32a61a330",
    "color" : "#F2F2F2",
    "position" : {
      "x" : 31.652475,
      "y" : 12.09017,
      "z" : -5.854102
    }
  }, {
    "shape" : "785c5dbb-c0f1-4d0e-bb5c-6ca32a61a330",
    "color" : "#F2F2F2",
    "position" : {
      "x" : -31.652475,
      "y" : -13.708204,
      "z" : -6.854102
    }
  }, {
    "shape" : "785c5dbb-c0f1-4d0e-bb5c-6ca32a61a330",
    "color" : "#F2F2F2",
    "position" : {
      "x" : -38.506577,
      "y" : -14.708204,
      "z" : -29.034441
    }
  }, {
    "shape" : "785c5dbb-c0f1-4d0e-bb5c-6ca32a61a330",
    "color" : "#F2F2F2",
    "position" : {
      "x" : -46.978714,
      "y" : -17.944271,
      "z" : 10.09017
    }
  }, {
    "shape" : "785c5dbb-c0f1-4d0e-bb5c-6ca32a61a330",
    "color" : "#FF00CC",
    "position" : {
      "x" : 4.236068,
      "y" : 0.0,
      "z" : -6.854102
    }
  }, {
    "shape" : "785c5dbb-c0f1-4d0e-bb5c-6ca32a61a330",
    "color" : "#F2F2F2",
    "position" : {
      "x" : -42.742645,
      "y" : -16.326239,
      "z" : -1.0
    }
  }, {
    "shape" : "403eee86-c133-4199-8df9-787d37f52057",
    "color" : "#008EC2",
    "position" : {
      "x" : 38.506577,
      "y" : 14.708204,
      "z" : -10.09017
    },
    "orientation" : 11
  }, {
    "shape" : "cec582ee-1c75-4ba4-9e26-9235c60b8820",
    "color" : "#D91218",
    "position" : {
      "x" : -35.888542,
      "y" : -13.708204,
      "z" : -13.708204
    },
    "orientation" : 2
  }, {
    "shape" : "785c5dbb-c0f1-4d0e-bb5c-6ca32a61a330",
    "color" : "#F2F2F2",
    "position" : {
      "x" : 22.18034,
      "y" : 6.854102,
      "z" : -51.832817
    }
  }, {
    "shape" : "403eee86-c133-4199-8df9-787d37f52057",
    "color" : "#008EC2",
    "position" : {
      "x" : -17.944271,
      "y" : -6.854102,
      "z" : -19.562305
    },
    "orientation" : 41
  }, {
    "shape" : "785c5dbb-c0f1-4d0e-bb5c-6ca32a61a330",
    "color" : "#F2F2F2",
    "position" : {
      "x" : -46.978714,
      "y" : -17.944271,
      "z" : 18.562305
    }
  }, {
    "shape" : "cec582ee-1c75-4ba4-9e26-9235c60b8820",
    "color" : "#D91218",
    "position" : {
      "x" : -49.59675,
      "y" : -20.562305,
      "z" : -1.0
    },
    "orientation" : 32
  }, {
    "shape" : "cec582ee-1c75-4ba4-9e26-9235c60b8820",
    "color" : "#D91218",
    "position" : {
      "x" : -40.12461,
      "y" : -13.708204,
      "z" : 18.562305
    },
    "orientation" : 2
  }, {
    "shape" : "785c5dbb-c0f1-4d0e-bb5c-6ca32a61a330",
    "color" : "#F2F2F2",
    "position" : {
      "x" : -15.326238,
      "y" : -5.854102,
      "z" : 34.888542
    }
  }, {
    "shape" : "403eee86-c133-4199-8df9-787d37f52057",
    "color" : "#008EC2",
    "position" : {
      "x" : 34.27051,
      "y" : 13.09017,
      "z" : 1.0
    },
    "orientation" : 2
  }, {
    "shape" : "785c5dbb-c0f1-4d0e-bb5c-6ca32a61a330",
    "color" : "#F2F2F2",
    "position" : {
      "x" : 20.562305,
      "y" : 7.854102,
      "z" : -12.708204
    }
  }, {
    "shape" : "785c5dbb-c0f1-4d0e-bb5c-6ca32a61a330",
    "color" : "#F2F2F2",
    "position" : {
      "x" : 34.27051,
      "y" : 13.09017,
      "z" : 9.472136
    }
  }, {
    "shape" : "785c5dbb-c0f1-4d0e-bb5c-6ca32a61a330",
    "color" : "#F2F2F2",
    "position" : {
      "x" : 34.27051,
      "y" : 13.09017,
      "z" : 48.59675
    }
  }, {
    "shape" : "785c5dbb-c0f1-4d0e-bb5c-6ca32a61a330",
    "color" : "#F2F2F2",
    "position" : {
      "x" : 20.562305,
      "y" : 7.854102,
      "z" : 17.944271
    }
  }, {
    "shape" : "cec582ee-1c75-4ba4-9e26-9235c60b8820",
    "color" : "#D91218",
    "position" : {
      "x" : -29.034441,
      "y" : -11.09017,
      "z" : 12.708204
    },
    "orientation" : 0
  }, {
    "shape" : "785c5dbb-c0f1-4d0e-bb5c-6ca32a61a330",
    "color" : "#F2F2F2",
    "position" : {
      "x" : 5.236068,
      "y" : 3.618034,
      "z" : 51.832817
    }
  }, {
    "shape" : "403eee86-c133-4199-8df9-787d37f52057",
    "color" : "#008EC2",
    "position" : {
      "x" : -42.742645,
      "y" : -16.326239,
      "z" : -9.472136
    },
    "orientation" : 2
  }, {
    "shape" : "785c5dbb-c0f1-4d0e-bb5c-6ca32a61a330",
    "color" : "#F2F2F2",
    "position" : {
      "x" : -49.59675,
      "y" : -20.562305,
      "z" : -1.0
    }
  }, {
    "shape" : "785c5dbb-c0f1-4d0e-bb5c-6ca32a61a330",
    "color" : "#F2F2F2",
    "position" : {
      "x" : 16.326239,
      "y" : 6.236068,
      "z" : 45.978714
    }
  }, {
    "shape" : "cec582ee-1c75-4ba4-9e26-9235c60b8820",
    "color" : "#D91218",
    "position" : {
      "x" : 0.0,
      "y" : 0.0,
      "z" : -13.708204
    },
    "orientation" : 2
  }, {
    "shape" : "785c5dbb-c0f1-4d0e-bb5c-6ca32a61a330",
    "color" : "#F2F2F2",
    "position" : {
      "x" : 42.742645,
      "y" : 16.326239,
      "z" : -29.652475
    }
  }, {
    "shape" : "403eee86-c133-4199-8df9-787d37f52057",
    "color" : "#008EC2",
    "position" : {
      "x" : 20.562305,
      "y" : 7.854102,
      "z" : 26.416409
    },
    "orientation" : 47
  }, {
    "shape" : "cec582ee-1c75-4ba4-9e26-9235c60b8820",
    "color" : "#D91218",
    "position" : {
      "x" : 22.18034,
      "y" : 6.854102,
      "z" : -51.832817
    },
    "orientation" : 32
  }, {
    "shape" : "cec582ee-1c75-4ba4-9e26-9235c60b8820",
    "color" : "#D91218",
    "position" : {
      "x" : 27.416409,
      "y" : 10.472136,
      "z" : 27.416409
    },
    "orientation" : 17
  }, {
    "shape" : "785c5dbb-c0f1-4d0e-bb5c-6ca32a61a330",
    "color" : "#F2F2F2",
    "position" : {
      "x" : 13.708204,
      "y" : 3.618034,
      "z" : 26.416409
    }
  }, {
    "shape" : "785c5dbb-c0f1-4d0e-bb5c-6ca32a61a330",
    "color" : "#F2F2F2",
    "position" : {
      "x" : 31.652475,
      "y" : 10.472136,
      "z" : 20.562305
    }
  }, {
    "shape" : "785c5dbb-c0f1-4d0e-bb5c-6ca32a61a330",
    "color" : "#F2F2F2",
    "position" : {
      "x" : 45.36068,
      "y" : 17.326239,
      "z" : -5.854102
    }
  }, {
    "shape" : "403eee86-c133-4199-8df9-787d37f52057",
    "color" : "#008EC2",
    "position" : {
      "x" : -42.742645,
      "y" : -16.326239,
      "z" : -9.472136
    },
    "orientation" : 23
  }, {
    "shape" : "785c5dbb-c0f1-4d0e-bb5c-6ca32a61a330",
    "color" : "#F2F2F2",
    "position" : {
      "x" : 31.652475,
      "y" : 12.09017,
      "z" : -44.978714
    }
  }, {
    "shape" : "785c5dbb-c0f1-4d0e-bb5c-6ca32a61a330",
    "color" : "#F2F2F2",
    "position" : {
      "x" : 0.0,
      "y" : 0.0,
      "z" : -39.12461
    }
  }, {
    "shape" : "cec582ee-1c75-4ba4-9e26-9235c60b8820",
    "color" : "#D91218",
    "position" : {
      "x" : -4.236068,
      "y" : -1.618034,
      "z" : -19.562305
    },
    "orientation" : 17
  }, {
    "shape" : "403eee86-c133-4199-8df9-787d37f52057",
    "color" : "#008EC2",
    "position" : {
      "x" : 49.59675,
      "y" : 18.944271,
      "z" : -25.416409
    },
    "orientation" : 53
  }, {
    "shape" : "cec582ee-1c75-4ba4-9e26-9235c60b8820",
    "color" : "#D91218",
    "position" : {
      "x" : 31.652475,
      "y" : 12.09017,
      "z" : -19.562305
    },
    "orientation" : 32
  }, {
    "shape" : "785c5dbb-c0f1-4d0e-bb5c-6ca32a61a330",
    "color" : "#F2F2F2",
    "position" : {
      "x" : 41.12461,
      "y" : 17.326239,
      "z" : 1.0
    }
  }, {
    "shape" : "785c5dbb-c0f1-4d0e-bb5c-6ca32a61a330",
    "color" : "#F2F2F2",
    "position" : {
      "x" : 17.944271,
      "y" : 6.854102,
      "z" : -19.562305
    }
  }, {
    "shape" : "cec582ee-1c75-4ba4-9e26-9235c60b8820",
    "color" : "#D91218",
    "position" : {
      "x" : 13.708204,
      "y" : 3.618034,
      "z" : 26.416409
    },
    "orientation" : 47
  }, {
    "shape" : "785c5dbb-c0f1-4d0e-bb5c-6ca32a61a330",
    "color" : "#F2F2F2",
    "position" : {
      "x" : -35.888542,
      "y" : -13.708204,
      "z" : 0.0
    }
  }, {
    "shape" : "785c5dbb-c0f1-4d0e-bb5c-6ca32a61a330",
    "color" : "#F2F2F2",
    "position" : {
      "x" : 9.472136,
      "y" : 3.618034,
      "z" : 33.27051
    }
  }, {
    "shape" : "785c5dbb-c0f1-4d0e-bb5c-6ca32a61a330",
    "color" : "#F2F2F2",
    "position" : {
      "x" : 27.416409,
      "y" : 12.09017,
      "z" : -12.708204
    }
  }, {
    "shape" : "785c5dbb-c0f1-4d0e-bb5c-6ca32a61a330",
    "color" : "#F2F2F2",
    "position" : {
      "x" : 17.944271,
      "y" : 6.854102,
      "z" : -58.686916
    }
  }, {
    "shape" : "785c5dbb-c0f1-4d0e-bb5c-6ca32a61a330",
    "color" : "#F2F2F2",
    "position" : {
      "x" : 45.36068,
      "y" : 17.326239,
      "z" : 7.854102
    }
  }, {
    "shape" : "403eee86-c133-4199-8df9-787d37f52057",
    "color" : "#008EC2",
    "position" : {
      "x" : 0.0,
      "y" : 0.0,
      "z" : -39.12461
    },
    "orientation" : 11
  }, {
    "shape" : "cec582ee-1c75-4ba4-9e26-9235c60b8820",
    "color" : "#D91218",
    "position" : {
      "x" : 0.0,
      "y" : 0.0,
      "z" : 0.0
    },
    "orientation" : 32
  }, {
    "shape" : "785c5dbb-c0f1-4d0e-bb5c-6ca32a61a330",
    "color" : "#F2F2F2",
    "position" : {
      "x" : 27.416409,
      "y" : 10.472136,
      "z" : 52.832817
    }
  }, {
    "shape" : "cec582ee-1c75-4ba4-9e26-9235c60b8820",
    "color" : "#D91218",
    "position" : {
      "x" : -13.708204,
      "y" : -6.854102,
      "z" : -12.708204
    },
    "orientation" : 32
  }, {
    "shape" : "403eee86-c133-4199-8df9-787d37f52057",
    "color" : "#008EC2",
    "position" : {
      "x" : 24.798374,
      "y" : 9.472136,
      "z" : -32.27051
    },
    "orientation" : 47
  }, {
    "shape" : "403eee86-c133-4199-8df9-787d37f52057",
    "color" : "#008EC2",
    "position" : {
      "x" : 20.562305,
      "y" : 7.854102,
      "z" : 17.944271
    },
    "orientation" : 53
  }, {
    "shape" : "403eee86-c133-4199-8df9-787d37f52057",
    "color" : "#008EC2",
    "position" : {
      "x" : 17.944271,
      "y" : 6.854102,
      "z" : -19.562305
    },
    "orientation" : 23
  }, {
    "shape" : "cec582ee-1c75-4ba4-9e26-9235c60b8820",
    "color" : "#D91218",
    "position" : {
      "x" : -22.18034,
      "y" : -6.854102,
      "z" : -26.416409
    },
    "orientation" : 17
  }, {
    "shape" : "785c5dbb-c0f1-4d0e-bb5c-6ca32a61a330",
    "color" : "#F2F2F2",
    "position" : {
      "x" : -24.798374,
      "y" : -9.472136,
      "z" : -45.978714
    }
  }, {
    "shape" : "403eee86-c133-4199-8df9-787d37f52057",
    "color" : "#008EC2",
    "position" : {
      "x" : 2.618034,
      "y" : 1.0,
      "z" : 23.798374
    },
    "orientation" : 23
  }, {
    "shape" : "cec582ee-1c75-4ba4-9e26-9235c60b8820",
