{
  "polygons" : "true",
  "field" : "golden",
  "symmetry" : "icosahedral",
  "orientations" : [ [ 1.0, 0.0, 0.0, 0.0, 0.0, 1.0, 0.0, 0.0, 0.0, 0.0, 1.0, 0.0, 0.0, 0.0, 0.0, 1.0 ], [ 0.0, 0.0, 1.0, 0.0, 1.0, 0.0, 0.0, 0.0, 0.0, 1.0, 0.0, 0.0, 0.0, 0.0, 0.0, 1.0 ], [ 0.0, 1.0, 0.0, 0.0, 0.0, 0.0, 1.0, 0.0, 1.0, 0.0, 0.0, 0.0, 0.0, 0.0, 0.0, 1.0 ], [ 0.809017, 0.309017, 0.5, 0.0, 0.309017, 0.5, -0.809017, 0.0, -0.5, 0.809017, 0.309017, 0.0, 0.0, 0.0, 0.0, 1.0 ], [ -0.5, 0.809017, 0.309017, 0.0, 0.809017, 0.309017, 0.5, 0.0, 0.309017, 0.5, -0.809017, 0.0, 0.0, 0.0, 0.0, 1.0 ], [ 0.309017, 0.5, -0.809017, 0.0, -0.5, 0.809017, 0.309017, 0.0, 0.809017, 0.309017, 0.5, 0.0, 0.0, 0.0, 0.0, 1.0 ], [ 0.5, 0.809017, 0.309017, 0.0, 0.809017, -0.309017, -0.5, 0.0, -0.309017, 0.5, -0.809017, 0.0, 0.0, 0.0, 0.0, 1.0 ], [ -0.309017, 0.5, -0.809017, 0.0, 0.5, 0.809017, 0.309017, 0.0, 0.809017, -0.309017, -0.5, 0.0, 0.0, 0.0, 0.0, 1.0 ], [ 0.809017, -0.309017, -0.5, 0.0, -0.309017, 0.5, -0.809017, 0.0, 0.5, 0.809017, 0.309017, 0.0, 0.0, 0.0, 0.0, 1.0 ], [ 0.5, 0.809017, -0.309017, 0.0, 0.809017, -0.309017, 0.5, 0.0, 0.309017, -0.5, -0.809017, 0.0, 0.0, 0.0, 0.0, 1.0 ], [ 0.309017, -0.5, -0.809017, 0.0, 0.5, 0.809017, -0.309017, 0.0, 0.809017, -0.309017, 0.5, 0.0, 0.0, 0.0, 0.0, 1.0 ], [ 0.809017, -0.309017, 0.5, 0.0, 0.309017, -0.5, -0.809017, 0.0, 0.5, 0.809017, -0.309017, 0.0, 0.0, 0.0, 0.0, 1.0 ], [ 0.809017, 0.309017, -0.5, 0.0, 0.309017, 0.5, 0.809017, 0.0, 0.5, -0.809017, 0.309017, 0.0, 0.0, 0.0, 0.0, 1.0 ], [ 0.5, -0.809017, 0.309017, 0.0, 0.809017, 0.309017, -0.5, 0.0, 0.309017, 0.5, 0.809017, 0.0, 0.0, 0.0, 0.0, 1.0 ], [ 0.309017, 0.5, 0.809017, 0.0, 0.5, -0.809017, 0.309017, 0.0, 0.809017, 0.309017, -0.5, 0.0, 0.0, 0.0, 0.0, 1.0 ], [ 1.0, 0.0, 0.0, 0.0, 0.0, -1.0, 0.0, 0.0, 0.0, 0.0, -1.0, 0.0, 0.0, 0.0, 0.0, 1.0 ], [ 0.0, 0.0, 1.0, 0.0, -1.0, 0.0, 0.0, 0.0, 0.0, -1.0, 0.0, 0.0, 0.0, 0.0, 0.0, 1.0 ], [ 0.0, 1.0, 0.0, 0.0, 0.0, 0.0, -1.0, 0.0, -1.0, 0.0, 0.0, 0.0, 0.0, 0.0, 0.0, 1.0 ], [ 0.809017, 0.309017, 0.5, 0.0, -0.309017, -0.5, 0.809017, 0.0, 0.5, -0.809017, -0.309017, 0.0, 0.0, 0.0, 0.0, 1.0 ], [ -0.5, 0.809017, 0.309017, 0.0, -0.809017, -0.309017, -0.5, 0.0, -0.309017, -0.5, 0.809017, 0.0, 0.0, 0.0, 0.0, 1.0 ], [ 0.309017, 0.5, -0.809017, 0.0, 0.5, -0.809017, -0.309017, 0.0, -0.809017, -0.309017, -0.5, 0.0, 0.0, 0.0, 0.0, 1.0 ], [ 0.5, 0.809017, 0.309017, 0.0, -0.809017, 0.309017, 0.5, 0.0, 0.309017, -0.5, 0.809017, 0.0, 0.0, 0.0, 0.0, 1.0 ], [ -0.309017, 0.5, -0.809017, 0.0, -0.5, -0.809017, -0.309017, 0.0, -0.809017, 0.309017, 0.5, 0.0, 0.0, 0.0, 0.0, 1.0 ], [ 0.809017, -0.309017, -0.5, 0.0, 0.309017, -0.5, 0.809017, 0.0, -0.5, -0.809017, -0.309017, 0.0, 0.0, 0.0, 0.0, 1.0 ], [ 0.5, 0.809017, -0.309017, 0.0, -0.809017, 0.309017, -0.5, 0.0, -0.309017, 0.5, 0.809017, 0.0, 0.0, 0.0, 0.0, 1.0 ], [ 0.309017, -0.5, -0.809017, 0.0, -0.5, -0.809017, 0.309017, 0.0, -0.809017, 0.309017, -0.5, 0.0, 0.0, 0.0, 0.0, 1.0 ], [ 0.809017, -0.309017, 0.5, 0.0, -0.309017, 0.5, 0.809017, 0.0, -0.5, -0.809017, 0.309017, 0.0, 0.0, 0.0, 0.0, 1.0 ], [ 0.809017, 0.309017, -0.5, 0.0, -0.309017, -0.5, -0.809017, 0.0, -0.5, 0.809017, -0.309017, 0.0, 0.0, 0.0, 0.0, 1.0 ], [ 0.5, -0.809017, 0.309017, 0.0, -0.809017, -0.309017, 0.5, 0.0, -0.309017, -0.5, -0.809017, 0.0, 0.0, 0.0, 0.0, 1.0 ], [ 0.309017, 0.5, 0.809017, 0.0, -0.5, 0.809017, -0.309017, 0.0, -0.809017, -0.309017, 0.5, 0.0, 0.0, 0.0, 0.0, 1.0 ], [ -1.0, 0.0, 0.0, 0.0, 0.0, -1.0, 0.0, 0.0, 0.0, 0.0, 1.0, 0.0, 0.0, 0.0, 0.0, 1.0 ], [ 0.0, 0.0, -1.0, 0.0, -1.0, 0.0, 0.0, 0.0, 0.0, 1.0, 0.0, 0.0, 0.0, 0.0, 0.0, 1.0 ], [ 0.0, -1.0, 0.0, 0.0, 0.0, 0.0, -1.0, 0.0, 1.0, 0.0, 0.0, 0.0, 0.0, 0.0, 0.0, 1.0 ], [ -0.809017, -0.309017, -0.5, 0.0, -0.309017, -0.5, 0.809017, 0.0, -0.5, 0.809017, 0.309017, 0.0, 0.0, 0.0, 0.0, 1.0 ], [ 0.5, -0.809017, -0.309017, 0.0, -0.809017, -0.309017, -0.5, 0.0, 0.309017, 0.5, -0.809017, 0.0, 0.0, 0.0, 0.0, 1.0 ], [ -0.309017, -0.5, 0.809017, 0.0, 0.5, -0.809017, -0.309017, 0.0, 0.809017, 0.309017, 0.5, 0.0, 0.0, 0.0, 0.0, 1.0 ], [ -0.5, -0.809017, -0.309017, 0.0, -0.809017, 0.309017, 0.5, 0.0, -0.309017, 0.5, -0.809017, 0.0, 0.0, 0.0, 0.0, 1.0 ], [ 0.309017, -0.5, 0.809017, 0.0, -0.5, -0.809017, -0.309017, 0.0, 0.809017, -0.309017, -0.5, 0.0, 0.0, 0.0, 0.0, 1.0 ], [ -0.809017, 0.309017, 0.5, 0.0, 0.309017, -0.5, 0.809017, 0.0, 0.5, 0.809017, 0.309017, 0.0, 0.0, 0.0, 0.0, 1.0 ], [ -0.5, -0.809017, 0.309017, 0.0, -0.809017, 0.309017, -0.5, 0.0, 0.309017, -0.5, -0.809017, 0.0, 0.0, 0.0, 0.0, 1.0 ], [ -0.309017, 0.5, 0.809017, 0.0, -0.5, -0.809017, 0.309017, 0.0, 0.809017, -0.309017, 0.5, 0.0, 0.0, 0.0, 0.0, 1.0 ], [ -0.809017, 0.309017, -0.5, 0.0, -0.309017, 0.5, 0.809017, 0.0, 0.5, 0.809017, -0.309017, 0.0, 0.0, 0.0, 0.0, 1.0 ], [ -0.809017, -0.309017, 0.5, 0.0, -0.309017, -0.5, -0.809017, 0.0, 0.5, -0.809017, 0.309017, 0.0, 0.0, 0.0, 0.0, 1.0 ], [ -0.5, 0.809017, -0.309017, 0.0, -0.809017, -0.309017, 0.5, 0.0, 0.309017, 0.5, 0.809017, 0.0, 0.0, 0.0, 0.0, 1.0 ], [ -0.309017, -0.5, -0.809017, 0.0, -0.5, 0.809017, -0.309017, 0.0, 0.809017, 0.309017, -0.5, 0.0, 0.0, 0.0, 0.0, 1.0 ], [ -1.0, 0.0, 0.0, 0.0, 0.0, 1.0, 0.0, 0.0, 0.0, 0.0, -1.0, 0.0, 0.0, 0.0, 0.0, 1.0 ], [ 0.0, 0.0, -1.0, 0.0, 1.0, 0.0, 0.0, 0.0, 0.0, -1.0, 0.0, 0.0, 0.0, 0.0, 0.0, 1.0 ], [ 0.0, -1.0, 0.0, 0.0, 0.0, 0.0, 1.0, 0.0, -1.0, 0.0, 0.0, 0.0, 0.0, 0.0, 0.0, 1.0 ], [ -0.809017, -0.309017, -0.5, 0.0, 0.309017, 0.5, -0.809017, 0.0, 0.5, -0.809017, -0.309017, 0.0, 0.0, 0.0, 0.0, 1.0 ], [ 0.5, -0.809017, -0.309017, 0.0, 0.809017, 0.309017, 0.5, 0.0, -0.309017, -0.5, 0.809017, 0.0, 0.0, 0.0, 0.0, 1.0 ], [ -0.309017, -0.5, 0.809017, 0.0, -0.5, 0.809017, 0.309017, 0.0, -0.809017, -0.309017, -0.5, 0.0, 0.0, 0.0, 0.0, 1.0 ], [ -0.5, -0.809017, -0.309017, 0.0, 0.809017, -0.309017, -0.5, 0.0, 0.309017, -0.5, 0.809017, 0.0, 0.0, 0.0, 0.0, 1.0 ], [ 0.309017, -0.5, 0.809017, 0.0, 0.5, 0.809017, 0.309017, 0.0, -0.809017, 0.309017, 0.5, 0.0, 0.0, 0.0, 0.0, 1.0 ], [ -0.809017, 0.309017, 0.5, 0.0, -0.309017, 0.5, -0.809017, 0.0, -0.5, -0.809017, -0.309017, 0.0, 0.0, 0.0, 0.0, 1.0 ], [ -0.5, -0.809017, 0.309017, 0.0, 0.809017, -0.309017, 0.5, 0.0, -0.309017, 0.5, 0.809017, 0.0, 0.0, 0.0, 0.0, 1.0 ], [ -0.309017, 0.5, 0.809017, 0.0, 0.5, 0.809017, -0.309017, 0.0, -0.809017, 0.309017, -0.5, 0.0, 0.0, 0.0, 0.0, 1.0 ], [ -0.809017, 0.309017, -0.5, 0.0, 0.309017, -0.5, -0.809017, 0.0, -0.5, -0.809017, 0.309017, 0.0, 0.0, 0.0, 0.0, 1.0 ], [ -0.809017, -0.309017, 0.5, 0.0, 0.309017, 0.5, 0.809017, 0.0, -0.5, 0.809017, -0.309017, 0.0, 0.0, 0.0, 0.0, 1.0 ], [ -0.5, 0.809017, -0.309017, 0.0, 0.809017, 0.309017, -0.5, 0.0, -0.309017, -0.5, -0.809017, 0.0, 0.0, 0.0, 0.0, 1.0 ], [ -0.309017, -0.5, -0.809017, 0.0, 0.5, -0.809017, 0.309017, 0.0, -0.809017, -0.309017, 0.5, 0.0, 0.0, 0.0, 0.0, 1.0 ] ],
  "lights" : {
    "directionalLights" : [ {
      "direction" : [ 1.0, -1.0, -1.0 ],
      "color" : "#EBEBE4"
    }, {
      "direction" : [ -1.0, 0.0, 0.0 ],
      "color" : "#E4E4EB"
    }, {
      "direction" : [ 0.0, 0.0, -1.0 ],
      "color" : "#1E1E1E"
    } ],
    "backgroundColor" : "#AFC8DC",
    "ambientColor" : "#292929"
  },
  "camera" : {
    "farClipDistance" : 365.77798,
    "lookAtPoint" : {
      "x" : 0.0,
      "y" : 0.0,
      "z" : 0.0
    },
    "lookDirection" : {
      "x" : 0.8430332,
      "y" : 0.4211506,
      "z" : -0.3345616
    },
    "upDirection" : {
      "x" : -0.17752945,
      "y" : -0.36928463,
      "z" : -0.9122015
    },
    "width" : 82.30006,
    "position" : {
      "x" : -154.1815,
      "y" : -77.02381,
      "z" : 61.187637
    },
    "lookAtPointRV" : {
      "x" : 0.0,
      "y" : 0.0,
      "z" : 0.0,
      "zero" : true
    },
    "viewDistance" : 182.889,
    "fieldOfView" : 0.4426289,
    "lookDirectionRV" : {
      "x" : 0.8430332,
      "y" : 0.4211506,
      "z" : -0.3345616,
      "zero" : false
    },
    "perspective" : false,
    "upDirectionRV" : {
      "x" : -0.17752945,
      "y" : -0.36928463,
      "z" : -0.9122015,
      "zero" : false
    },
    "stereo" : false,
    "nearClipDistance" : 0.45722252
  },
  "embedding" : [ 1.0, 0.0, 0.0, 0.0, 0.0, 1.0, 0.0, 0.0, 0.0, 0.0, 1.0, 0.0, 0.0, 0.0, 0.0, 1.0 ],
  "shapes" : [ {
    "id" : "b27c3c05-dd3f-488d-828a-9122b5835ada",
    "orbit" : "red",
    "orbitC" : "[[-1,1,1],[0,0,1]]",
    "length" : "[1,1,1]",
    "name" : "r3",
    "vertices" : [ {
      "x" : 8.163119,
      "y" : 5.163119,
      "z" : 0.309017
    }, {
      "x" : 9.781153,
      "y" : 5.927051,
      "z" : 0.309017
    }, {
      "x" : 9.59017,
      "y" : 6.236068,
      "z" : 0.19098301
    }, {
      "x" : 0.809017,
      "y" : 0.618034,
      "z" : -0.309017
    }, {
      "x" : 0.690983,
      "y" : 0.809017,
      "z" : 0.0
    }, {
      "x" : 8.045085,
      "y" : 5.354102,
      "z" : 0.0
    }, {
      "x" : 8.163119,
      "y" : 5.163119,
      "z" : -0.309017
    }, {
      "x" : 17.135256,
      "y" : 10.472136,
      "z" : 0.309017
    }, {
      "x" : 8.354102,
      "y" : 4.854102,
      "z" : 0.19098301
    }, {
      "x" : 8.354102,
      "y" : 4.854102,
      "z" : -0.19098301
    }, {
      "x" : 9.899187,
      "y" : 5.736068,
      "z" : 0.0
    }, {
      "x" : 9.781153,
      "y" : 5.927051,
      "z" : -0.309017
    }, {
      "x" : 17.253288,
      "y" : 10.281153,
      "z" : 0.0
    }, {
      "x" : 1.0,
      "y" : 0.309017,
      "z" : 0.19098301
    }, {
      "x" : 1.0,
      "y" : 0.309017,
      "z" : -0.19098301
    }, {
      "x" : 0.809017,
      "y" : 0.618034,
      "z" : 0.309017
    }, {
      "x" : 16.944271,
      "y" : 10.781153,
      "z" : 0.19098301
    }, {
      "x" : 17.135256,
      "y" : 10.472136,
      "z" : -0.309017
    }, {
      "x" : 16.944271,
      "y" : 10.781153,
      "z" : -0.19098301
    }, {
      "x" : 17.944271,
      "y" : 11.09017,
      "z" : 0.0
    }, {
      "x" : 9.59017,
      "y" : 6.236068,
      "z" : -0.19098301
    } ],
    "faces" : [ {
      "vertices" : [ 3, 6, 9, 14 ]
    }, {
      "vertices" : [ 11, 20, 18, 17 ]
    }, {
      "vertices" : [ 0, 1, 2 ]
    }, {
      "vertices" : [ 0, 15, 13, 8 ]
    }, {
      "vertices" : [ 6, 20, 11 ]
    }, {
      "vertices" : [ 0, 2, 5 ]
    }, {
      "vertices" : [ 0, 8, 1 ]
    }, {
      "vertices" : [ 8, 13, 14, 9 ]
    }, {
      "vertices" : [ 3, 4, 5, 6 ]
    }, {
      "vertices" : [ 10, 11, 17, 12 ]
    }, {
      "vertices" : [ 1, 8, 10 ]
    }, {
      "vertices" : [ 0, 5, 4, 15 ]
    }, {
      "vertices" : [ 2, 16, 18, 20 ]
    }, {
      "vertices" : [ 1, 7, 16, 2 ]
    }, {
      "vertices" : [ 6, 11, 9 ]
    }, {
      "vertices" : [ 8, 9, 10 ]
    }, {
      "vertices" : [ 2, 20, 5 ]
    }, {
      "vertices" : [ 9, 11, 10 ]
    }, {
      "vertices" : [ 1, 10, 12, 7 ]
    }, {
      "vertices" : [ 5, 20, 6 ]
    } ]
  }, {
    "id" : "32679536-d71e-473e-bd7d-ee610cb244a9",
    "orbit" : "yellow",
    "orbitC" : "[[0,0,1],[2,-1,1]]",
    "length" : "[1,1,1]",
    "name" : "y3",
    "vertices" : [ {
      "x" : 0.809017,
      "y" : 0.0,
      "z" : -0.690983
    }, {
      "x" : 1.0,
      "y" : 0.309017,
      "z" : -0.19098301
    }, {
      "x" : 8.163119,
      "y" : 0.309017,
      "z" : -2.927051
    }, {
      "x" : 7.972136,
      "y" : 0.0,
      "z" : -3.427051
    }, {
      "x" : 16.944271,
      "y" : 0.309017,
      "z" : -6.663119
    }, {
      "x" : 1.0,
      "y" : -0.309017,
      "z" : -0.19098301
    }, {
      "x" : 8.163119,
      "y" : -0.309017,
      "z" : -2.927051
    }, {
      "x" : 9.781153,
      "y" : 0.309017,
      "z" : -3.927051
    }, {
      "x" : 9.972136,
      "y" : 0.0,
      "z" : -3.427051
    }, {
      "x" : 17.944271,
      "y" : 0.0,
      "z" : -6.854102
    }, {
      "x" : 9.781153,
      "y" : -0.309017,
      "z" : -3.927051
    }, {
      "x" : 17.135256,
      "y" : 0.0,
      "z" : -6.163119
    }, {
      "x" : 16.944271,
      "y" : -0.309017,
      "z" : -6.663119
    } ],
    "faces" : [ {
      "vertices" : [ 2, 6, 8 ]
    }, {
      "vertices" : [ 4, 12, 10, 7 ]
    }, {
      "vertices" : [ 2, 8, 7 ]
    }, {
      "vertices" : [ 3, 10, 6 ]
    }, {
      "vertices" : [ 3, 7, 10 ]
    }, {
      "vertices" : [ 0, 1, 2, 3 ]
    }, {
      "vertices" : [ 6, 10, 8 ]
    }, {
      "vertices" : [ 8, 10, 12, 11 ]
    }, {
      "vertices" : [ 2, 7, 3 ]
    }, {
      "vertices" : [ 0, 3, 6, 5 ]
    }, {
      "vertices" : [ 1, 5, 6, 2 ]
    }, {
      "vertices" : [ 4, 7, 8, 11 ]
    } ]
  }, {
    "id" : "e0f704b7-6dd5-4eb4-bcc7-2e9061fa725a",
    "orbit" : "maroon",
    "orbitC" : "[[5,-3,1],[0,0,1]]",
    "length" : "[1,2,1]",
    "name" : " :1 +2*phi",
    "vertices" : [ {
      "x" : 0.309017,
      "y" : 0.809017,
      "z" : -0.618034
    }, {
      "x" : 0.19098301,
      "y" : 1.0,
      "z" : -0.309017
    }, {
      "x" : 0.5,
      "y" : 2.0,
      "z" : -0.809017
    }, {
      "x" : 0.618034,
      "y" : 1.809017,
      "z" : -1.118034
    }, {
      "x" : 11.09017,
      "y" : 24.798374,
      "z" : -11.09017
    }, {
      "x" : 9.972136,
      "y" : 23.18034,
      "z" : -10.281153
    }, {
      "x" : 1.0,
      "y" : 1.809017,
      "z" : -0.5
    }, {
      "x" : 10.472136,
      "y" : 22.989357,
      "z" : -9.972136
    }, {
      "x" : 10.899187,
      "y" : 23.798374,
      "z" : -10.781153
    }, {
      "x" : 10.59017,
      "y" : 22.798374,
      "z" : -10.281153
    }, {
      "x" : 10.09017,
      "y" : 22.989357,
      "z" : -10.59017
    }, {
      "x" : 10.399187,
      "y" : 23.989357,
      "z" : -11.09017
    }, {
      "x" : 10.781153,
      "y" : 23.989357,
      "z" : -10.472136
    }, {
      "x" : 1.118034,
      "y" : 1.618034,
      "z" : -0.809017
    }, {
      "x" : 0.809017,
      "y" : 0.618034,
      "z" : -0.309017
    }, {
      "x" : 10.281153,
      "y" : 24.18034,
      "z" : -10.781153
    }, {
      "x" : 0.690983,
      "y" : 0.809017,
      "z" : 0.0
    } ],
    "faces" : [ {
      "vertices" : [ 6, 16, 14, 13 ]
    }, {
      "vertices" : [ 6, 13, 9, 7 ]
    }, {
      "vertices" : [ 3, 10, 9, 13 ]
    }, {
      "vertices" : [ 2, 6, 7, 5 ]
    }, {
      "vertices" : [ 2, 5, 10, 3 ]
    }, {
      "vertices" : [ 7, 9, 8, 12 ]
    }, {
      "vertices" : [ 0, 1, 2, 3 ]
    }, {
      "vertices" : [ 8, 9, 10, 11 ]
    }, {
      "vertices" : [ 5, 7, 12, 15 ]
    }, {
      "vertices" : [ 1, 16, 6, 2 ]
    }, {
      "vertices" : [ 5, 15, 11, 10 ]
    }, {
      "vertices" : [ 0, 3, 13, 14 ]
    } ]
  }, {
    "id" : "5346283d-496a-4e4e-bcfd-c16ac3738f80",
    "name" : "ball",
    "vertices" : [ {
      "x" : 0.309017,
      "y" : -0.809017,
      "z" : 0.618034
    }, {
      "x" : 0.809017,
      "y" : -0.618034,
      "z" : 0.309017
    }, {
      "x" : 0.618034,
      "y" : -0.309017,
      "z" : 0.809017
    }, {
      "x" : 1.0,
      "y" : 0.309017,
      "z" : 0.19098301
    }, {
      "x" : 0.809017,
      "y" : 0.618034,
      "z" : 0.309017
    }, {
      "x" : 0.618034,
      "y" : 0.309017,
      "z" : 0.809017
    }, {
      "x" : 0.809017,
      "y" : 0.0,
      "z" : 0.690983
    }, {
      "x" : 0.19098301,
      "y" : -1.0,
      "z" : 0.309017
    }, {
      "x" : -0.19098301,
      "y" : -1.0,
      "z" : 0.309017
    }, {
      "x" : -0.19098301,
      "y" : -1.0,
      "z" : -0.309017
    }, {
      "x" : 0.19098301,
      "y" : -1.0,
      "z" : -0.309017
    }, {
      "x" : 1.0,
      "y" : -0.309017,
      "z" : -0.19098301
    }, {
      "x" : 0.809017,
      "y" : -0.618034,
      "z" : -0.309017
    }, {
      "x" : 0.618034,
      "y" : -0.309017,
      "z" : -0.809017
    }, {
      "x" : 0.809017,
      "y" : 0.0,
      "z" : -0.690983
    }, {
      "x" : 0.0,
      "y" : 0.690983,
      "z" : -0.809017
    }, {
      "x" : 0.309017,
      "y" : 0.809017,
      "z" : -0.618034
    }, {
      "x" : 0.618034,
      "y" : 0.309017,
      "z" : -0.809017
    }, {
      "x" : 0.309017,
      "y" : 0.19098301,
      "z" : -1.0
    }, {
      "x" : 1.0,
      "y" : 0.309017,
      "z" : -0.19098301
    }, {
      "x" : -0.309017,
      "y" : -0.809017,
      "z" : 0.618034
    }, {
      "x" : 0.0,
      "y" : -0.690983,
      "z" : 0.809017
    }, {
      "x" : 0.809017,
      "y" : 0.618034,
      "z" : -0.309017
    }, {
      "x" : 0.690983,
      "y" : 0.809017,
      "z" : 0.0
    }, {
      "x" : -0.690983,
      "y" : 0.809017,
      "z" : 0.0
    }, {
      "x" : -0.809017,
      "y" : 0.618034,
      "z" : 0.309017
    }, {
      "x" : -0.309017,
      "y" : 0.809017,
      "z" : 0.618034
    }, {
      "x" : -0.19098301,
      "y" : 1.0,
      "z" : 0.309017
    }, {
      "x" : 0.309017,
      "y" : -0.19098301,
      "z" : -1.0
    }, {
      "x" : 0.19098301,
      "y" : 1.0,
      "z" : 0.309017
    }, {
      "x" : 0.309017,
      "y" : 0.809017,
      "z" : 0.618034
    }, {
      "x" : -0.809017,
      "y" : -0.618034,
      "z" : 0.309017
    }, {
      "x" : -0.690983,
      "y" : -0.809017,
      "z" : 0.0
    }, {
      "x" : 0.0,
      "y" : 0.690983,
      "z" : 0.809017
    }, {
      "x" : 0.309017,
      "y" : -0.809017,
      "z" : -0.618034
    }, {
      "x" : 0.0,
      "y" : -0.690983,
      "z" : -0.809017
    }, {
      "x" : -1.0,
      "y" : 0.309017,
      "z" : 0.19098301
    }, {
      "x" : -0.809017,
      "y" : 0.0,
      "z" : 0.690983
    }, {
      "x" : -0.618034,
      "y" : 0.309017,
      "z" : 0.809017
    }, {
      "x" : 1.0,
      "y" : -0.309017,
      "z" : 0.19098301
    }, {
      "x" : -0.309017,
      "y" : -0.809017,
      "z" : -0.618034
    }, {
      "x" : -1.0,
      "y" : 0.309017,
      "z" : -0.19098301
    }, {
      "x" : -1.0,
      "y" : -0.309017,
      "z" : -0.19098301
    }, {
      "x" : -1.0,
      "y" : -0.309017,
      "z" : 0.19098301
    }, {
      "x" : 0.19098301,
      "y" : 1.0,
      "z" : -0.309017
    }, {
      "x" : -0.809017,
      "y" : 0.618034,
      "z" : -0.309017
    }, {
      "x" : -0.19098301,
      "y" : 1.0,
      "z" : -0.309017
    }, {
      "x" : -0.309017,
      "y" : 0.809017,
      "z" : -0.618034
    }, {
      "x" : -0.618034,
      "y" : -0.309017,
      "z" : 0.809017
    }, {
      "x" : 0.309017,
      "y" : 0.19098301,
      "z" : 1.0
    }, {
      "x" : -0.309017,
      "y" : 0.19098301,
      "z" : -1.0
    }, {
      "x" : -0.309017,
      "y" : 0.19098301,
      "z" : 1.0
    }, {
      "x" : -0.309017,
      "y" : -0.19098301,
      "z" : 1.0
    }, {
      "x" : 0.309017,
      "y" : -0.19098301,
      "z" : 1.0
    }, {
      "x" : 0.690983,
      "y" : -0.809017,
      "z" : 0.0
    }, {
      "x" : -0.809017,
      "y" : 0.0,
      "z" : -0.690983
    }, {
      "x" : -0.618034,
      "y" : -0.309017,
      "z" : -0.809017
    }, {
      "x" : -0.309017,
      "y" : -0.19098301,
      "z" : -1.0
    }, {
      "x" : -0.618034,
      "y" : 0.309017,
      "z" : -0.809017
    }, {
      "x" : -0.809017,
      "y" : -0.618034,
      "z" : -0.309017
    } ],
    "faces" : [ {
      "vertices" : [ 9, 40, 35, 34, 10 ]
    }, {
      "vertices" : [ 0, 1, 2 ]
    }, {
      "vertices" : [ 33, 51, 49 ]
    }, {
      "vertices" : [ 25, 36, 37, 38 ]
    }, {
      "vertices" : [ 41, 55, 42 ]
    }, {
      "vertices" : [ 9, 32, 59, 40 ]
    }, {
      "vertices" : [ 20, 21, 52, 48 ]
    }, {
      "vertices" : [ 26, 33, 30, 29, 27 ]
    }, {
      "vertices" : [ 3, 4, 5, 6 ]
    }, {
      "vertices" : [ 27, 29, 44, 46 ]
    }, {
      "vertices" : [ 50, 57, 56, 55, 58 ]
    }, {
      "vertices" : [ 26, 38, 51, 33 ]
    }, {
      "vertices" : [ 45, 47, 58 ]
    }, {
      "vertices" : [ 18, 28, 57, 50 ]
    }, {
      "vertices" : [ 40, 59, 56 ]
    }, {
      "vertices" : [ 31, 48, 37, 43 ]
    }, {
      "vertices" : [ 7, 8, 9, 10 ]
    }, {
      "vertices" : [ 36, 41, 42, 43 ]
    }, {
      "vertices" : [ 24, 46, 47, 45 ]
    }, {
      "vertices" : [ 4, 30, 5 ]
    }, {
      "vertices" : [ 15, 47, 46, 44, 16 ]
    }, {
      "vertices" : [ 15, 50, 58, 47 ]
    }, {
      "vertices" : [ 24, 45, 41, 36, 25 ]
    }, {
      "vertices" : [ 11, 14, 19 ]
    }, {
      "vertices" : [ 3, 6, 39 ]
    }, {
      "vertices" : [ 1, 39, 6, 2 ]
    }, {
      "vertices" : [ 8, 32, 9 ]
    }, {
      "vertices" : [ 11, 12, 13, 14 ]
    }, {
      "vertices" : [ 16, 22, 17 ]
    }, {
      "vertices" : [ 0, 21, 20, 8, 7 ]
    }, {
      "vertices" : [ 12, 34, 13 ]
    }, {
      "vertices" : [ 35, 40, 56, 57 ]
    }, {
      "vertices" : [ 0, 7, 54, 1 ]
    }, {
      "vertices" : [ 15, 16, 17, 18 ]
    }, {
      "vertices" : [ 3, 19, 22, 23, 4 ]
    }, {
      "vertices" : [ 7, 10, 54 ]
    }, {
      "vertices" : [ 41, 45, 58, 55 ]
    }, {
      "vertices" : [ 3, 39, 11, 19 ]
    }, {
      "vertices" : [ 14, 17, 22, 19 ]
    }, {
      "vertices" : [ 0, 2, 53, 21 ]
    }, {
      "vertices" : [ 49, 51, 52, 53 ]
    }, {
      "vertices" : [ 31, 43, 42, 59, 32 ]
    }, {
      "vertices" : [ 15, 18, 50 ]
    }, {
      "vertices" : [ 42, 55, 56, 59 ]
    }, {
      "vertices" : [ 4, 23, 29, 30 ]
    }, {
      "vertices" : [ 25, 38, 26 ]
    }, {
      "vertices" : [ 13, 28, 18, 17, 14 ]
    }, {
      "vertices" : [ 8, 20, 31, 32 ]
    }, {
      "vertices" : [ 23, 44, 29 ]
    }, {
      "vertices" : [ 24, 27, 46 ]
    }, {
      "vertices" : [ 37, 48, 52, 51, 38 ]
    }, {
      "vertices" : [ 20, 48, 31 ]
    }, {
      "vertices" : [ 24, 25, 26, 27 ]
    }, {
      "vertices" : [ 16, 44, 23, 22 ]
    }, {
      "vertices" : [ 13, 34, 35, 28 ]
    }, {
      "vertices" : [ 10, 34, 12, 54 ]
    }, {
      "vertices" : [ 2, 6, 5, 49, 53 ]
    }, {
      "vertices" : [ 36, 43, 37 ]
    }, {
      "vertices" : [ 5, 30, 33, 49 ]
    }, {
      "vertices" : [ 1, 54, 12, 11, 39 ]
    }, {
      "vertices" : [ 28, 35, 57 ]
    }, {
      "vertices" : [ 21, 53, 52 ]
    } ]
  }, {
    "id" : "608ac034-b96e-47b6-9031-a9ef0dc4ee0b",
    "orbit" : "lavender",
    "orbitC" : "[[-3,2,1],[-3,2,1]]",
    "length" : "[1,2,1]",
    "name" : " :1 +2*phi",
    "vertices" : [ {
      "x" : 6.236068,
      "y" : 27.225426,
      "z" : 6.118034
    }, {
      "x" : 6.736068,
      "y" : 27.034441,
      "z" : 6.427051
    }, {
      "x" : 0.73606795,
      "y" : 1.618034,
      "z" : 0.42705098
    }, {
      "x" : 0.23606798,
      "y" : 1.809017,
      "z" : 0.11803399
    }, {
      "x" : 6.118034,
      "y" : 27.416409,
      "z" : 6.427051
    }, {
      "x" : 6.618034,
      "y" : 27.225426,
      "z" : 6.736068
    }, {
      "x" : 6.663119,
      "y" : 28.034441,
      "z" : 7.163119
    }, {
      "x" : 6.163119,
      "y" : 28.225426,
      "z" : 6.854102
    }, {
      "x" : 0.11803399,
      "y" : 2.0,
      "z" : 0.42705098
    }, {
      "x" : 0.618034,
      "y" : 1.809017,
      "z" : 0.73606795
    }, {
      "x" : 0.690983,
      "y" : 0.809017,
      "z" : 0.0
    }, {
      "x" : 0.19098301,
      "y" : 1.0,
      "z" : -0.309017
    }, {
      "x" : 0.19098301,
      "y" : 1.0,
      "z" : 0.309017
    }, {
      "x" : 6.663119,
      "y" : 28.034441,
      "z" : 6.545085
    }, {
      "x" : 6.854102,
      "y" : 29.034441,
      "z" : 6.854102
    } ],
    "faces" : [ {
      "vertices" : [ 0, 1, 2, 3 ]
    }, {
      "vertices" : [ 0, 4, 7 ]
    }, {
      "vertices" : [ 1, 6, 5 ]
    }, {
      "vertices" : [ 0, 13, 1 ]
    }, {
      "vertices" : [ 0, 3, 8, 4 ]
    }, {
      "vertices" : [ 1, 5, 9, 2 ]
    }, {
      "vertices" : [ 1, 13, 6 ]
    }, {
      "vertices" : [ 0, 7, 13 ]
    }, {
      "vertices" : [ 2, 9, 10 ]
    }, {
      "vertices" : [ 4, 5, 6, 7 ]
    }, {
      "vertices" : [ 3, 11, 8 ]
    }, {
      "vertices" : [ 4, 8, 9, 5 ]
    }, {
      "vertices" : [ 2, 10, 11, 3 ]
    }, {
      "vertices" : [ 8, 12, 9 ]
    }, {
      "vertices" : [ 8, 11, 12 ]
    }, {
      "vertices" : [ 9, 12, 10 ]
    } ]
  }, {
    "id" : "2fe85768-32b0-43cb-ac8e-675d37852b1f",
    "orbit" : "olive",
    "orbitC" : "[[3,-1,5],[0,0,1]]",
    "length" : "[1,1,1]",
    "name" : "long",
    "vertices" : [ {
      "x" : 1.118034,
      "y" : 1.309017,
      "z" : 0.618034
    }, {
      "x" : 1.618034,
      "y" : 1.118034,
      "z" : 0.309017
    }, {
      "x" : 16.944271,
      "y" : 16.444271,
      "z" : 3.927051
    }, {
      "x" : 16.444271,
      "y" : 16.635256,
      "z" : 4.236068
    }, {
      "x" : 1.0,
      "y" : 1.5,
      "z" : 0.309017
    }, {
      "x" : 0.809017,
      "y" : 0.618034,
      "z" : -0.309017
    }, {
      "x" : 0.690983,
      "y" : 0.809017,
      "z" : 0.0
    }, {
      "x" : 16.826239,
      "y" : 16.635256,
      "z" : 3.618034
    }, {
      "x" : 1.5,
      "y" : 1.309017,
      "z" : 0.0
    }, {
      "x" : 16.326239,
      "y" : 16.826239,
      "z" : 3.927051
    }, {
      "x" : 0.809017,
      "y" : 0.618034,
      "z" : 0.309017
    }, {
      "x" : 1.0,
      "y" : 0.309017,
      "z" : 0.19098301
    }, {
      "x" : 1.0,
      "y" : 0.309017,
      "z" : -0.19098301
    }, {
      "x" : 17.135256,
      "y" : 17.326239,
      "z" : 3.927051
    }, {
      "x" : 17.135256,
      "y" : 17.326239,
      "z" : 4.545085
    }, {
      "x" : 16.944271,
      "y" : 17.635256,
      "z" : 4.045085
    }, {
      "x" : 16.944271,
      "y" : 17.635256,
      "z" : 4.427051
    }, {
      "x" : 17.253288,
      "y" : 17.135256,
      "z" : 4.236068
    }, {
      "x" : 17.944271,
      "y" : 17.944271,
      "z" : 4.236068
    } ],
    "faces" : [ {
      "vertices" : [ 3, 14, 16 ]
    }, {
      "vertices" : [ 2, 17, 14 ]
    }, {
      "vertices" : [ 7, 15, 13 ]
    }, {
      "vertices" : [ 0, 1, 2, 3 ]
    }, {
      "vertices" : [ 2, 7, 13, 17 ]
    }, {
      "vertices" : [ 9, 16, 15 ]
    }, {
      "vertices" : [ 0, 11, 1 ]
    }, {
      "vertices" : [ 4, 5, 6 ]
    }, {
      "vertices" : [ 0, 3, 9, 4 ]
    }, {
      "vertices" : [ 4, 8, 5 ]
    }, {
      "vertices" : [ 1, 8, 7, 2 ]
    }, {
      "vertices" : [ 2, 14, 3 ]
    }, {
      "vertices" : [ 0, 4, 6, 10 ]
    }, {
      "vertices" : [ 0, 10, 11 ]
    }, {
      "vertices" : [ 1, 12, 8 ]
    }, {
      "vertices" : [ 1, 11, 12 ]
    }, {
      "vertices" : [ 5, 8, 12 ]
    }, {
      "vertices" : [ 4, 9, 7, 8 ]
    }, {
      "vertices" : [ 3, 16, 9 ]
    }, {
      "vertices" : [ 7, 9, 15 ]
    } ]
  }, {
    "id" : "211b700c-a74f-40df-95ff-5c6ad4131e82",
    "orbit" : "blue",
    "orbitC" : "[[0,0,1],[0,0,1]]",
    "length" : "[1,1,1]",
    "name" : "b3",
    "vertices" : [ {
      "x" : 21.18034,
      "y" : 0.309017,
      "z" : 0.19098301
    }, {
      "x" : 21.18034,
      "y" : 0.309017,
      "z" : -0.19098301
    }, {
      "x" : 1.0,
      "y" : 0.309017,
      "z" : -0.19098301
    }, {
      "x" : 1.0,
      "y" : 0.309017,
      "z" : 0.19098301
    }, {
      "x" : 21.18034,
      "y" : -0.309017,
      "z" : 0.19098301
    }, {
      "x" : 1.0,
      "y" : -0.309017,
      "z" : 0.19098301
    }, {
      "x" : 1.0,
      "y" : -0.309017,
      "z" : -0.19098301
    }, {
      "x" : 21.18034,
      "y" : -0.309017,
      "z" : -0.19098301
    }, {
      "x" : 22.18034,
      "y" : 0.0,
      "z" : 0.0
    } ],
    "faces" : [ {
      "vertices" : [ 1, 7, 6, 2 ]
    }, {
      "vertices" : [ 0, 1, 2, 3 ]
    }, {
      "vertices" : [ 4, 5, 6, 7 ]
    }, {
      "vertices" : [ 0, 3, 5, 4 ]
    } ]
  }, {
    "id" : "ea6885ef-b9b5-448a-8b81-b38710c06bed",
    "orbit" : "red",
    "orbitC" : "[[-1,1,1],[0,0,1]]",
    "length" : "[0,1,1]",
    "name" : "r2",
    "vertices" : [ {
      "x" : 4.736068,
      "y" : 3.045085,
      "z" : 0.309017
    }, {
      "x" : 6.354102,
      "y" : 3.809017,
      "z" : 0.309017
    }, {
      "x" : 6.163119,
      "y" : 4.118034,
      "z" : 0.19098301
    }, {
      "x" : 0.809017,
      "y" : 0.618034,
      "z" : -0.309017
    }, {
      "x" : 0.690983,
      "y" : 0.809017,
      "z" : 0.0
    }, {
      "x" : 4.618034,
      "y" : 3.236068,
      "z" : 0.0
    }, {
      "x" : 4.736068,
      "y" : 3.045085,
      "z" : -0.309017
    }, {
      "x" : 10.281153,
      "y" : 6.236068,
      "z" : 0.309017
    }, {
      "x" : 4.927051,
      "y" : 2.736068,
      "z" : 0.19098301
    }, {
      "x" : 4.927051,
      "y" : 2.736068,
      "z" : -0.19098301
    }, {
      "x" : 6.472136,
      "y" : 3.618034,
      "z" : 0.0
    }, {
      "x" : 6.354102,
      "y" : 3.809017,
      "z" : -0.309017
    }, {
      "x" : 10.399187,
      "y" : 6.045085,
      "z" : 0.0
    }, {
      "x" : 1.0,
      "y" : 0.309017,
      "z" : 0.19098301
    }, {
      "x" : 1.0,
      "y" : 0.309017,
      "z" : -0.19098301
    }, {
      "x" : 0.809017,
      "y" : 0.618034,
      "z" : 0.309017
    }, {
      "x" : 10.09017,
      "y" : 6.545085,
      "z" : 0.19098301
    }, {
      "x" : 10.281153,
      "y" : 6.236068,
      "z" : -0.309017
    }, {
      "x" : 10.09017,
      "y" : 6.545085,
      "z" : -0.19098301
    }, {
      "x" : 11.09017,
      "y" : 6.854102,
      "z" : 0.0
    }, {
      "x" : 6.163119,
      "y" : 4.118034,
      "z" : -0.19098301
    } ],
    "faces" : [ {
      "vertices" : [ 3, 6, 9, 14 ]
    }, {
      "vertices" : [ 11, 20, 18, 17 ]
    }, {
      "vertices" : [ 0, 1, 2 ]
    }, {
      "vertices" : [ 0, 15, 13, 8 ]
    }, {
      "vertices" : [ 6, 20, 11 ]
    }, {
      "vertices" : [ 0, 2, 5 ]
    }, {
      "vertices" : [ 0, 8, 1 ]
    }, {
      "vertices" : [ 8, 13, 14, 9 ]
    }, {
      "vertices" : [ 3, 4, 5, 6 ]
    }, {
      "vertices" : [ 10, 11, 17, 12 ]
    }, {
      "vertices" : [ 1, 8, 10 ]
    }, {
      "vertices" : [ 0, 5, 4, 15 ]
    }, {
      "vertices" : [ 2, 16, 18, 20 ]
    }, {
      "vertices" : [ 1, 7, 16, 2 ]
    }, {
      "vertices" : [ 6, 11, 9 ]
    }, {
      "vertices" : [ 8, 9, 10 ]
    }, {
      "vertices" : [ 2, 20, 5 ]
    }, {
      "vertices" : [ 9, 11, 10 ]
    }, {
      "vertices" : [ 1, 10, 12, 7 ]
    }, {
      "vertices" : [ 5, 20, 6 ]
    } ]
  }, {
    "id" : "a4d9f8a4-11e0-418b-818e-317eabe69fcc",
    "orbit" : "yellow",
    "orbitC" : "[[0,0,1],[2,-1,1]]",
    "length" : "[0,1,1]",
    "name" : "y2",
    "vertices" : [ {
      "x" : 0.809017,
      "y" : 0.0,
      "z" : -0.690983
    }, {
      "x" : 1.0,
      "y" : 0.309017,
      "z" : -0.19098301
    }, {
      "x" : 4.736068,
      "y" : 0.309017,
      "z" : -1.618034
    }, {
      "x" : 4.545085,
      "y" : 0.0,
      "z" : -2.118034
    }, {
      "x" : 10.09017,
      "y" : 0.309017,
      "z" : -4.045085
    }, {
      "x" : 1.0,
      "y" : -0.309017,
      "z" : -0.19098301
    }, {
      "x" : 4.736068,
      "y" : -0.309017,
      "z" : -1.618034
    }, {
      "x" : 6.354102,
      "y" : 0.309017,
      "z" : -2.618034
    }, {
      "x" : 6.545085,
      "y" : 0.0,
      "z" : -2.118034
    }, {
      "x" : 11.09017,
      "y" : 0.0,
      "z" : -4.236068
    }, {
      "x" : 6.354102,
      "y" : -0.309017,
      "z" : -2.618034
    }, {
      "x" : 10.281153,
      "y" : 0.0,
      "z" : -3.545085
    }, {
      "x" : 10.09017,
      "y" : -0.309017,
      "z" : -4.045085
    } ],
    "faces" : [ {
      "vertices" : [ 2, 6, 8 ]
    }, {
      "vertices" : [ 4, 12, 10, 7 ]
    }, {
      "vertices" : [ 2, 8, 7 ]
    }, {
      "vertices" : [ 3, 10, 6 ]
    }, {
      "vertices" : [ 3, 7, 10 ]
    }, {
      "vertices" : [ 0, 1, 2, 3 ]
    }, {
      "vertices" : [ 6, 10, 8 ]
    }, {
      "vertices" : [ 8, 10, 12, 11 ]
    }, {
      "vertices" : [ 2, 7, 3 ]
    }, {
      "vertices" : [ 0, 3, 6, 5 ]
    }, {
      "vertices" : [ 1, 5, 6, 2 ]
    }, {
      "vertices" : [ 4, 7, 8, 11 ]
    } ]
  } ],
  "instances" : [ {
    "shape" : "b27c3c05-dd3f-488d-828a-9122b5835ada",
    "color" : "#AF0000",
    "position" : {
      "x" : 6.854102,
      "y" : 11.09017,
      "z" : 17.944271
    },
    "orientation" : 30
  }, {
    "shape" : "32679536-d71e-473e-bd7d-ee610cb244a9",
    "color" : "#F0A000",
    "position" : {
      "x" : 11.09017,
      "y" : -6.854102,
      "z" : 0.0
    },
    "orientation" : 39
  }, {
    "shape" : "e0f704b7-6dd5-4eb4-bcc7-2e9061fa725a",
    "color" : "#750032",
    "position" : {
      "x" : 6.854102,
      "y" : 17.944271,
      "z" : 0.0
    },
    "orientation" : 47
  }, {
    "shape" : "32679536-d71e-473e-bd7d-ee610cb244a9",
    "color" : "#F0A000",
    "position" : {
      "x" : -11.09017,
      "y" : 6.854102,
      "z" : 0.0
    },
    "orientation" : 2
  }, {
    "shape" : "5346283d-496a-4e4e-bcfd-c16ac3738f80",
    "color" : "#F2F2F2",
    "position" : {
      "x" : 0.0,
      "y" : 0.0,
      "z" : 0.0
    }
  }, {
    "shape" : "32679536-d71e-473e-bd7d-ee610cb244a9",
    "color" : "#F0A000",
    "position" : {
      "x" : 0.0,
      "y" : 0.0,
      "z" : 0.0
    },
    "orientation" : 2
  }, {
    "shape" : "5346283d-496a-4e4e-bcfd-c16ac3738f80",
    "color" : "#F2F2F2",
    "position" : {
      "x" : 0.0,
      "y" : 11.09017,
      "z" : 6.854102
    }
  }, {
    "shape" : "32679536-d71e-473e-bd7d-ee610cb244a9",
    "color" : "#F0A000",
    "position" : {
      "x" : 17.944271,
      "y" : 0.0,
      "z" : -6.854102
    },
    "orientation" : 2
  }, {
    "shape" : "b27c3c05-dd3f-488d-828a-9122b5835ada",
    "color" : "#AF0000",
    "position" : {
      "x" : 0.0,
      "y" : 0.0,
      "z" : 0.0
    },
    "orientation" : 46
  }, {
    "shape" : "608ac034-b96e-47b6-9031-a9ef0dc4ee0b",
    "color" : "#AF87FF",
    "position" : {
      "x" : -17.944271,
      "y" : 0.0,
      "z" : 6.854102
    },
    "orientation" : 17
  }, {
    "shape" : "2fe85768-32b0-43cb-ac8e-675d37852b1f",
    "color" : "#647100",
    "position" : {
      "x" : -17.944271,
      "y" : 6.854102,
      "z" : -11.09017
    },
    "orientation" : 2
  }, {
    "shape" : "211b700c-a74f-40df-95ff-5c6ad4131e82",
    "color" : "#007695",
    "position" : {
      "x" : 0.0,
      "y" : 0.0,
      "z" : 0.0
    },
    "orientation" : 8
  }, {
    "shape" : "2fe85768-32b0-43cb-ac8e-675d37852b1f",
    "color" : "#647100",
    "position" : {
      "x" : 0.0,
      "y" : 6.854102,
      "z" : -17.944271
    },
    "orientation" : 2
  }, {
    "shape" : "211b700c-a74f-40df-95ff-5c6ad4131e82",
    "color" : "#007695",
    "position" : {
      "x" : -6.854102,
      "y" : -11.09017,
      "z" : -17.944271
    },
    "orientation" : 51
  }, {
    "shape" : "32679536-d71e-473e-bd7d-ee610cb244a9",
    "color" : "#F0A000",
    "position" : {
      "x" : 0.0,
      "y" : -17.944271,
      "z" : 11.09017
    },
    "orientation" : 6
  }, {
    "shape" : "b27c3c05-dd3f-488d-828a-9122b5835ada",
    "color" : "#AF0000",
    "position" : {
      "x" : 0.0,
      "y" : 11.09017,
      "z" : 6.854102
    },
    "orientation" : 31
  }, {
    "shape" : "32679536-d71e-473e-bd7d-ee610cb244a9",
    "color" : "#F0A000",
    "position" : {
      "x" : 0.0,
      "y" : 0.0,
      "z" : 0.0
    },
    "orientation" : 17
  }, {
    "shape" : "5346283d-496a-4e4e-bcfd-c16ac3738f80",
    "color" : "#F2F2F2",
    "position" : {
      "x" : -6.854102,
      "y" : 0.0,
      "z" : -11.09017
    }
  }, {
    "shape" : "e0f704b7-6dd5-4eb4-bcc7-2e9061fa725a",
    "color" : "#750032",
    "position" : {
      "x" : 6.854102,
      "y" : 0.0,
      "z" : 11.09017
    },
    "orientation" : 47
  }, {
    "shape" : "211b700c-a74f-40df-95ff-5c6ad4131e82",
    "color" : "#007695",
    "position" : {
      "x" : 17.944271,
      "y" : 0.0,
      "z" : -6.854102
    },
    "orientation" : 56
  }, {
    "shape" : "b27c3c05-dd3f-488d-828a-9122b5835ada",
    "color" : "#AF0000",
    "position" : {
      "x" : -6.854102,
      "y" : -11.09017,
      "z" : -17.944271
    },
    "orientation" : 0
  }, {
    "shape" : "b27c3c05-dd3f-488d-828a-9122b5835ada",
    "color" : "#AF0000",
    "position" : {
      "x" : 0.0,
      "y" : 17.944271,
      "z" : -11.09017
    },
    "orientation" : 30
  }, {
    "shape" : "ea6885ef-b9b5-448a-8b81-b38710c06bed",
    "color" : "#AF0000",
    "position" : {
      "x" : 17.944271,
      "y" : 0.0,
      "z" : -6.854102
    },
    "orientation" : 1
  }, {
    "shape" : "e0f704b7-6dd5-4eb4-bcc7-2e9061fa725a",
    "color" : "#750032",
    "position" : {
      "x" : -11.09017,
      "y" : 17.944271,
      "z" : 6.854102
    },
    "orientation" : 15
  }, {
    "shape" : "2fe85768-32b0-43cb-ac8e-675d37852b1f",
    "color" : "#647100",
    "position" : {
      "x" : -17.944271,
      "y" : 0.0,
      "z" : 6.854102
    },
    "orientation" : 27
  }, {
    "shape" : "211b700c-a74f-40df-95ff-5c6ad4131e82",
    "color" : "#007695",
    "position" : {
      "x" : 0.0,
      "y" : 17.944271,
      "z" : -11.09017
    },
    "orientation" : 8
  }, {
    "shape" : "b27c3c05-dd3f-488d-828a-9122b5835ada",
    "color" : "#AF0000",
    "position" : {
      "x" : 17.944271,
      "y" : 11.09017,
      "z" : 0.0
    },
    "orientation" : 31
  }, {
    "shape" : "211b700c-a74f-40df-95ff-5c6ad4131e82",
    "color" : "#007695",
    "position" : {
      "x" : 0.0,
      "y" : -17.944271,
      "z" : 11.09017
    },
    "orientation" : 56
  }, {
    "shape" : "a4d9f8a4-11e0-418b-818e-317eabe69fcc",
    "color" : "#F0A000",
    "position" : {
      "x" : -17.944271,
      "y" : 0.0,
      "z" : 6.854102
    },
    "orientation" : 3
  }, {
    "shape" : "a4d9f8a4-11e0-418b-818e-317eabe69fcc",
    "color" : "#F0A000",
    "position" : {
      "x" : -6.854102,
      "y" : -17.944271,
      "z" : 0.0
    },
    "orientation" : 3
  }, {
    "shape" : "b27c3c05-dd3f-488d-828a-9122b5835ada",
    "color" : "#AF0000",
    "position" : {
      "x" : 11.09017,
      "y" : -6.854102,
      "z" : 0.0
    },
    "orientation" : 30
  }, {
    "shape" : "211b700c-a74f-40df-95ff-5c6ad4131e82",
    "color" : "#007695",
    "position" : {
      "x" : 17.944271,
      "y" : 0.0,
      "z" : -6.854102
    },
    "orientation" : 51
  }, {
    "shape" : "211b700c-a74f-40df-95ff-5c6ad4131e82",
    "color" : "#007695",
    "position" : {
      "x" : 0.0,
      "y" : 0.0,
      "z" : 0.0
    },
    "orientation" : 22
  }, {
    "shape" : "b27c3c05-dd3f-488d-828a-9122b5835ada",
    "color" : "#AF0000",
    "position" : {
      "x" : -6.854102,
      "y" : -11.09017,
      "z" : -17.944271
    },
    "orientation" : 32
  }, {
    "shape" : "5346283d-496a-4e4e-bcfd-c16ac3738f80",
    "color" : "#F2F2F2",
    "position" : {
      "x" : -17.944271,
      "y" : 6.854102,
      "z" : -11.09017
    }
  }, {
    "shape" : "e0f704b7-6dd5-4eb4-bcc7-2e9061fa725a",
    "color" : "#750032",
