{
  "polygons" : "true",
  "field" : "golden",
  "symmetry" : "icosahedral",
  "orientations" : [ [ 1.0, 0.0, 0.0, 0.0, 0.0, 1.0, 0.0, 0.0, 0.0, 0.0, 1.0, 0.0, 0.0, 0.0, 0.0, 1.0 ], [ 0.0, 0.0, 1.0, 0.0, 1.0, 0.0, 0.0, 0.0, 0.0, 1.0, 0.0, 0.0, 0.0, 0.0, 0.0, 1.0 ], [ 0.0, 1.0, 0.0, 0.0, 0.0, 0.0, 1.0, 0.0, 1.0, 0.0, 0.0, 0.0, 0.0, 0.0, 0.0, 1.0 ], [ 0.809017, 0.309017, 0.5, 0.0, 0.309017, 0.5, -0.809017, 0.0, -0.5, 0.809017, 0.309017, 0.0, 0.0, 0.0, 0.0, 1.0 ], [ -0.5, 0.809017, 0.309017, 0.0, 0.809017, 0.309017, 0.5, 0.0, 0.309017, 0.5, -0.809017, 0.0, 0.0, 0.0, 0.0, 1.0 ], [ 0.309017, 0.5, -0.809017, 0.0, -0.5, 0.809017, 0.309017, 0.0, 0.809017, 0.309017, 0.5, 0.0, 0.0, 0.0, 0.0, 1.0 ], [ 0.5, 0.809017, 0.309017, 0.0, 0.809017, -0.309017, -0.5, 0.0, -0.309017, 0.5, -0.809017, 0.0, 0.0, 0.0, 0.0, 1.0 ], [ -0.309017, 0.5, -0.809017, 0.0, 0.5, 0.809017, 0.309017, 0.0, 0.809017, -0.309017, -0.5, 0.0, 0.0, 0.0, 0.0, 1.0 ], [ 0.809017, -0.309017, -0.5, 0.0, -0.309017, 0.5, -0.809017, 0.0, 0.5, 0.809017, 0.309017, 0.0, 0.0, 0.0, 0.0, 1.0 ], [ 0.5, 0.809017, -0.309017, 0.0, 0.809017, -0.309017, 0.5, 0.0, 0.309017, -0.5, -0.809017, 0.0, 0.0, 0.0, 0.0, 1.0 ], [ 0.309017, -0.5, -0.809017, 0.0, 0.5, 0.809017, -0.309017, 0.0, 0.809017, -0.309017, 0.5, 0.0, 0.0, 0.0, 0.0, 1.0 ], [ 0.809017, -0.309017, 0.5, 0.0, 0.309017, -0.5, -0.809017, 0.0, 0.5, 0.809017, -0.309017, 0.0, 0.0, 0.0, 0.0, 1.0 ], [ 0.809017, 0.309017, -0.5, 0.0, 0.309017, 0.5, 0.809017, 0.0, 0.5, -0.809017, 0.309017, 0.0, 0.0, 0.0, 0.0, 1.0 ], [ 0.5, -0.809017, 0.309017, 0.0, 0.809017, 0.309017, -0.5, 0.0, 0.309017, 0.5, 0.809017, 0.0, 0.0, 0.0, 0.0, 1.0 ], [ 0.309017, 0.5, 0.809017, 0.0, 0.5, -0.809017, 0.309017, 0.0, 0.809017, 0.309017, -0.5, 0.0, 0.0, 0.0, 0.0, 1.0 ], [ 1.0, 0.0, 0.0, 0.0, 0.0, -1.0, 0.0, 0.0, 0.0, 0.0, -1.0, 0.0, 0.0, 0.0, 0.0, 1.0 ], [ 0.0, 0.0, 1.0, 0.0, -1.0, 0.0, 0.0, 0.0, 0.0, -1.0, 0.0, 0.0, 0.0, 0.0, 0.0, 1.0 ], [ 0.0, 1.0, 0.0, 0.0, 0.0, 0.0, -1.0, 0.0, -1.0, 0.0, 0.0, 0.0, 0.0, 0.0, 0.0, 1.0 ], [ 0.809017, 0.309017, 0.5, 0.0, -0.309017, -0.5, 0.809017, 0.0, 0.5, -0.809017, -0.309017, 0.0, 0.0, 0.0, 0.0, 1.0 ], [ -0.5, 0.809017, 0.309017, 0.0, -0.809017, -0.309017, -0.5, 0.0, -0.309017, -0.5, 0.809017, 0.0, 0.0, 0.0, 0.0, 1.0 ], [ 0.309017, 0.5, -0.809017, 0.0, 0.5, -0.809017, -0.309017, 0.0, -0.809017, -0.309017, -0.5, 0.0, 0.0, 0.0, 0.0, 1.0 ], [ 0.5, 0.809017, 0.309017, 0.0, -0.809017, 0.309017, 0.5, 0.0, 0.309017, -0.5, 0.809017, 0.0, 0.0, 0.0, 0.0, 1.0 ], [ -0.309017, 0.5, -0.809017, 0.0, -0.5, -0.809017, -0.309017, 0.0, -0.809017, 0.309017, 0.5, 0.0, 0.0, 0.0, 0.0, 1.0 ], [ 0.809017, -0.309017, -0.5, 0.0, 0.309017, -0.5, 0.809017, 0.0, -0.5, -0.809017, -0.309017, 0.0, 0.0, 0.0, 0.0, 1.0 ], [ 0.5, 0.809017, -0.309017, 0.0, -0.809017, 0.309017, -0.5, 0.0, -0.309017, 0.5, 0.809017, 0.0, 0.0, 0.0, 0.0, 1.0 ], [ 0.309017, -0.5, -0.809017, 0.0, -0.5, -0.809017, 0.309017, 0.0, -0.809017, 0.309017, -0.5, 0.0, 0.0, 0.0, 0.0, 1.0 ], [ 0.809017, -0.309017, 0.5, 0.0, -0.309017, 0.5, 0.809017, 0.0, -0.5, -0.809017, 0.309017, 0.0, 0.0, 0.0, 0.0, 1.0 ], [ 0.809017, 0.309017, -0.5, 0.0, -0.309017, -0.5, -0.809017, 0.0, -0.5, 0.809017, -0.309017, 0.0, 0.0, 0.0, 0.0, 1.0 ], [ 0.5, -0.809017, 0.309017, 0.0, -0.809017, -0.309017, 0.5, 0.0, -0.309017, -0.5, -0.809017, 0.0, 0.0, 0.0, 0.0, 1.0 ], [ 0.309017, 0.5, 0.809017, 0.0, -0.5, 0.809017, -0.309017, 0.0, -0.809017, -0.309017, 0.5, 0.0, 0.0, 0.0, 0.0, 1.0 ], [ -1.0, 0.0, 0.0, 0.0, 0.0, -1.0, 0.0, 0.0, 0.0, 0.0, 1.0, 0.0, 0.0, 0.0, 0.0, 1.0 ], [ 0.0, 0.0, -1.0, 0.0, -1.0, 0.0, 0.0, 0.0, 0.0, 1.0, 0.0, 0.0, 0.0, 0.0, 0.0, 1.0 ], [ 0.0, -1.0, 0.0, 0.0, 0.0, 0.0, -1.0, 0.0, 1.0, 0.0, 0.0, 0.0, 0.0, 0.0, 0.0, 1.0 ], [ -0.809017, -0.309017, -0.5, 0.0, -0.309017, -0.5, 0.809017, 0.0, -0.5, 0.809017, 0.309017, 0.0, 0.0, 0.0, 0.0, 1.0 ], [ 0.5, -0.809017, -0.309017, 0.0, -0.809017, -0.309017, -0.5, 0.0, 0.309017, 0.5, -0.809017, 0.0, 0.0, 0.0, 0.0, 1.0 ], [ -0.309017, -0.5, 0.809017, 0.0, 0.5, -0.809017, -0.309017, 0.0, 0.809017, 0.309017, 0.5, 0.0, 0.0, 0.0, 0.0, 1.0 ], [ -0.5, -0.809017, -0.309017, 0.0, -0.809017, 0.309017, 0.5, 0.0, -0.309017, 0.5, -0.809017, 0.0, 0.0, 0.0, 0.0, 1.0 ], [ 0.309017, -0.5, 0.809017, 0.0, -0.5, -0.809017, -0.309017, 0.0, 0.809017, -0.309017, -0.5, 0.0, 0.0, 0.0, 0.0, 1.0 ], [ -0.809017, 0.309017, 0.5, 0.0, 0.309017, -0.5, 0.809017, 0.0, 0.5, 0.809017, 0.309017, 0.0, 0.0, 0.0, 0.0, 1.0 ], [ -0.5, -0.809017, 0.309017, 0.0, -0.809017, 0.309017, -0.5, 0.0, 0.309017, -0.5, -0.809017, 0.0, 0.0, 0.0, 0.0, 1.0 ], [ -0.309017, 0.5, 0.809017, 0.0, -0.5, -0.809017, 0.309017, 0.0, 0.809017, -0.309017, 0.5, 0.0, 0.0, 0.0, 0.0, 1.0 ], [ -0.809017, 0.309017, -0.5, 0.0, -0.309017, 0.5, 0.809017, 0.0, 0.5, 0.809017, -0.309017, 0.0, 0.0, 0.0, 0.0, 1.0 ], [ -0.809017, -0.309017, 0.5, 0.0, -0.309017, -0.5, -0.809017, 0.0, 0.5, -0.809017, 0.309017, 0.0, 0.0, 0.0, 0.0, 1.0 ], [ -0.5, 0.809017, -0.309017, 0.0, -0.809017, -0.309017, 0.5, 0.0, 0.309017, 0.5, 0.809017, 0.0, 0.0, 0.0, 0.0, 1.0 ], [ -0.309017, -0.5, -0.809017, 0.0, -0.5, 0.809017, -0.309017, 0.0, 0.809017, 0.309017, -0.5, 0.0, 0.0, 0.0, 0.0, 1.0 ], [ -1.0, 0.0, 0.0, 0.0, 0.0, 1.0, 0.0, 0.0, 0.0, 0.0, -1.0, 0.0, 0.0, 0.0, 0.0, 1.0 ], [ 0.0, 0.0, -1.0, 0.0, 1.0, 0.0, 0.0, 0.0, 0.0, -1.0, 0.0, 0.0, 0.0, 0.0, 0.0, 1.0 ], [ 0.0, -1.0, 0.0, 0.0, 0.0, 0.0, 1.0, 0.0, -1.0, 0.0, 0.0, 0.0, 0.0, 0.0, 0.0, 1.0 ], [ -0.809017, -0.309017, -0.5, 0.0, 0.309017, 0.5, -0.809017, 0.0, 0.5, -0.809017, -0.309017, 0.0, 0.0, 0.0, 0.0, 1.0 ], [ 0.5, -0.809017, -0.309017, 0.0, 0.809017, 0.309017, 0.5, 0.0, -0.309017, -0.5, 0.809017, 0.0, 0.0, 0.0, 0.0, 1.0 ], [ -0.309017, -0.5, 0.809017, 0.0, -0.5, 0.809017, 0.309017, 0.0, -0.809017, -0.309017, -0.5, 0.0, 0.0, 0.0, 0.0, 1.0 ], [ -0.5, -0.809017, -0.309017, 0.0, 0.809017, -0.309017, -0.5, 0.0, 0.309017, -0.5, 0.809017, 0.0, 0.0, 0.0, 0.0, 1.0 ], [ 0.309017, -0.5, 0.809017, 0.0, 0.5, 0.809017, 0.309017, 0.0, -0.809017, 0.309017, 0.5, 0.0, 0.0, 0.0, 0.0, 1.0 ], [ -0.809017, 0.309017, 0.5, 0.0, -0.309017, 0.5, -0.809017, 0.0, -0.5, -0.809017, -0.309017, 0.0, 0.0, 0.0, 0.0, 1.0 ], [ -0.5, -0.809017, 0.309017, 0.0, 0.809017, -0.309017, 0.5, 0.0, -0.309017, 0.5, 0.809017, 0.0, 0.0, 0.0, 0.0, 1.0 ], [ -0.309017, 0.5, 0.809017, 0.0, 0.5, 0.809017, -0.309017, 0.0, -0.809017, 0.309017, -0.5, 0.0, 0.0, 0.0, 0.0, 1.0 ], [ -0.809017, 0.309017, -0.5, 0.0, 0.309017, -0.5, -0.809017, 0.0, -0.5, -0.809017, 0.309017, 0.0, 0.0, 0.0, 0.0, 1.0 ], [ -0.809017, -0.309017, 0.5, 0.0, 0.309017, 0.5, 0.809017, 0.0, -0.5, 0.809017, -0.309017, 0.0, 0.0, 0.0, 0.0, 1.0 ], [ -0.5, 0.809017, -0.309017, 0.0, 0.809017, 0.309017, -0.5, 0.0, -0.309017, -0.5, -0.809017, 0.0, 0.0, 0.0, 0.0, 1.0 ], [ -0.309017, -0.5, -0.809017, 0.0, 0.5, -0.809017, 0.309017, 0.0, -0.809017, -0.309017, 0.5, 0.0, 0.0, 0.0, 0.0, 1.0 ] ],
  "lights" : {
    "directionalLights" : [ {
      "direction" : [ 1.0, -1.0, -1.0 ],
      "color" : "#EBEBE4"
    }, {
      "direction" : [ -1.0, 0.0, 0.0 ],
      "color" : "#E4E4EB"
    }, {
      "direction" : [ 0.0, 0.0, -1.0 ],
      "color" : "#1E1E1E"
    } ],
    "ambientColor" : "#292929",
    "backgroundColor" : "#AFC8DC"
  },
  "camera" : {
    "width" : 240.0,
    "position" : {
      "x" : 108.14067,
      "y" : 84.10941,
      "z" : 197.05635
    },
    "perspective" : true,
    "fieldOfView" : 0.9272952,
    "lookDirectionRV" : {
      "x" : -0.45058614,
      "y" : -0.35045588,
      "z" : -0.8210681,
      "zero" : false
    },
    "upDirectionRV" : {
      "x" : -0.16860352,
      "y" : 0.9365792,
      "z" : -0.3072331,
      "zero" : false
    },
    "lookAtPointRV" : {
      "x" : 0.0,
      "y" : 0.0,
      "z" : 0.0,
      "zero" : true
    },
    "viewDistance" : 240.0,
    "nearClipDistance" : 1.2,
    "lookDirection" : {
      "x" : -0.45058614,
      "y" : -0.35045588,
      "z" : -0.8210681
    },
    "upDirection" : {
      "x" : -0.16860352,
      "y" : 0.9365792,
      "z" : -0.3072331
    },
    "lookAtPoint" : {
      "x" : 0.0,
      "y" : 0.0,
      "z" : 0.0
    },
    "farClipDistance" : 960.0,
    "stereo" : false
  },
  "embedding" : [ 1.0, 0.0, 0.0, 0.0, 0.0, 1.0, 0.0, 0.0, 0.0, 0.0, 1.0, 0.0, 0.0, 0.0, 0.0, 1.0 ],
  "shapes" : [ {
    "id" : "06332bc2-0faf-4574-b27d-4bc315fbe50b",
    "orbit" : "green",
    "orbitC" : "[[2,-1,1],[5,-3,1]]",
    "length" : "[\"1\",\"1\",\"1\"]",
    "name" : "g3",
    "vertices" : [ {
      "x" : 27.320917,
      "y" : 10.2446785,
      "z" : -4.104102
    }, {
      "x" : 28.343458,
      "y" : 10.281153,
      "z" : -4.236068
    }, {
      "x" : 27.320917,
      "y" : 10.2446785,
      "z" : -3.722136
    }, {
      "x" : 27.129932,
      "y" : 10.553696,
      "z" : -4.222136
    }, {
      "x" : 27.129932,
      "y" : 10.553696,
      "z" : -3.84017
    }, {
      "x" : 0.809017,
      "y" : 0.618034,
      "z" : 0.309017
    }, {
      "x" : 1.0,
      "y" : 0.309017,
      "z" : 0.19098301
    }, {
      "x" : 1.9045085,
      "y" : 0.5364745,
      "z" : -0.013932022
    }, {
      "x" : 28.034441,
      "y" : 10.781153,
      "z" : -4.427051
    }, {
      "x" : 28.225426,
      "y" : 10.472136,
      "z" : -4.545085
    }, {
      "x" : 28.225426,
      "y" : 10.472136,
      "z" : -3.927051
    }, {
      "x" : 28.034441,
      "y" : 10.781153,
      "z" : -4.045085
    }, {
      "x" : 1.7135255,
      "y" : 0.8454915,
      "z" : -0.13196601
    }, {
      "x" : 0.690983,
      "y" : 0.809017,
      "z" : 0.0
    }, {
      "x" : 1.9045085,
      "y" : 0.5364745,
      "z" : -0.39589804
    }, {
      "x" : 1.7135255,
      "y" : 0.8454915,
      "z" : -0.51393205
    }, {
      "x" : 0.809017,
      "y" : 0.618034,
      "z" : -0.309017
    }, {
      "x" : 1.0,
      "y" : 0.309017,
      "z" : -0.19098301
    }, {
      "x" : 29.034441,
      "y" : 11.09017,
      "z" : -4.236068
    } ],
    "faces" : [ {
      "vertices" : [ 0, 14, 15, 3 ]
    }, {
      "vertices" : [ 3, 15, 12, 4 ]
    }, {
      "vertices" : [ 0, 1, 2 ]
    }, {
      "vertices" : [ 12, 15, 13 ]
    }, {
      "vertices" : [ 0, 9, 1 ]
    }, {
      "vertices" : [ 0, 3, 9 ]
    }, {
      "vertices" : [ 13, 15, 16 ]
    }, {
      "vertices" : [ 6, 17, 14, 7 ]
    }, {
      "vertices" : [ 1, 10, 2 ]
    }, {
      "vertices" : [ 5, 6, 7 ]
    }, {
      "vertices" : [ 3, 8, 9 ]
    }, {
      "vertices" : [ 0, 2, 7, 14 ]
    }, {
      "vertices" : [ 5, 7, 12 ]
    }, {
      "vertices" : [ 2, 4, 12, 7 ]
    }, {
      "vertices" : [ 3, 4, 11, 8 ]
    }, {
      "vertices" : [ 2, 10, 11, 4 ]
    }, {
      "vertices" : [ 5, 12, 13 ]
    }, {
      "vertices" : [ 14, 17, 16, 15 ]
    } ]
  }, {
    "id" : "e257e523-1d1b-4152-b341-3f042179efd1",
    "orbit" : "blue",
    "orbitC" : "[[0,0,1],[0,0,1]]",
    "length" : "[\"1\",\"1\",\"1\"]",
    "name" : "b3",
    "vertices" : [ {
      "x" : 21.18034,
      "y" : 0.309017,
      "z" : 0.19098301
    }, {
      "x" : 21.18034,
      "y" : 0.309017,
      "z" : -0.19098301
    }, {
      "x" : 1.0,
      "y" : 0.309017,
      "z" : -0.19098301
    }, {
      "x" : 1.0,
      "y" : 0.309017,
      "z" : 0.19098301
    }, {
      "x" : 21.18034,
      "y" : -0.309017,
      "z" : 0.19098301
    }, {
      "x" : 1.0,
      "y" : -0.309017,
      "z" : 0.19098301
    }, {
      "x" : 1.0,
      "y" : -0.309017,
      "z" : -0.19098301
    }, {
      "x" : 21.18034,
      "y" : -0.309017,
      "z" : -0.19098301
    }, {
      "x" : 22.18034,
      "y" : 0.0,
      "z" : 0.0
    } ],
    "faces" : [ {
      "vertices" : [ 1, 7, 6, 2 ]
    }, {
      "vertices" : [ 0, 1, 2, 3 ]
    }, {
      "vertices" : [ 4, 5, 6, 7 ]
    }, {
      "vertices" : [ 0, 3, 5, 4 ]
    } ]
  }, {
    "id" : "5e060786-5d3d-41a3-ac7c-87a144ea2023",
    "orbit" : "blue",
    "orbitC" : "[[0,0,1],[0,0,1]]",
    "length" : "[\"1\",\"2\",\"1\"]",
    "name" : " :1 +2*phi",
    "vertices" : [ {
      "x" : 34.888542,
      "y" : 0.309017,
      "z" : 0.19098301
    }, {
      "x" : 34.888542,
      "y" : 0.309017,
      "z" : -0.19098301
    }, {
      "x" : 1.0,
      "y" : 0.309017,
      "z" : -0.19098301
    }, {
      "x" : 1.0,
      "y" : 0.309017,
      "z" : 0.19098301
    }, {
      "x" : 34.888542,
      "y" : -0.309017,
      "z" : 0.19098301
    }, {
      "x" : 1.0,
      "y" : -0.309017,
      "z" : 0.19098301
    }, {
      "x" : 1.0,
      "y" : -0.309017,
      "z" : -0.19098301
    }, {
      "x" : 34.888542,
      "y" : -0.309017,
      "z" : -0.19098301
    }, {
      "x" : 35.888542,
      "y" : 0.0,
      "z" : 0.0
    } ],
    "faces" : [ {
      "vertices" : [ 1, 7, 6, 2 ]
    }, {
      "vertices" : [ 0, 1, 2, 3 ]
    }, {
      "vertices" : [ 4, 5, 6, 7 ]
    }, {
      "vertices" : [ 0, 3, 5, 4 ]
    } ]
  }, {
    "id" : "994d75f6-384e-42cf-8289-6ba4c38d609b",
    "orbit" : "blue",
    "orbitC" : "[[0,0,1],[0,0,1]]",
    "length" : "[\"0\",\"1\",\"1\"]",
    "name" : "b2",
    "vertices" : [ {
      "x" : 12.708204,
      "y" : 0.309017,
      "z" : 0.19098301
    }, {
      "x" : 12.708204,
      "y" : 0.309017,
      "z" : -0.19098301
    }, {
      "x" : 1.0,
      "y" : 0.309017,
      "z" : -0.19098301
    }, {
      "x" : 1.0,
      "y" : 0.309017,
      "z" : 0.19098301
    }, {
      "x" : 12.708204,
      "y" : -0.309017,
      "z" : 0.19098301
    }, {
      "x" : 1.0,
      "y" : -0.309017,
      "z" : 0.19098301
    }, {
      "x" : 1.0,
      "y" : -0.309017,
      "z" : -0.19098301
    }, {
      "x" : 12.708204,
      "y" : -0.309017,
      "z" : -0.19098301
    }, {
      "x" : 13.708204,
      "y" : 0.0,
      "z" : 0.0
    } ],
    "faces" : [ {
      "vertices" : [ 1, 7, 6, 2 ]
    }, {
      "vertices" : [ 0, 1, 2, 3 ]
    }, {
      "vertices" : [ 4, 5, 6, 7 ]
    }, {
      "vertices" : [ 0, 3, 5, 4 ]
    } ]
  }, {
    "id" : "b16e08fb-0af8-462d-80dc-d94c8aa29138",
    "name" : "ball",
    "vertices" : [ {
      "x" : 0.309017,
      "y" : -0.809017,
      "z" : 0.618034
    }, {
      "x" : 0.809017,
      "y" : -0.618034,
      "z" : 0.309017
    }, {
      "x" : 0.618034,
      "y" : -0.309017,
      "z" : 0.809017
    }, {
      "x" : 1.0,
      "y" : 0.309017,
      "z" : 0.19098301
    }, {
      "x" : 0.809017,
      "y" : 0.618034,
      "z" : 0.309017
    }, {
      "x" : 0.618034,
      "y" : 0.309017,
      "z" : 0.809017
    }, {
      "x" : 0.809017,
      "y" : 0.0,
      "z" : 0.690983
    }, {
      "x" : 0.19098301,
      "y" : -1.0,
      "z" : 0.309017
    }, {
      "x" : -0.19098301,
      "y" : -1.0,
      "z" : 0.309017
    }, {
      "x" : -0.19098301,
      "y" : -1.0,
      "z" : -0.309017
    }, {
      "x" : 0.19098301,
      "y" : -1.0,
      "z" : -0.309017
    }, {
      "x" : 1.0,
      "y" : -0.309017,
      "z" : -0.19098301
    }, {
      "x" : 0.809017,
      "y" : -0.618034,
      "z" : -0.309017
    }, {
      "x" : 0.618034,
      "y" : -0.309017,
      "z" : -0.809017
    }, {
      "x" : 0.809017,
      "y" : 0.0,
      "z" : -0.690983
    }, {
      "x" : 0.0,
      "y" : 0.690983,
      "z" : -0.809017
    }, {
      "x" : 0.309017,
      "y" : 0.809017,
      "z" : -0.618034
    }, {
      "x" : 0.618034,
      "y" : 0.309017,
      "z" : -0.809017
    }, {
      "x" : 0.309017,
      "y" : 0.19098301,
      "z" : -1.0
    }, {
      "x" : 1.0,
      "y" : 0.309017,
      "z" : -0.19098301
    }, {
      "x" : -0.309017,
      "y" : -0.809017,
      "z" : 0.618034
    }, {
      "x" : 0.0,
      "y" : -0.690983,
      "z" : 0.809017
    }, {
      "x" : 0.809017,
      "y" : 0.618034,
      "z" : -0.309017
    }, {
      "x" : 0.690983,
      "y" : 0.809017,
      "z" : 0.0
    }, {
      "x" : -0.690983,
      "y" : 0.809017,
      "z" : 0.0
    }, {
      "x" : -0.809017,
      "y" : 0.618034,
      "z" : 0.309017
    }, {
      "x" : -0.309017,
      "y" : 0.809017,
      "z" : 0.618034
    }, {
      "x" : -0.19098301,
      "y" : 1.0,
      "z" : 0.309017
    }, {
      "x" : 0.309017,
      "y" : -0.19098301,
      "z" : -1.0
    }, {
      "x" : 0.19098301,
      "y" : 1.0,
      "z" : 0.309017
    }, {
      "x" : 0.309017,
      "y" : 0.809017,
      "z" : 0.618034
    }, {
      "x" : -0.809017,
      "y" : -0.618034,
      "z" : 0.309017
    }, {
      "x" : -0.690983,
      "y" : -0.809017,
      "z" : 0.0
    }, {
      "x" : 0.0,
      "y" : 0.690983,
      "z" : 0.809017
    }, {
      "x" : 0.309017,
      "y" : -0.809017,
      "z" : -0.618034
    }, {
      "x" : 0.0,
      "y" : -0.690983,
      "z" : -0.809017
    }, {
      "x" : -1.0,
      "y" : 0.309017,
      "z" : 0.19098301
    }, {
      "x" : -0.809017,
      "y" : 0.0,
      "z" : 0.690983
    }, {
      "x" : -0.618034,
      "y" : 0.309017,
      "z" : 0.809017
    }, {
      "x" : 1.0,
      "y" : -0.309017,
      "z" : 0.19098301
    }, {
      "x" : -0.309017,
      "y" : -0.809017,
      "z" : -0.618034
    }, {
      "x" : -1.0,
      "y" : 0.309017,
      "z" : -0.19098301
    }, {
      "x" : -1.0,
      "y" : -0.309017,
      "z" : -0.19098301
    }, {
      "x" : -1.0,
      "y" : -0.309017,
      "z" : 0.19098301
    }, {
      "x" : 0.19098301,
      "y" : 1.0,
      "z" : -0.309017
    }, {
      "x" : -0.809017,
      "y" : 0.618034,
      "z" : -0.309017
    }, {
      "x" : -0.19098301,
      "y" : 1.0,
      "z" : -0.309017
    }, {
      "x" : -0.309017,
      "y" : 0.809017,
      "z" : -0.618034
    }, {
      "x" : -0.618034,
      "y" : -0.309017,
      "z" : 0.809017
    }, {
      "x" : 0.309017,
      "y" : 0.19098301,
      "z" : 1.0
    }, {
      "x" : -0.309017,
      "y" : 0.19098301,
      "z" : -1.0
    }, {
      "x" : -0.309017,
      "y" : 0.19098301,
      "z" : 1.0
    }, {
      "x" : -0.309017,
      "y" : -0.19098301,
      "z" : 1.0
    }, {
      "x" : 0.309017,
      "y" : -0.19098301,
      "z" : 1.0
    }, {
      "x" : 0.690983,
      "y" : -0.809017,
      "z" : 0.0
    }, {
      "x" : -0.809017,
      "y" : 0.0,
      "z" : -0.690983
    }, {
      "x" : -0.618034,
      "y" : -0.309017,
      "z" : -0.809017
    }, {
      "x" : -0.309017,
      "y" : -0.19098301,
      "z" : -1.0
    }, {
      "x" : -0.618034,
      "y" : 0.309017,
      "z" : -0.809017
    }, {
      "x" : -0.809017,
      "y" : -0.618034,
      "z" : -0.309017
    } ],
    "faces" : [ {
      "vertices" : [ 9, 40, 35, 34, 10 ]
    }, {
      "vertices" : [ 0, 1, 2 ]
    }, {
      "vertices" : [ 33, 51, 49 ]
    }, {
      "vertices" : [ 25, 36, 37, 38 ]
    }, {
      "vertices" : [ 41, 55, 42 ]
    }, {
      "vertices" : [ 9, 32, 59, 40 ]
    }, {
      "vertices" : [ 20, 21, 52, 48 ]
    }, {
      "vertices" : [ 26, 33, 30, 29, 27 ]
    }, {
      "vertices" : [ 3, 4, 5, 6 ]
    }, {
      "vertices" : [ 27, 29, 44, 46 ]
    }, {
      "vertices" : [ 50, 57, 56, 55, 58 ]
    }, {
      "vertices" : [ 26, 38, 51, 33 ]
    }, {
      "vertices" : [ 45, 47, 58 ]
    }, {
      "vertices" : [ 18, 28, 57, 50 ]
    }, {
      "vertices" : [ 40, 59, 56 ]
    }, {
      "vertices" : [ 31, 48, 37, 43 ]
    }, {
      "vertices" : [ 7, 8, 9, 10 ]
    }, {
      "vertices" : [ 36, 41, 42, 43 ]
    }, {
      "vertices" : [ 24, 46, 47, 45 ]
    }, {
      "vertices" : [ 4, 30, 5 ]
    }, {
      "vertices" : [ 15, 47, 46, 44, 16 ]
    }, {
      "vertices" : [ 15, 50, 58, 47 ]
    }, {
      "vertices" : [ 24, 45, 41, 36, 25 ]
    }, {
      "vertices" : [ 11, 14, 19 ]
    }, {
      "vertices" : [ 3, 6, 39 ]
    }, {
      "vertices" : [ 1, 39, 6, 2 ]
    }, {
      "vertices" : [ 8, 32, 9 ]
    }, {
      "vertices" : [ 11, 12, 13, 14 ]
    }, {
      "vertices" : [ 16, 22, 17 ]
    }, {
      "vertices" : [ 0, 21, 20, 8, 7 ]
    }, {
      "vertices" : [ 12, 34, 13 ]
    }, {
      "vertices" : [ 35, 40, 56, 57 ]
    }, {
      "vertices" : [ 0, 7, 54, 1 ]
    }, {
      "vertices" : [ 15, 16, 17, 18 ]
    }, {
      "vertices" : [ 3, 19, 22, 23, 4 ]
    }, {
      "vertices" : [ 7, 10, 54 ]
    }, {
      "vertices" : [ 41, 45, 58, 55 ]
    }, {
      "vertices" : [ 3, 39, 11, 19 ]
    }, {
      "vertices" : [ 14, 17, 22, 19 ]
    }, {
      "vertices" : [ 0, 2, 53, 21 ]
    }, {
      "vertices" : [ 49, 51, 52, 53 ]
    }, {
      "vertices" : [ 31, 43, 42, 59, 32 ]
    }, {
      "vertices" : [ 15, 18, 50 ]
    }, {
      "vertices" : [ 42, 55, 56, 59 ]
    }, {
      "vertices" : [ 4, 23, 29, 30 ]
    }, {
      "vertices" : [ 25, 38, 26 ]
    }, {
      "vertices" : [ 13, 28, 18, 17, 14 ]
    }, {
      "vertices" : [ 8, 20, 31, 32 ]
    }, {
      "vertices" : [ 23, 44, 29 ]
    }, {
      "vertices" : [ 24, 27, 46 ]
    }, {
      "vertices" : [ 37, 48, 52, 51, 38 ]
    }, {
      "vertices" : [ 20, 48, 31 ]
    }, {
      "vertices" : [ 24, 25, 26, 27 ]
    }, {
      "vertices" : [ 16, 44, 23, 22 ]
    }, {
      "vertices" : [ 13, 34, 35, 28 ]
    }, {
      "vertices" : [ 10, 34, 12, 54 ]
    }, {
      "vertices" : [ 2, 6, 5, 49, 53 ]
    }, {
      "vertices" : [ 36, 43, 37 ]
    }, {
      "vertices" : [ 5, 30, 33, 49 ]
    }, {
      "vertices" : [ 1, 54, 12, 11, 39 ]
    }, {
      "vertices" : [ 28, 35, 57 ]
    }, {
      "vertices" : [ 21, 53, 52 ]
    } ]
  } ],
  "instances" : [ {
    "shape" : "06332bc2-0faf-4574-b27d-4bc315fbe50b",
    "color" : "#00993F",
    "position" : {
      "x" : -6.854102,
      "y" : 0.0,
      "z" : 11.09017
    },
    "orientation" : 11
  }, {
    "shape" : "e257e523-1d1b-4152-b341-3f042179efd1",
    "color" : "#008EC2",
    "position" : {
      "x" : -6.854102,
      "y" : -22.18034,
      "z" : 24.798374
    },
    "orientation" : 26
  }, {
    "shape" : "5e060786-5d3d-41a3-ac7c-87a144ea2023",
    "color" : "#008EC2",
    "position" : {
      "x" : 6.854102,
      "y" : 0.0,
      "z" : 24.798374
    },
    "orientation" : 25
  }, {
    "shape" : "e257e523-1d1b-4152-b341-3f042179efd1",
    "color" : "#008EC2",
    "position" : {
      "x" : 6.854102,
      "y" : 22.18034,
      "z" : 11.09017
    },
    "orientation" : 47
  }, {
    "shape" : "06332bc2-0faf-4574-b27d-4bc315fbe50b",
    "color" : "#00993F",
    "position" : {
      "x" : -6.854102,
      "y" : -22.18034,
      "z" : -11.09017
    },
    "orientation" : 52
  }, {
    "shape" : "994d75f6-384e-42cf-8289-6ba4c38d609b",
    "color" : "#008EC2",
    "position" : {
      "x" : 0.0,
      "y" : -24.798374,
      "z" : -15.326238
    },
    "orientation" : 9
  }, {
    "shape" : "5e060786-5d3d-41a3-ac7c-87a144ea2023",
    "color" : "#008EC2",
    "position" : {
      "x" : 6.854102,
      "y" : 0.0,
      "z" : -24.798374
    },
    "orientation" : 7
  }, {
    "shape" : "5e060786-5d3d-41a3-ac7c-87a144ea2023",
    "color" : "#008EC2",
    "position" : {
      "x" : 6.854102,
      "y" : -22.18034,
      "z" : 11.09017
    },
    "orientation" : 1
  }, {
    "shape" : "5e060786-5d3d-41a3-ac7c-87a144ea2023",
    "color" : "#008EC2",
    "position" : {
      "x" : 17.944271,
      "y" : 40.12461,
      "z" : 17.944271
    },
    "orientation" : 24
  }, {
    "shape" : "e257e523-1d1b-4152-b341-3f042179efd1",
    "color" : "#008EC2",
    "position" : {
      "x" : -17.944271,
      "y" : 40.12461,
      "z" : 17.944271
    },
    "orientation" : 24
  }, {
    "shape" : "e257e523-1d1b-4152-b341-3f042179efd1",
    "color" : "#008EC2",
    "position" : {
      "x" : 17.944271,
      "y" : 4.236068,
      "z" : 17.944271
    },
    "orientation" : 36
  }, {
    "shape" : "06332bc2-0faf-4574-b27d-4bc315fbe50b",
    "color" : "#00993F",
    "position" : {
      "x" : -17.944271,
      "y" : 17.944271,
      "z" : -40.12461
    },
    "orientation" : 18
  }, {
    "shape" : "e257e523-1d1b-4152-b341-3f042179efd1",
    "color" : "#008EC2",
    "position" : {
      "x" : 6.854102,
      "y" : 22.18034,
      "z" : -11.09017
    },
    "orientation" : 37
  }, {
    "shape" : "e257e523-1d1b-4152-b341-3f042179efd1",
    "color" : "#008EC2",
    "position" : {
      "x" : -11.09017,
      "y" : 29.034441,
      "z" : 0.0
    },
    "orientation" : 47
  }, {
    "shape" : "06332bc2-0faf-4574-b27d-4bc315fbe50b",
    "color" : "#00993F",
    "position" : {
      "x" : 11.09017,
      "y" : -29.034441,
      "z" : 0.0
    },
    "orientation" : 1
  }, {
    "shape" : "e257e523-1d1b-4152-b341-3f042179efd1",
    "color" : "#008EC2",
    "position" : {
      "x" : -40.12461,
      "y" : 17.944271,
      "z" : 17.944271
    },
    "orientation" : 23
  }, {
    "shape" : "e257e523-1d1b-4152-b341-3f042179efd1",
    "color" : "#008EC2",
    "position" : {
      "x" : -22.18034,
      "y" : -11.09017,
      "z" : -29.034441
    },
    "orientation" : 0
  }, {
    "shape" : "e257e523-1d1b-4152-b341-3f042179efd1",
    "color" : "#008EC2",
    "position" : {
      "x" : -17.944271,
      "y" : 4.236068,
      "z" : -17.944271
    },
    "orientation" : 51
  }, {
    "shape" : "06332bc2-0faf-4574-b27d-4bc315fbe50b",
    "color" : "#00993F",
    "position" : {
      "x" : -17.944271,
      "y" : 4.236068,
      "z" : -17.944271
    },
    "orientation" : 43
  }, {
    "shape" : "994d75f6-384e-42cf-8289-6ba4c38d609b",
    "color" : "#008EC2",
    "position" : {
      "x" : -17.944271,
      "y" : 17.944271,
      "z" : 17.944271
    },
    "orientation" : 6
  }, {
    "shape" : "e257e523-1d1b-4152-b341-3f042179efd1",
    "color" : "#008EC2",
    "position" : {
      "x" : -11.09017,
      "y" : 29.034441,
      "z" : 22.18034
    },
    "orientation" : 0
  }, {
    "shape" : "994d75f6-384e-42cf-8289-6ba4c38d609b",
    "color" : "#008EC2",
    "position" : {
      "x" : 17.944271,
      "y" : -17.944271,
      "z" : 4.236068
    },
    "orientation" : 1
  }, {
    "shape" : "5e060786-5d3d-41a3-ac7c-87a144ea2023",
    "color" : "#008EC2",
    "position" : {
      "x" : -35.888542,
      "y" : 11.09017,
      "z" : -29.034441
    },
    "orientation" : 24
  }, {
    "shape" : "e257e523-1d1b-4152-b341-3f042179efd1",
    "color" : "#008EC2",
    "position" : {
      "x" : -4.236068,
      "y" : 17.944271,
      "z" : -17.944271
    },
    "orientation" : 8
  }, {
    "shape" : "994d75f6-384e-42cf-8289-6ba4c38d609b",
    "color" : "#008EC2",
    "position" : {
      "x" : 29.034441,
      "y" : -13.708204,
      "z" : 11.09017
    },
    "orientation" : 55
  }, {
    "shape" : "5e060786-5d3d-41a3-ac7c-87a144ea2023",
    "color" : "#008EC2",
    "position" : {
      "x" : -29.034441,
      "y" : -22.18034,
      "z" : 11.09017
    },
    "orientation" : 1
  }, {
    "shape" : "06332bc2-0faf-4574-b27d-4bc315fbe50b",
    "color" : "#00993F",
    "position" : {
      "x" : -17.944271,
      "y" : 4.236068,
      "z" : -17.944271
    },
    "orientation" : 5
  }, {
    "shape" : "994d75f6-384e-42cf-8289-6ba4c38d609b",
    "color" : "#008EC2",
    "position" : {
      "x" : 4.236068,
      "y" : -17.944271,
      "z" : 4.236068
    },
    "orientation" : 24
  }, {
    "shape" : "994d75f6-384e-42cf-8289-6ba4c38d609b",
    "color" : "#008EC2",
    "position" : {
      "x" : 17.944271,
      "y" : -17.944271,
      "z" : 17.944271
    },
    "orientation" : 10
  }, {
    "shape" : "994d75f6-384e-42cf-8289-6ba4c38d609b",
    "color" : "#008EC2",
    "position" : {
      "x" : 0.0,
      "y" : 24.798374,
      "z" : -15.326238
    },
    "orientation" : 9
  }, {
    "shape" : "e257e523-1d1b-4152-b341-3f042179efd1",
    "color" : "#008EC2",
    "position" : {
      "x" : -22.18034,
      "y" : 11.09017,
      "z" : 29.034441
    },
    "orientation" : 9
  }, {
    "shape" : "994d75f6-384e-42cf-8289-6ba4c38d609b",
    "color" : "#008EC2",
    "position" : {
      "x" : 29.034441,
      "y" : 0.0,
      "z" : -24.798374
    },
    "orientation" : 24
  }, {
    "shape" : "06332bc2-0faf-4574-b27d-4bc315fbe50b",
    "color" : "#00993F",
    "position" : {
      "x" : -29.034441,
      "y" : -35.888542,
      "z" : 11.09017
    },
    "orientation" : 0
  }, {
    "shape" : "e257e523-1d1b-4152-b341-3f042179efd1",
    "color" : "#008EC2",
    "position" : {
      "x" : 17.944271,
      "y" : 4.236068,
      "z" : 4.236068
    },
    "orientation" : 23
  }, {
    "shape" : "06332bc2-0faf-4574-b27d-4bc315fbe50b",
    "color" : "#00993F",
    "position" : {
      "x" : 4.236068,
      "y" : -17.944271,
      "z" : -4.236068
    },
    "orientation" : 3
  }, {
    "shape" : "06332bc2-0faf-4574-b27d-4bc315fbe50b",
    "color" : "#00993F",
    "position" : {
      "x" : 11.09017,
      "y" : 6.854102,
      "z" : 22.18034
    },
    "orientation" : 58
  }, {
    "shape" : "5e060786-5d3d-41a3-ac7c-87a144ea2023",
    "color" : "#008EC2",
    "position" : {
      "x" : -24.798374,
      "y" : 6.854102,
      "z" : 22.18034
    },
    "orientation" : 26
  }, {
    "shape" : "06332bc2-0faf-4574-b27d-4bc315fbe50b",
    "color" : "#00993F",
    "position" : {
      "x" : 11.09017,
      "y" : -6.854102,
      "z" : 0.0
    },
    "orientation" : 49
  }, {
    "shape" : "06332bc2-0faf-4574-b27d-4bc315fbe50b",
    "color" : "#00993F",
    "position" : {
      "x" : 0.0,
      "y" : 24.798374,
      "z" : -6.854102
    },
    "orientation" : 43
  }, {
    "shape" : "06332bc2-0faf-4574-b27d-4bc315fbe50b",
    "color" : "#00993F",
    "position" : {
      "x" : -11.09017,
      "y" : 29.034441,
      "z" : 22.18034
    },
    "orientation" : 25
  }, {
    "shape" : "06332bc2-0faf-4574-b27d-4bc315fbe50b",
    "color" : "#00993F",
    "position" : {
      "x" : 11.09017,
      "y" : 15.326238,
      "z" : 0.0
    },
    "orientation" : 29
  }, {
    "shape" : "994d75f6-384e-42cf-8289-6ba4c38d609b",
    "color" : "#008EC2",
    "position" : {
      "x" : -2.618034,
      "y" : 6.854102,
      "z" : 0.0
    },
    "orientation" : 24
  }, {
    "shape" : "e257e523-1d1b-4152-b341-3f042179efd1",
    "color" : "#008EC2",
    "position" : {
      "x" : 11.09017,
      "y" : -6.854102,
      "z" : -13.708204
    },
    "orientation" : 21
  }, {
    "shape" : "994d75f6-384e-42cf-8289-6ba4c38d609b",
    "color" : "#008EC2",
    "position" : {
      "x" : 6.854102,
      "y" : 0.0,
      "z" : 11.09017
    },
    "orientation" : 11
  }, {
    "shape" : "06332bc2-0faf-4574-b27d-4bc315fbe50b",
    "color" : "#00993F",
    "position" : {
      "x" : 6.854102,
      "y" : 13.708204,
      "z" : -11.09017
    },
    "orientation" : 34
  }, {
    "shape" : "994d75f6-384e-42cf-8289-6ba4c38d609b",
    "color" : "#008EC2",
    "position" : {
      "x" : -29.034441,
      "y" : -13.708204,
      "z" : -11.09017
    },
    "orientation" : 1
  }, {
    "shape" : "e257e523-1d1b-4152-b341-3f042179efd1",
    "color" : "#008EC2",
    "position" : {
      "x" : -6.854102,
      "y" : 22.18034,
      "z" : -11.09017
    },
    "orientation" : 11
  }, {
    "shape" : "5e060786-5d3d-41a3-ac7c-87a144ea2023",
    "color" : "#008EC2",
    "position" : {
      "x" : -17.944271,
      "y" : 17.944271,
      "z" : 40.12461
    },
    "orientation" : 52
  }, {
    "shape" : "b16e08fb-0af8-462d-80dc-d94c8aa29138",
    "color" : "#F2F2F2",
    "position" : {
      "x" : 13.708204,
      "y" : -11.09017,
      "z" : 6.854102
    }
  }, {
    "shape" : "06332bc2-0faf-4574-b27d-4bc315fbe50b",
    "color" : "#00993F",
    "position" : {
      "x" : 22.18034,
      "y" : 11.09017,
      "z" : -6.854102
    },
    "orientation" : 58
  }, {
    "shape" : "e257e523-1d1b-4152-b341-3f042179efd1",
    "color" : "#008EC2",
    "position" : {
      "x" : 0.0,
      "y" : 11.09017,
      "z" : -15.326238
    },
    "orientation" : 25
  }, {
    "shape" : "e257e523-1d1b-4152-b341-3f042179efd1",
    "color" : "#008EC2",
    "position" : {
      "x" : -6.854102,
      "y" : 0.0,
      "z" : -11.09017
    },
    "orientation" : 26
  }, {
    "shape" : "e257e523-1d1b-4152-b341-3f042179efd1",
    "color" : "#008EC2",
    "position" : {
      "x" : -17.944271,
      "y" : 17.944271,
      "z" : 4.236068
    },
    "orientation" : 24
  }, {
    "shape" : "994d75f6-384e-42cf-8289-6ba4c38d609b",
    "color" : "#008EC2",
    "position" : {
      "x" : 17.944271,
      "y" : -17.944271,
      "z" : 17.944271
    },
    "orientation" : 55
  }, {
    "shape" : "994d75f6-384e-42cf-8289-6ba4c38d609b",
    "color" : "#008EC2",
    "position" : {
      "x" : -24.798374,
      "y" : 6.854102,
      "z" : 0.0
    },
    "orientation" : 0
  }, {
    "shape" : "06332bc2-0faf-4574-b27d-4bc315fbe50b",
    "color" : "#00993F",
    "position" : {
      "x" : -11.09017,
      "y" : 6.854102,
      "z" : -13.708204
    },
    "orientation" : 27
  }, {
    "shape" : "5e060786-5d3d-41a3-ac7c-87a144ea2023",
    "color" : "#008EC2",
    "position" : {
      "x" : -17.944271,
      "y" : -17.944271,
      "z" : -40.12461
    },
    "orientation" : 11
  }, {
    "shape" : "994d75f6-384e-42cf-8289-6ba4c38d609b",
    "color" : "#008EC2",
    "position" : {
      "x" : -24.798374,
      "y" : 6.854102,
      "z" : 22.18034
    },
    "orientation" : 6
  }, {
    "shape" : "994d75f6-384e-42cf-8289-6ba4c38d609b",
    "color" : "#008EC2",
    "position" : {
      "x" : -29.034441,
      "y" : -22.18034,
      "z" : 11.09017
    },
    "orientation" : 23
  }, {
    "shape" : "e257e523-1d1b-4152-b341-3f042179efd1",
    "color" : "#008EC2",
    "position" : {
      "x" : 0.0,
      "y" : -46.978714,
      "z" : 6.854102
    },
    "orientation" : 11
  }, {
    "shape" : "e257e523-1d1b-4152-b341-3f042179efd1",
    "color" : "#008EC2",
    "position" : {
      "x" : 11.09017,
      "y" : -15.326238,
      "z" : 0.0
    },
    "orientation" : 8
  }, {
    "shape" : "5e060786-5d3d-41a3-ac7c-87a144ea2023",
    "color" : "#008EC2",
    "position" : {
      "x" : 24.798374,
      "y" : 6.854102,
      "z" : 0.0
    },
    "orientation" : 25
  }, {
    "shape" : "06332bc2-0faf-4574-b27d-4bc315fbe50b",
    "color" : "#00993F",
    "position" : {
      "x" : 0.0,
      "y" : -11.09017,
      "z" : 6.854102
    },
    "orientation" : 24
  }, {
    "shape" : "e257e523-1d1b-4152-b341-3f042179efd1",
    "color" : "#008EC2",
    "position" : {
      "x" : -29.034441,
      "y" : -35.888542,
      "z" : 11.09017
    },
    "orientation" : 9
  }, {
    "shape" : "5e060786-5d3d-41a3-ac7c-87a144ea2023",
    "color" : "#008EC2",
    "position" : {
      "x" : -4.236068,
      "y" : 4.236068,
      "z" : -17.944271
    },
    "orientation" : 11
  }, {
    "shape" : "994d75f6-384e-42cf-8289-6ba4c38d609b",
    "color" : "#008EC2",
    "position" : {
      "x" : 17.944271,
      "y" : -17.944271,
      "z" : -4.236068
    },
    "orientation" : 23
  }, {
    "shape" : "06332bc2-0faf-4574-b27d-4bc315fbe50b",
    "color" : "#00993F",
    "position" : {
      "x" : 6.854102,
      "y" : 0.0,
      "z" : -2.618034
    },
    "orientation" : 52
  }, {
    "shape" : "b16e08fb-0af8-462d-80dc-d94c8aa29138",
    "color" : "#F2F2F2",
    "position" : {
      "x" : -11.09017,
      "y" : 29.034441,
      "z" : -22.18034
    }
  }, {
    "shape" : "5e060786-5d3d-41a3-ac7c-87a144ea2023",
    "color" : "#008EC2",
    "position" : {
      "x" : 4.236068,
      "y" : -4.236068,
      "z" : 4.236068
    },
    "orientation" : 6
  }, {
    "shape" : "b16e08fb-0af8-462d-80dc-d94c8aa29138",
    "color" : "#F2F2F2",
    "position" : {
      "x" : 13.708204,
      "y" : 11.09017,
      "z" : 29.034441
    }
  }, {
    "shape" : "994d75f6-384e-42cf-8289-6ba4c38d609b",
    "color" : "#008EC2",
    "position" : {
      "x" : -11.09017,
      "y" : 29.034441,
      "z" : 13.708204
    },
    "orientation" : 23
  }, {
    "shape" : "5e060786-5d3d-41a3-ac7c-87a144ea2023",
    "color" : "#008EC2",
    "position" : {
      "x" : -6.854102,
      "y" : 22.18034,
      "z" : -11.09017
    },
    "orientation" : 26
  }, {
    "shape" : "994d75f6-384e-42cf-8289-6ba4c38d609b",
    "color" : "#008EC2",
    "position" : {
      "x" : 29.034441,
      "y" : 22.18034,
      "z" : -11.09017
    },
    "orientation" : 40
  }, {
    "shape" : "e257e523-1d1b-4152-b341-3f042179efd1",
    "color" : "#008EC2",
    "position" : {
      "x" : 6.854102,
      "y" : 0.0,
      "z" : -11.09017
    },
    "orientation" : 9
  }, {
    "shape" : "994d75f6-384e-42cf-8289-6ba4c38d609b",
    "color" : "#008EC2",
    "position" : {
      "x" : 11.09017,
      "y" : -29.034441,
      "z" : 0.0
    },
    "orientation" : 54
  }, {
    "shape" : "06332bc2-0faf-4574-b27d-4bc315fbe50b",
    "color" : "#00993F",
    "position" : {
      "x" : 0.0,
      "y" : 24.798374,
      "z" : -15.326238
    },
    "orientation" : 43
  }, {
    "shape" : "994d75f6-384e-42cf-8289-6ba4c38d609b",
    "color" : "#008EC2",
    "position" : {
      "x" : -6.854102,
      "y" : -22.18034,
      "z" : -11.09017
    },
    "orientation" : 7
  }, {
    "shape" : "06332bc2-0faf-4574-b27d-4bc315fbe50b",
    "color" : "#00993F",
    "position" : {
      "x" : -4.236068,
      "y" : 17.944271,
      "z" : -17.944271
    },
    "orientation" : 35
  }, {
    "shape" : "b16e08fb-0af8-462d-80dc-d94c8aa29138",
    "color" : "#F2F2F2",
    "position" : {
      "x" : 40.12461,
      "y" : 17.944271,
      "z" : -17.944271
    }
  }, {
    "shape" : "5e060786-5d3d-41a3-ac7c-87a144ea2023",
    "color" : "#008EC2",
    "position" : {
      "x" : -6.854102,
      "y" : 0.0,
      "z" : 2.618034
    },
    "orientation" : 21
  }, {
    "shape" : "06332bc2-0faf-4574-b27d-4bc315fbe50b",
    "color" : "#00993F",
    "position" : {
      "x" : -6.854102,
      "y" : -22.18034,
      "z" : 24.798374
    },
    "orientation" : 1
  }, {
    "shape" : "e257e523-1d1b-4152-b341-3f042179efd1",
    "color" : "#008EC2",
    "position" : {
      "x" : 17.944271,
      "y" : 17.944271,
      "z" : 17.944271
    },
    "orientation" : 2
  }, {
    "shape" : "06332bc2-0faf-4574-b27d-4bc315fbe50b",
    "color" : "#00993F",
    "position" : {
      "x" : -24.798374,
      "y" : -6.854102,
      "z" : -22.18034
    },
    "orientation" : 7
  }, {
    "shape" : "994d75f6-384e-42cf-8289-6ba4c38d609b",
    "color" : "#008EC2",
    "position" : {
      "x" : 22.18034,
      "y" : 11.09017,
      "z" : -6.854102
    },
    "orientation" : 36
  }, {
    "shape" : "06332bc2-0faf-4574-b27d-4bc315fbe50b",
    "color" : "#00993F",
    "position" : {
      "x" : -22.18034,
      "y" : -11.09017,
      "z" : 6.854102
    },
    "orientation" : 23
  }, {
    "shape" : "06332bc2-0faf-4574-b27d-4bc315fbe50b",
    "color" : "#00993F",
    "position" : {
      "x" : 11.09017,
      "y" : -29.034441,
      "z" : -13.708204
    },
    "orientation" : 58
  }, {
    "shape" : "5e060786-5d3d-41a3-ac7c-87a144ea2023",
    "color" : "#008EC2",
    "position" : {
      "x" : 6.854102,
      "y" : 0.0,
      "z" : -24.798374
    },
